0.0000000000000	0.0661168322000	0.0661168322000
0.1679999940600	0.0703172753027	0.0703172753027
0.3359999881200	0.0745177184054	0.0745177184054
0.5039999821700	0.0787181615078	0.0787181615078
0.6719999762300	0.0829186046105	0.0829186046105
0.8399999702900	0.0871190477132	0.0871190477132
1.0079860755000	0.0913191435580	0.0913191435580
1.1759721806000	0.0955192394000	0.0955192394000
1.3440277302000	0.0997210715378	0.0997210715378
1.5120138354000	0.1039211673823	0.1039211673823
1.6799999406000	0.1081212632268	0.1081212632268
1.8479860457000	0.1123213590689	0.1123213590689
2.0159721509000	0.1165214549134	0.1165214549134
2.1840277005000	0.1207232870512	0.1207232870512
2.3520138057000	0.1249233828957	0.1249233828957
2.5199999109000	0.1291234787403	0.1291234787403
2.6879860160000	0.1333235745823	0.1333235745823
2.8559721212000	0.1375236704268	0.1375236704268
3.0240276708000	0.1417255025646	0.1417255025646
3.1920137760000	0.1459255984091	0.1459255984091
3.3599998812000	0.1501256942537	0.1501256942537
3.5279859863000	0.1543257900957	0.1543257900957
3.6959720915000	0.1585258859403	0.1585258859403
3.8640276411000	0.1627277180780	0.1627277180780
4.0320137463000	0.1669278139226	0.1669278139226
4.1999998514000	0.1711279097646	0.1711279097646
4.3679859566000	0.1753280056091	0.1753280056091
4.5359720618000	0.1795281014537	0.1795281014537
4.7040276114000	0.1837299335915	0.1837299335915
4.8720137166000	0.1879300294360	0.1879300294360
5.0399998217000	0.1921301252780	0.1921301252780
5.2079859269000	0.1963302211226	0.1963302211226
5.3759720321000	0.2005303169671	0.2005303169671
5.5440275817000	0.2047321491049	0.2047321491049
5.7120136869000	0.2089322449494	0.2089322449494
5.8799997920000	0.2131323407915	0.2131323407915
6.0479858972000	0.2173324366360	0.2173324366360
6.2159720024000	0.2215325324805	0.2215325324805
6.3840275520000	0.2257343646183	0.2257343646183
6.5520136571000	0.2299344604603	0.2299344604603
6.7199997623000	0.2341345563049	0.2341345563049
6.8879858675000	0.2383346521494	0.2383346521494
7.0562497504000	0.2425416931693	0.2425416931693
7.2243053000000	0.2467435253071	0.2467435253071
7.3916664052000	0.2509279945026	0.2509279945026
7.5597219548000	0.2551298266404	0.2551298266404
7.7277775044000	0.2593316587782	0.2593316587782
7.8958330541000	0.2635334909184	0.2635334909184
8.0638886037000	0.2677353230562	0.2677353230562
8.2319441533000	0.2719371551940	0.2719371551940
8.3999997029000	0.2761389873317	0.2761389873317
8.5680552525000	0.2803408194695	0.2803408194695
8.7361108021000	0.2845426516072	0.2845426516072
8.9041663517000	0.2887444837450	0.2887444837450
9.0722219013000	0.2929463158828	0.2929463158828
9.2402774509000	0.2971481480205	0.2971481480205
9.4083330006000	0.3013499801608	0.3013499801608
9.5756941057000	0.3055344493538	0.3055344493538
9.7437496554000	0.3097362814941	0.3097362814941
9.9118052050000	0.3139381136319	0.3139381136319
10.0798607550000	0.3181399457796	0.3181399457796
10.2479163040000	0.3223417779024	0.3223417779024
10.4159718540000	0.3265436100501	0.3265436100501
10.5840274030000	0.3307454421729	0.3307454421729
10.7520829530000	0.3349472743207	0.3349472743207
10.9201385030000	0.3391491064684	0.3391491064684
11.0881940520000	0.3433509385912	0.3433509385912
11.2562496020000	0.3475527707390	0.3475527707390
11.4243051510000	0.3517546028617	0.3517546028617
11.5916662570000	0.3559390720773	0.3559390720773
11.7597218060000	0.3601409042000	0.3601409042000
11.9277773560000	0.3643427363478	0.3643427363478
12.0958329050000	0.3685445684705	0.3685445684705
12.2638884550000	0.3727464006183	0.3727464006183
12.4319440050000	0.3769482327661	0.3769482327661
12.5999995540000	0.3811500648888	0.3811500648888
12.7680551040000	0.3853518970366	0.3853518970366
12.9361106540000	0.3895537291844	0.3895537291844
13.1041662030000	0.3937555613071	0.3937555613071
13.2722217530000	0.3979573934549	0.3979573934549
13.4402773020000	0.4021592255776	0.4021592255776
13.6083328520000	0.4063610577254	0.4063610577254
13.7756939570000	0.4105455269159	0.4105455269159
13.9437495070000	0.4147473590637	0.4147473590637
14.1118050560000	0.4189491911865	0.4189491911865
14.2798606060000	0.4231510233342	0.4231510233342
14.4479161560000	0.4273528554820	0.4273528554820
14.6159717050000	0.4315546876047	0.4315546876047
14.7840272550000	0.4357565197525	0.4357565197525
14.9520828040000	0.4399583518753	0.4399583518753
15.1201383540000	0.4441601840230	0.4441601840230
15.2881939040000	0.4483620161708	0.4483620161708
15.4562494530000	0.4525638482936	0.4525638482936
15.6243050030000	0.4567656804413	0.4567656804413
15.7916661080000	0.4609501496319	0.4609501496319
15.9597216580000	0.4651519817796	0.4651519817796
16.1277772070000	0.4693538139024	0.4693538139024
16.2958327570000	0.4735556460501	0.4735556460501
16.4638883070000	0.4777574781979	0.4777574781979
16.6319438560000	0.4819593103207	0.4819593103207
16.7999994060000	0.4861611424684	0.4861611424684
16.9680549550000	0.4903629745912	0.4903629745912
17.1361105050000	0.4945648067390	0.4945648067390
17.3041660550000	0.4987666388867	0.4987666388867
17.4722216040000	0.5029684710095	0.5029684710095
17.6402771540000	0.5071703031572	0.5071703031572
17.8083327030000	0.5113721352800	0.5113721352800
17.9756938090000	0.5155566044955	0.5155566044955
18.1437493580000	0.5197584366183	0.5197584366183
18.3118049080000	0.5239602687661	0.5239602687661
18.4798604570000	0.5281621008888	0.5281621008888
18.6479160070000	0.5323639330366	0.5323639330366
18.8159715570000	0.5365657651844	0.5365657651844
18.9840271060000	0.5407675973071	0.5407675973071
19.1520826560000	0.5449694294549	0.5449694294549
19.3201382060000	0.5491712616026	0.5491712616026
19.4881937550000	0.5533730937254	0.5533730937254
19.6562493050000	0.5575749258732	0.5575749258732
19.8243048540000	0.5617767579959	0.5617767579959
19.9916659600000	0.5659612272115	0.5659612272115
20.1597215090000	0.5701630593342	0.5701630593342
20.3277770590000	0.5743648914820	0.5743648914820
20.4958326080000	0.5785667236048	0.5785667236048
20.6638881580000	0.5827685557525	0.5827685557525
20.8319437080000	0.5869703879003	0.5869703879003
20.9999992570000	0.5911722200230	0.5911722200230
21.1680548070000	0.5953740521708	0.5953740521708
21.3361103560000	0.5995758842936	0.5995758842936
21.5041659060000	0.6037777164413	0.6037777164413
21.6722214560000	0.6079795485891	0.6079795485891
21.8402770050000	0.6121813807119	0.6121813807119
22.0083325550000	0.6163832128596	0.6163832128596
22.1756936600000	0.6205676820502	0.6205676820502
22.3437492100000	0.6247695141979	0.6247695141979
22.5118047590000	0.6289713463207	0.6289713463207
22.6798603090000	0.6331731784684	0.6331731784684
22.8479158590000	0.6373750106162	0.6373750106162
23.0159714080000	0.6415768427390	0.6415768427390
23.1840269580000	0.6457786748867	0.6457786748867
23.3520825070000	0.6499805070095	0.6499805070095
23.5201380570000	0.6541823391573	0.6541823391573
23.6881936070000	0.6583841713050	0.6583841713050
23.8562491560000	0.6625860034278	0.6625860034278
24.0243047060000	0.6667878355755	0.6667878355755
24.1916658110000	0.6709723047661	0.6709723047661
24.3597213610000	0.6751741369138	0.6751741369138
24.5277769100000	0.6793759690366	0.6793759690366
24.6958324600000	0.6835778011844	0.6835778011844
24.8638880090000	0.6877796333071	0.6877796333071
25.0319435590000	0.6919814654549	0.6919814654549
25.1999991090000	0.6961832976027	0.6961832976027
25.3680546580000	0.7003851297254	0.7003851297254
25.5361102080000	0.7045869618732	0.7045869618732
25.7041657570000	0.7087887939959	0.7087887939959
25.8722213070000	0.7129906261437	0.7129906261437
26.0402768570000	0.7171924582915	0.7171924582915
26.2083324060000	0.7213942904142	0.7213942904142
26.3756935120000	0.7255787596298	0.7255787596298
26.5437490610000	0.7297805917525	0.7297805917525
26.7118046110000	0.7339824239003	0.7339824239003
26.8798601600000	0.7381842560230	0.7381842560230
27.0479157100000	0.7423860881708	0.7423860881708
27.2159712600000	0.7465879203186	0.7465879203186
27.3840268090000	0.7507897524413	0.7507897524413
27.5520823590000	0.7549915845891	0.7549915845891
27.7201379080000	0.7591934167119	0.7591934167119
27.8881934580000	0.7633952488596	0.7633952488596
28.0562490080000	0.7675970810074	0.7675970810074
28.2243045570000	0.7717989131301	0.7717989131301
28.3916656620000	0.7759833823207	0.7759833823207
28.5597212120000	0.7801852144684	0.7801852144684
28.7277767620000	0.7843870466162	0.7843870466162
28.8958323110000	0.7885888787390	0.7885888787390
29.0638878610000	0.7927907108867	0.7927907108867
29.2319434100000	0.7969925430095	0.7969925430095
29.3999989600000	0.8011943751573	0.8011943751573
29.5680545100000	0.8053962073050	0.8053962073050
29.7361100590000	0.8095980394278	0.8095980394278
29.9041656090000	0.8137998715755	0.8137998715755
30.0722211590000	0.8180017037233	0.8180017037233
30.2402767080000	0.8222035358461	0.8222035358461
30.4083322580000	0.8264053679938	0.8264053679938
30.5756933630000	0.8305898371844	0.8305898371844
30.7437489130000	0.8347916693321	0.8347916693321
30.9118044620000	0.8389935014549	0.8389935014549
31.0798600120000	0.8431953336027	0.8431953336027
31.2479155610000	0.8473971657254	0.8473971657254
31.4159711110000	0.8515989978732	0.8515989978732
31.5840266610000	0.8558008300209	0.8558008300209
31.7520822100000	0.8600026621437	0.8600026621437
31.9201377600000	0.8642044942915	0.8642044942915
32.0881933090000	0.8684063264142	0.8684063264142
32.2562488590000	0.8726081585620	0.8726081585620
32.4243044090000	0.8768099907098	0.8768099907098
32.5916655140000	0.8809944599003	0.8809944599003
32.7597210630000	0.8851962920231	0.8851962920231
32.9277766130000	0.8893981241708	0.8893981241708
33.0958321630000	0.8935999563186	0.8935999563186
33.2638877120000	0.8978017884413	0.8978017884413
33.4319432620000	0.9020036205891	0.9020036205891
33.5999988120000	0.9062054527369	0.9062054527369
33.7680543610000	0.9104072848596	0.9104072848596
33.9361099110000	0.9146091170074	0.9146091170074
34.1041654600000	0.9188109491302	0.9188109491302
34.2722210100000	0.9230127812779	0.9230127812779
34.4402765600000	0.9272146134257	0.9272146134257
34.6083321090000	0.9314164455484	0.9314164455484
34.7756932140000	0.9356009147390	0.9356009147390
34.9437487640000	0.9398027468867	0.9398027468867
35.1118043140000	0.9440045790345	0.9440045790345
35.2798598630000	0.9482064111573	0.9482064111573
35.4479154130000	0.9524082433050	0.9524082433050
35.6159709620000	0.9566100754278	0.9566100754278
35.7840265120000	0.9608119075756	0.9608119075756
35.9520820620000	0.9650137397233	0.9650137397233
36.1201376110000	0.9692155718461	0.9692155718461
36.2881931610000	0.9734174039938	0.9734174039938
36.4562487110000	0.9776192361416	0.9776192361416
36.6243042600000	0.9818210682644	0.9818210682644
36.7916653650000	0.9860055374549	0.9860055374549
36.9597209150000	0.9902073696027	0.9902073696027
37.1277764650000	0.9944092017504	0.9944092017504
37.2958320140000	0.9986110338732	0.9986110338732
37.4638875640000	1.0028128660210	1.0028128660210
37.6319431130000	1.0070146981437	1.0070146981437
37.7999986630000	1.0112165302915	1.0112165302915
37.9680542130000	1.0154183624392	1.0154183624392
38.1361097620000	1.0196201945620	1.0196201945620
38.3041653120000	1.0238220267098	1.0238220267098
38.4722208610000	1.0280238588325	1.0280238588325
38.6402764110000	1.0322256909803	1.0322256909803
38.8083319610000	1.0364275231281	1.0364275231281
38.9756930660000	1.0406119923186	1.0406119923186
39.1437486150000	1.0448138244414	1.0448138244414
39.3118041650000	1.0490156565891	1.0490156565891
39.4798597150000	1.0532174887369	1.0532174887369
39.6479152640000	1.0574193208596	1.0574193208596
39.8159708140000	1.0616211530074	1.0616211530074
39.9840263640000	1.0658229851552	1.0658229851552
40.1520819130000	1.0700248172779	1.0700248172779
40.3201374630000	1.0742266494257	1.0742266494257
40.4881930120000	1.0784284815485	1.0784284815485
40.6562485620000	1.0826303136962	1.0826303136962
40.8243041120000	1.0868321458440	1.0868321458440
40.9916652170000	1.0910166150345	1.0910166150345
41.1597207660000	1.0952184471573	1.0952184471573
41.3277763160000	1.0994202793050	1.0994202793050
41.4958318660000	1.1036221114528	1.1036221114528
41.6638874150000	1.1078239435756	1.1078239435756
41.8319429650000	1.1120257757233	1.1120257757233
41.9999985140000	1.1162276078461	1.1162276078461
42.1680540640000	1.1204294399939	1.1204294399939
42.3361096140000	1.1246312721416	1.1246312721416
42.5041651630000	1.1288331042644	1.1288331042644
42.6722207130000	1.1330349364121	1.1330349364121
42.8402762620000	1.1372367685349	1.1372367685349
43.0083318120000	1.1414386006827	1.1414386006827
43.1756929170000	1.1456230698732	1.1456230698732
43.3437484670000	1.1498249020210	1.1498249020210
43.5118040170000	1.1540267341687	1.1540267341687
43.6798595660000	1.1582285662915	1.1582285662915
43.8479151160000	1.1624303984393	1.1624303984393
44.0159706650000	1.1666322305620	1.1666322305620
44.1840262150000	1.1708340627098	1.1708340627098
44.3520817650000	1.1750358948575	1.1750358948575
44.5201373140000	1.1792377269803	1.1792377269803
44.6881928640000	1.1834395591281	1.1834395591281
44.8562484130000	1.1876413912508	1.1876413912508
45.0243039630000	1.1918432233986	1.1918432233986
45.1916650680000	1.1960276925891	1.1960276925891
45.3597206180000	1.2002295247369	1.2002295247369
45.5277761670000	1.2044313568596	1.2044313568596
45.6958317170000	1.2086331890074	1.2086331890074
45.8638872670000	1.2128350211552	1.2128350211552
46.0319428160000	1.2170368532779	1.2170368532779
46.1999983660000	1.2212386854257	1.2212386854257
46.3680539150000	1.2254405175485	1.2254405175485
46.5361094650000	1.2296423496962	1.2296423496962
46.7041650150000	1.2338441818440	1.2338441818440
46.8722205640000	1.2380460139667	1.2380460139667
47.0402761140000	1.2422478461145	1.2422478461145
47.2083316640000	1.2464496782623	1.2464496782623
47.3756927690000	1.2506341474528	1.2506341474528
47.5437483180000	1.2548359795756	1.2548359795756
47.7118038680000	1.2590378117233	1.2590378117233
47.8798594180000	1.2632396438711	1.2632396438711
48.0479149670000	1.2674414759939	1.2674414759939
48.2159705170000	1.2716433081416	1.2716433081416
48.3840260660000	1.2758451402644	1.2758451402644
48.5520816160000	1.2800469724121	1.2800469724121
48.7201371660000	1.2842488045599	1.2842488045599
48.8881927150000	1.2884506366827	1.2884506366827
49.0562482650000	1.2926524688304	1.2926524688304
49.2243038140000	1.2968543009532	1.2968543009532
49.3916649200000	1.3010387701687	1.3010387701687
49.5597204690000	1.3052406022915	1.3052406022915
49.7277760190000	1.3094424344393	1.3094424344393
49.8958315680000	1.3136442665620	1.3136442665620
50.0638871180000	1.3178460987098	1.3178460987098
50.2319426680000	1.3220479308575	1.3220479308575
50.3999982170000	1.3262497629803	1.3262497629803
50.5680537670000	1.3304515951281	1.3304515951281
50.7361093170000	1.3346534272758	1.3346534272758
50.9041648660000	1.3388552593986	1.3388552593986
51.0722204160000	1.3430570915464	1.3430570915464
51.2402759650000	1.3472589236691	1.3472589236691
51.4083315150000	1.3514607558169	1.3514607558169
51.5756926200000	1.3556452250074	1.3556452250074
51.7437481700000	1.3598470571552	1.3598470571552
51.9118037190000	1.3640488892779	1.3640488892779
52.0798592690000	1.3682507214257	1.3682507214257
52.2479148190000	1.3724525535735	1.3724525535735
52.4159703680000	1.3766543856962	1.3766543856962
52.5840259180000	1.3808562178440	1.3808562178440
52.7520814670000	1.3850580499668	1.3850580499668
52.9201370170000	1.3892598821145	1.3892598821145
53.0881925670000	1.3934617142623	1.3934617142623
53.2562481160000	1.3976635463850	1.3976635463850
53.4243036660000	1.4018653785328	1.4018653785328
53.5916647710000	1.4060498477233	1.4060498477233
53.7597203210000	1.4102516798711	1.4102516798711
53.9277758700000	1.4144535119939	1.4144535119939
54.0958314200000	1.4186553441416	1.4186553441416
54.2638869700000	1.4228571762894	1.4228571762894
54.4319425190000	1.4270590084122	1.4270590084122
54.5999980690000	1.4312608405599	1.4312608405599
54.7680536180000	1.4354626726827	1.4354626726827
54.9361091680000	1.4396645048304	1.4396645048304
55.1041647180000	1.4438663369782	1.4438663369782
55.2722202670000	1.4480681691010	1.4480681691010
55.4402758170000	1.4522700012487	1.4522700012487
55.6083313660000	1.4564718333715	1.4564718333715
55.7756924720000	1.4606563025870	1.4606563025870
55.9437480210000	1.4648581347098	1.4648581347098
56.1118035710000	1.4690599668576	1.4690599668576
56.2798591200000	1.4732617989803	1.4732617989803
56.4479146700000	1.4774636311281	1.4774636311281
56.6159702200000	1.4816654632758	1.4816654632758
56.7840257690000	1.4858672953986	1.4858672953986
56.9520813190000	1.4900691275464	1.4900691275464
57.1201368690000	1.4942709596941	1.4942709596941
57.2881924180000	1.4984727918169	1.4984727918169
57.4562479680000	1.5026746239646	1.5026746239646
57.6243035170000	1.5068764560874	1.5068764560874
57.7916646230000	1.5110609253030	1.5110609253030
57.9597201720000	1.5152627574257	1.5152627574257
58.1277757220000	1.5194645895735	1.5194645895735
58.2958312710000	1.5236664216962	1.5236664216962
58.4638868210000	1.5278682538440	1.5278682538440
58.6319423710000	1.5320700859918	1.5320700859918
58.7999979200000	1.5362719181145	1.5362719181145
58.9680534700000	1.5404737502623	1.5404737502623
59.1361090190000	1.5446755823850	1.5446755823850
59.3041645690000	1.5488774145328	1.5488774145328
59.4722201190000	1.5530792466806	1.5530792466806
59.6402756680000	1.5572810788033	1.5572810788033
59.8083312180000	1.5614829109511	1.5614829109511
59.9756923230000	1.5656673801416	1.5656673801416
60.1437478730000	1.5698692122894	1.5698692122894
60.3118034220000	1.5740710444122	1.5740710444122
60.4798589720000	1.5782728765599	1.5782728765599
60.6479145210000	1.5824747086827	1.5824747086827
60.8159700710000	1.5866765408304	1.5866765408304
60.9840256210000	1.5908783729782	1.5908783729782
61.1520811700000	1.5950802051010	1.5950802051010
61.3201367200000	1.5992820372487	1.5992820372487
61.4881922700000	1.6034838693965	1.6034838693965
61.6562478190000	1.6076857015193	1.6076857015193
61.8243033690000	1.6118875336670	1.6118875336670
61.9916644740000	1.6160720028576	1.6160720028576
62.1597200240000	1.6202738350053	1.6202738350053
62.3277755730000	1.6244756671281	1.6244756671281
62.4958311230000	1.6286774992758	1.6286774992758
62.6638866720000	1.6328793313986	1.6328793313986
62.8319422220000	1.6370811635464	1.6370811635464
62.9999977720000	1.6412829956941	1.6412829956941
63.1680533210000	1.6454848278169	1.6454848278169
63.3361088710000	1.6496866599647	1.6496866599647
63.5041644200000	1.6538884920874	1.6538884920874
63.6722199700000	1.6580903242352	1.6580903242352
63.8402755200000	1.6622921563829	1.6622921563829
64.0083310690000	1.6664939885057	1.6664939885057
64.1756921740000	1.6706784576962	1.6706784576962
64.3437477240000	1.6748802898440	1.6748802898440
64.5118032740000	1.6790821219918	1.6790821219918
64.6798588230000	1.6832839541145	1.6832839541145
64.8479143730000	1.6874857862623	1.6874857862623
65.0159699230000	1.6916876184101	1.6916876184101
65.1840254720000	1.6958894505328	1.6958894505328
65.3520810220000	1.7000912826806	1.7000912826806
65.5201365710000	1.7042931148033	1.7042931148033
65.6881921210000	1.7084949469511	1.7084949469511
65.8562476710000	1.7126967790989	1.7126967790989
66.0243032200000	1.7168986112216	1.7168986112216
66.1916643250000	1.7210830804122	1.7210830804122
66.3597198750000	1.7252849125599	1.7252849125599
66.5277754250000	1.7294867447077	1.7294867447077
66.6958309740000	1.7336885768305	1.7336885768305
66.8638865240000	1.7378904089782	1.7378904089782
67.0319420730000	1.7420922411010	1.7420922411010
67.1999976230000	1.7462940732487	1.7462940732487
67.3680531730000	1.7504959053965	1.7504959053965
67.5361087220000	1.7546977375193	1.7546977375193
67.7041642720000	1.7588995696670	1.7588995696670
67.8722198220000	1.7631014018148	1.7631014018148
68.0402753710000	1.7673032339375	1.7673032339375
68.2083309210000	1.7715050660853	1.7715050660853
68.3756920260000	1.7756895352759	1.7756895352759
68.5437475760000	1.7798913674236	1.7798913674236
68.7118031250000	1.7840931995464	1.7840931995464
68.8798586750000	1.7882950316941	1.7882950316941
69.0479142240000	1.7924968638169	1.7924968638169
69.2159697740000	1.7966986959647	1.7966986959647
69.3840253240000	1.8009005281124	1.8009005281124
69.5486086510000	1.8050155455241	1.8050155455241
69.7222197560000	1.8093562812046	1.8093562812046
69.8888864170000	1.8135233874629	1.8135233874629
70.0555530780000	1.8176904937213	1.8176904937213
70.2222197380000	1.8218575999546	1.8218575999546
70.3888863990000	1.8260247062129	1.8260247062129
70.5624975040000	1.8303654418934	1.8303654418934
70.7291641650000	1.8345325481517	1.8345325481517
70.8958308260000	1.8386996544101	1.8386996544101
71.0624974860000	1.8428667606434	1.8428667606434
71.2291641470000	1.8470338669017	1.8470338669017
71.4027752520000	1.8513746025822	1.8513746025822
71.5694419130000	1.8555417088406	1.8555417088406
71.7361085740000	1.8597088150989	1.8597088150989
71.9027752350000	1.8638759213572	1.8638759213572
72.0694418950000	1.8680430275905	1.8680430275905
72.2430530000000	1.8723837632710	1.8723837632710
72.4097196610000	1.8765508695294	1.8765508695294
72.5763863220000	1.8807179757877	1.8807179757877
72.7430529830000	1.8848850820460	1.8848850820460
72.9097196430000	1.8890521882793	1.8890521882793
73.0833307480000	1.8933929239599	1.8933929239599
73.2499974090000	1.8975600302182	1.8975600302182
73.4166640700000	1.9017271364765	1.9017271364765
73.5833307310000	1.9058942427348	1.9058942427348
73.7499973910000	1.9100613489681	1.9100613489681
73.9166640520000	1.9142284552264	1.9142284552264
74.0902751570000	1.9185691909070	1.9185691909070
74.2569418180000	1.9227362971653	1.9227362971653
74.4236084790000	1.9269034034236	1.9269034034236
74.5902751390000	1.9310705096569	1.9310705096569
74.7569418000000	1.9352376159153	1.9352376159153
74.9305529050000	1.9395783515958	1.9395783515958
75.0972195660000	1.9437454578541	1.9437454578541
75.2638862270000	1.9479125641124	1.9479125641124
75.4305528880000	1.9520796703707	1.9520796703707
75.5972195480000	1.9562467766041	1.9562467766041
75.7708306530000	1.9605875122846	1.9605875122846
75.9374973140000	1.9647546185429	1.9647546185429
76.1041639750000	1.9689217248012	1.9689217248012
76.2708306360000	1.9730888310596	1.9730888310596
76.4374972960000	1.9772559372929	1.9772559372929
76.6111084010000	1.9815966729734	1.9815966729734
76.7777750620000	1.9857637792317	1.9857637792317
76.9444417230000	1.9899308854901	1.9899308854901
77.1111083840000	1.9940979917484	1.9940979917484
77.2777750440000	1.9982650979817	1.9982650979817
77.4513861490000	2.0026058336622	2.0026058336622
77.6180528100000	2.0067729399205	2.0067729399205
77.7847194710000	2.0109400461789	2.0109400461789
77.9513861320000	2.0151071524372	2.0151071524372
78.1180527920000	2.0192742586705	2.0192742586705
78.2847194530000	2.0234413649288	2.0234413649288
78.4583305580000	2.0277821006094	2.0277821006094
78.6249972190000	2.0319492068677	2.0319492068677
78.7916638800000	2.0361163131260	2.0361163131260
78.9583305410000	2.0402834193843	2.0402834193843
79.1249972010000	2.0444505256176	2.0444505256176
79.2986083060000	2.0487912612982	2.0487912612982
79.4652749670000	2.0529583675565	2.0529583675565
79.6319416280000	2.0571254738148	2.0571254738148
79.7986082890000	2.0612925800731	2.0612925800731
79.9652749490000	2.0654596863064	2.0654596863064
80.1388860540000	2.0698004219870	2.0698004219870
80.3055527150000	2.0739675282453	2.0739675282453
80.4722193760000	2.0781346345036	2.0781346345036
80.6388860370000	2.0823017407619	2.0823017407619
80.8055526970000	2.0864688469952	2.0864688469952
80.9791638020000	2.0908095826758	2.0908095826758
81.1458304630000	2.0949766889341	2.0949766889341
81.3124971240000	2.0991437951924	2.0991437951924
81.4791637850000	2.1033109014507	2.1033109014507
81.6458304450000	2.1074780076841	2.1074780076841
81.8194415500000	2.1118187433646	2.1118187433646
81.9861082110000	2.1159858496229	2.1159858496229
82.1527748720000	2.1201529558812	2.1201529558812
82.3194415330000	2.1243200621396	2.1243200621396
82.4861081940000	2.1284871683979	2.1284871683979
82.6527748540000	2.1326542746312	2.1326542746312
82.8263859590000	2.1369950103117	2.1369950103117
82.9930526200000	2.1411621165700	2.1411621165700
83.1597192810000	2.1453292228284	2.1453292228284
