95.4236077359	3.4484173082	3.6440895695
95.5902743967	3.4691699941	3.6647863733
95.7569410574	3.4899226800	3.6854831771
95.9305521624	3.5115400612	3.7070423478
96.0972188232	3.5322927472	3.7277391516
96.2638854840	3.5530454331	3.7484359554
96.4305521447	3.5737981190	3.7691327592
96.5972188055	3.5945508050	3.7898295630
96.7708299105	3.6161681861	3.8113887337
96.9374965712	3.6369208721	3.8320855375
97.1041632320	3.6576735580	3.8527823413
97.2708298928	3.6784262439	3.8734791451
97.4374965536	3.6991789299	3.8941759490
97.6111076585	3.7207963110	3.9157351196
97.7777743193	3.7415489970	3.9364319234
97.9444409801	3.7623016829	3.9571287272
98.1111076408	3.7830543688	3.9778255311
98.2777743016	3.8038070548	3.9985223349
98.4513854066	3.8254244360	4.0200815055
98.6180520674	3.8461771219	4.0407783093
98.7847187281	3.8669298078	4.0614751132
98.9513853889	3.8876824937	4.0821719170
99.1180520497	3.9084351797	4.1028687208
99.2847187104	3.9291878656	4.1235655246
99.4583298154	3.9508052468	4.1451246953
99.6249964762	3.9715579327	4.1658214991
99.7916631370	3.9923106187	4.1865183029
99.9583297977	4.0130633046	4.2072151067
100.1249964585	4.0338159905	4.2279119105
100.2986075635	4.0554333717	4.2494710812
100.4652742242	4.0761860576	4.2701678850
100.6319408850	4.0969387436	4.2908646888
100.7986075458	4.1176914295	4.3115614926
100.9652742066	4.1384441154	4.3322582964
101.1388853115	4.1600614966	4.3538174671
101.3055519723	4.1808141825	4.3745142709
101.4722186331	4.2015668685	4.3952110747
101.6388852938	4.2223195544	4.4159078785
101.8055519546	4.2430722403	4.4366046824
101.9791630596	4.2646896215	4.4581638530
102.1458297203	4.2854423075	4.4788606568
102.3124963811	4.3061949934	4.4995574606
102.4791630419	4.3269476793	4.5202542645
102.6458297027	4.3477003653	4.5409510683
102.8194408076	4.3693177464	4.5625102389
102.9861074684	4.3900704324	4.5832070427
103.1527741292	4.4108231183	4.6039038466
103.3194407899	4.4315758042	4.6246006504
103.4861074507	4.4523284902	4.6452974542
103.6527741115	4.4730811761	4.6659942580
103.8263852165	4.4946985573	4.6875534286
103.9930518772	4.5154512432	4.7082502325
104.1597185380	4.5362039291	4.7289470363
104.3263851988	4.5569566151	4.7496438401
104.4930518595	4.5777093010	4.7703406439
104.6666629645	4.5993266822	4.7918998146
104.8333296253	4.6200793681	4.8125966184
104.9999962861	4.6408320541	4.8332934222
105.1666629468	4.6615847400	4.8539902260
105.3333296076	4.6823374259	4.8746870298
105.5069407126	4.7039548071	4.8962462005
105.6736073733	4.7247074930	4.9169430043
105.8402740341	4.7454601790	4.9376398081
106.0069406949	4.7662128649	4.9583366119
106.1736073557	4.7869655508	4.9790334158
106.3472184606	4.8085829320	5.0005925864
106.5138851214	4.8293356179	5.0212893902
106.6805517822	4.8500883039	5.0419861940
106.8472184429	4.8708409898	5.0626829978
107.0138851037	4.8915936757	5.0833798017
107.1805517645	4.9123463617	5.1040766055
107.3541628695	4.9339637429	5.1256357761
107.5208295302	4.9547164288	5.1463325799
107.6874961910	4.9754691147	5.1670293838
107.8541628518	4.9962218007	5.1877261876
108.0208295125	5.0169744866	5.2084229914
108.1944406175	5.0385918678	5.2299821620
108.3611072783	5.0593445537	5.2506789659
108.5277739391	5.0800972396	5.2713757697
108.6944405998	5.1008499256	5.2920725735
108.8611072606	5.1216026115	5.3127693773
109.0347183656	5.1432199927	5.3343285480
109.2013850263	5.1639726786	5.3550253518
109.3680516871	5.1847253645	5.3757221556
109.5347183479	5.2054780505	5.3964189594
109.7013850087	5.2262307364	5.4171157632
109.8749961136	5.2478481176	5.4386749339
110.0416627744	5.2686008035	5.4593717377
110.2083294352	5.2893534894	5.4800685415
110.3749960959	5.3101061754	5.5007653453
110.5416627567	5.3308588613	5.5214621491
110.7152738617	5.3524762425	5.5430213198
110.8819405225	5.3732289284	5.5637181236
111.0486071832	5.3939816144	5.5844149274
111.2152738440	5.4147343003	5.6051117312
111.3819405048	5.4354869862	5.6258085351
111.5486071655	5.4562396722	5.6465053389
111.7222182705	5.4778570533	5.6680645095
111.8888849313	5.4986097393	5.6887613133
112.0555515921	5.5193624252	5.7094581172
112.2222182528	5.5401151111	5.7301549210
112.3888849136	5.5608677971	5.7508517248
112.5624960186	5.5824851782	5.7724108954
112.7291626793	5.6032378642	5.7931076993
112.8958293401	5.6239905501	5.8138045031
113.0624960009	5.6447432360	5.8345013069
113.2291626617	5.6654959220	5.8551981107
113.4027737666	5.6871133032	5.8767572814
113.5694404274	5.7078659891	5.8974540852
113.7361070882	5.7286186750	5.9181508890
113.9027737489	5.7493713610	5.9388476928
114.0694404097	5.7701240469	5.9595444966
114.2430515147	5.7917414281	5.9811036673
114.4097181755	5.8124941140	6.0018004711
114.5763848362	5.8332467999	6.0224972749
114.7430514970	5.8539994859	6.0431940787
114.9097181578	5.8747521718	6.0638908825
115.0833292627	5.8963695530	6.0854500532
115.2499959235	5.9171222389	6.1061468570
115.4166625843	5.9378749248	6.1268436608
115.5833292451	5.9586276108	6.1475404646
115.7499959058	5.9793802967	6.1682372685
115.9166625666	6.0001329826	6.1889340723
116.0902736716	6.0217503638	6.2104932429
116.2569403323	6.0425030498	6.2311900467
116.4236069931	6.0632557357	6.2518868506
116.5902736539	6.0840084216	6.2725836544
116.7569403147	6.1047611076	6.2932804582
116.9305514196	6.1263784887	6.3148396288
117.0972180804	6.1471311747	6.3355364327
117.2638847412	6.1678838606	6.3562332365
117.4305514019	6.1886365465	6.3769300403
117.5972180627	6.2093892325	6.3976268441
117.7708291677	6.2310066136	6.4191860147
117.9374958285	6.2517592996	6.4398828186
118.1041624892	6.2725119855	6.4605796224
118.2708291500	6.2932646714	6.4812764262
118.4374958108	6.3140173574	6.5019732300
118.6111069157	6.3356347386	6.5235324007
118.7777735765	6.3563874245	6.5442292045
118.9444402373	6.3771401104	6.5649260083
119.1111068980	6.3978927964	6.5856228121
119.2777735588	6.4186454823	6.6063196159
119.4513846638	6.4402628635	6.6278787866
119.6180513246	6.4610155494	6.6485755904
119.7847179853	6.4817682353	6.6692723942
119.9513846461	6.5025209213	6.6899691980
120.1180513069	6.5232736072	6.7106660019
120.2847179676	6.5440262931	6.7313628057
120.4583290726	6.5656436743	6.7529219763
120.6249957334	6.5863963602	6.7736187801
120.7916623942	6.6071490462	6.7943155839
120.9583290549	6.6279017321	6.8150123878
121.1249957157	6.6486544180	6.8357091916
121.2986068207	6.6702717992	6.8572683622
121.4652734814	6.6910244851	6.8779651660
121.6319401422	6.7117771711	6.8986619699
121.7986068030	6.7325298570	6.9193587737
121.9652734638	6.7532825429	6.9400555775
122.1388845687	6.7748999241	6.9616147481
122.3055512295	6.7956526101	6.9823115520
122.4722178903	6.8164052960	7.0030083558
122.6388845510	6.8371579819	7.0237051596
122.8055512118	6.8579106679	7.0444019634
122.9791623168	6.8795280490	7.0659611341
123.1458289776	6.9002807350	7.0866579379
123.3124956383	6.9210334209	7.1073547417
123.4791622991	6.9417861068	7.1280515455
123.6458289599	6.9625387928	7.1487483493
123.8194400648	6.9841561739	7.1703075200
123.9861067256	7.0049088599	7.1910043238
124.1527733864	7.0256615458	7.2117011276
124.3194400472	7.0464142317	7.2323979314
124.4861067079	7.0671669177	7.2530947352
124.6527733687	7.0879196036	7.2737915391
124.8263844737	7.1095369848	7.2953507097
124.9930511344	7.1302896707	7.3160475135
125.1597177952	7.1510423567	7.3367443173
125.3263844560	7.1717950426	7.3574411212
125.4930511168	7.1925477285	7.3781379250
125.6666622217	7.2141651097	7.3996970956
125.8333288825	7.2349177956	7.4203938994
125.9999955433	7.2556704816	7.4410907033
126.1666622040	7.2764231675	7.4617875071
126.3333288648	7.2971758534	7.4824843109
126.5069399698	7.3187932346	7.5040434815
126.6736066306	7.3395459205	7.5247402854
126.8402732913	7.3602986065	7.5454370892
127.0069399521	7.3810512924	7.5661338930
127.1736066129	7.4018039783	7.5868306968
127.3472177178	7.4234213595	7.6083898675
127.5138843786	7.4441740455	7.6290866713
127.6805510394	7.4649267314	7.6497834751
127.8472177002	7.4856794173	7.6704802789
128.0138843609	7.5064321033	7.6911770827
128.1805510217	7.5271847892	7.7118738865
128.3541621267	7.5488021704	7.7334330572
128.5208287874	7.5695548563	7.7541298610
128.6874954482	7.5903075422	7.7748266648
128.8541621090	7.6110602282	7.7955234686
129.0208287698	7.6318129141	7.8162202725
129.1944398747	7.6534302953	7.8377794431
129.3611065355	7.6741829812	7.8584762469
129.5277731963	7.6949356671	7.8791730507
129.6944398570	7.7156883531	7.8998698546
129.8611065178	7.7364410390	7.9205666584
130.0347176228	7.7580584202	7.9421258290
130.2013842836	7.7788111061	7.9628226328
130.3680509443	7.7995637920	7.9835194367
130.5347176051	7.8203164780	8.0042162405
130.7013842659	7.8410691639	8.0249130443
130.8749953708	7.8626865451	8.0464722149
131.0416620316	7.8834392310	8.0671690188
131.2083286924	7.9041919170	8.0878658226
131.3749953532	7.9249446029	8.1085626264
131.5416620139	7.9456972888	8.1292594302
131.7152731189	7.9673146700	8.1508186008
131.8819397797	7.9880673559	8.1715154047
132.0486064404	8.0088200419	8.1922122085
132.2152731012	8.0295727278	8.2129090123
132.3819397620	8.0503254137	8.2336058161
132.5486064228	8.0710780997	8.2543026199
132.7222175277	8.0926954808	8.2758617906
132.8888841885	8.1134481668	8.2965585944
133.0555508493	8.1342008527	8.3172553982
133.2222175100	8.1549535386	8.3379522020
133.3888841708	8.1757062246	8.3586490059
133.5624952758	8.1973236058	8.3802081765
133.7291619366	8.2180762917	8.4009049803
133.8958285973	8.2388289776	8.4216017841
134.0624952581	8.2595816636	8.4422985880
134.2291619189	8.2803343495	8.4629953918
134.4027730238	8.3019517307	8.4845545624
134.5694396846	8.3227044166	8.5052513662
134.7361063454	8.3434571025	8.5259481701
134.9027730062	8.3642097885	8.5466449739
135.0694396669	8.3849624744	8.5673417777
135.2430507719	8.4065798556	8.5889009483
135.4097174327	8.4273325415	8.6095977521
135.5763840934	8.4480852274	8.6302945560
135.7430507542	8.4688379134	8.6509913598
135.9097174150	8.4895905993	8.6716881636
136.0833285200	8.5112079805	8.6932473342
136.2499951807	8.5319606664	8.7139441381
136.4166618415	8.5527133524	8.7346409419
136.5833285023	8.5734660383	8.7553377457
136.7499951630	8.5942187242	8.7760345495
136.9166618238	8.6149714102	8.7967313533
137.0902729288	8.6365887913	8.8182905240
137.2569395895	8.6573414773	8.8389873278
137.4236062503	8.6780941632	8.8596841316
137.5902729111	8.6988468491	8.8803809354
137.7569395719	8.7195995351	8.9010777393
137.9305506768	8.7412169162	8.9226369099
138.0972173376	8.7619696022	8.9433337137
138.2638839984	8.7827222881	8.9640305175
138.4305506591	8.8034749740	8.9847273213
138.5972173199	8.8242276600	9.0054241252
138.7708284249	8.8458450412	9.0269832958
138.9374950857	8.8665977271	9.0476800996
139.1041617464	8.8873504130	9.0683769034
139.2708284072	8.9081030990	9.0890737073
139.4374950680	8.9288557849	9.1097705111
139.6111061729	8.9504731661	9.1313296817
139.7777728337	8.9712258520	9.1520264855
139.9444394945	8.9919785379	9.1727232894
140.1111061553	9.0127312239	9.1934200932
140.2777728160	9.0334839098	9.2141168970
140.4513839210	9.0551012910	9.2356760676
140.6180505818	9.0758539769	9.2563728715
140.7847172425	9.0966066628	9.2770696753
140.9513839033	9.1173593488	9.2977664791
141.1180505641	9.1381120347	9.3184632829
141.2847172249	9.1588647206	9.3391600867
141.4583283298	9.1804821018	9.3607192574
141.6249949906	9.2012347877	9.3814160612
141.7916616514	9.2219874737	9.4021128650
141.9583283121	9.2427401596	9.4228096688
142.1249949729	9.2634928455	9.4435064726
142.2986060779	9.2851102267	9.4650656433
142.4652727387	9.3058629127	9.4857624471
142.6319393994	9.3266155986	9.5064592509
142.7986060602	9.3473682845	9.5271560547
142.9652727210	9.3681209705	9.5478528586
143.1388838259	9.3897383516	9.5694120292
143.3055504867	9.4104910376	9.5901088330
143.4722171475	9.4312437235	9.6108056368
143.6388838083	9.4519964094	9.6315024407
143.8055504690	9.4727490954	9.6521992445
143.9791615740	9.4943664765	9.6737584151
144.1458282348	9.5151191625	9.6944552189
144.3124948955	9.5358718484	9.7151520228
144.4791615563	9.5566245343	9.7358488266
144.6458282171	9.5773772203	9.7565456304
144.8194393221	9.5989946015	9.7781048010
144.9861059828	9.6197472874	9.7988016049
145.1527726436	9.6404999733	9.8194984087
145.3194393044	9.6612526593	9.8401952125
145.4861059651	9.6820053452	9.8608920163
145.6527726259	9.7027580311	9.8815888201
145.8263837309	9.7243754123	9.9031479908
145.9930503917	9.7451280982	9.9238447946
146.1597170524	9.7658807842	9.9445415984
146.3263837132	9.7866334701	9.9652384022
146.4930503740	9.8073861560	9.9859352060
146.6666614789	9.8290035372	10.0074943767
146.8333281397	9.8497562231	10.0281911805
146.9999948005	9.8705089091	10.0488879843
147.1666614613	9.8912615950	10.0695847881
147.3333281220	9.9120142809	10.0902815920
147.5069392270	9.9336316621	10.1118407626
147.6736058878	9.9543843481	10.1325375664
147.8402725485	9.9751370340	10.1532343702
148.0069392093	9.9958897199	10.1739311741
148.1736058701	10.0166424059	10.1946279779
148.3472169751	10.0382597870	10.2161871485
148.5138836358	10.0590124730	10.2368839523
148.6805502966	10.0797651589	10.2575807562
148.8472169574	10.1005178448	10.2782775600
149.0138836181	10.1212705308	10.2989743638
149.1805502789	10.1420232167	10.3196711676
149.3541613839	10.1636405979	10.3412303382
149.5208280447	10.1843932838	10.3619271421
149.6874947054	10.2051459697	10.3826239459
149.8541613662	10.2258986557	10.4033207497
150.0208280270	10.2466513416	10.4240175535
150.1944391319	10.2682687228	10.4455767242
150.3611057927	10.2890214087	10.4662735280
150.5277724535	10.3097740947	10.4869703318
150.6944391143	10.3305267806	10.5076671356
150.8611057750	10.3512794665	10.5283639394
151.0347168800	10.3728968477	10.5499231101
151.2013835408	10.3936495336	10.5706199139
151.3680502015	10.4144022196	10.5913167177
151.5347168623	10.4351549055	10.6120135215
151.7013835231	10.4559075914	10.6327103254
151.8749946281	10.4775249726	10.6542694960
152.0416612888	10.4982776585	10.6749662998
152.2083279496	10.5190303445	10.6956631036
152.3749946104	10.5397830304	10.7163599074
152.5416612711	10.5605357163	10.7370567113
152.7152723761	10.5821530975	10.7586158819
152.8819390369	10.6029057834	10.7793126857
153.0486056977	10.6236584694	10.8000094895
153.2152723584	10.6444111553	10.8207062934
153.3819390192	10.6651638412	10.8414030972
153.5486056800	10.6859165272	10.8620999010
153.7222167849	10.7075339084	10.8836590716
153.8888834457	10.7282865943	10.9043558755
154.0555501065	10.7490392802	10.9250526793
154.2222167673	10.7697919662	10.9457494831
154.3888834280	10.7905446521	10.9664462869
154.5624945330	10.8121620333	10.9880054576
154.7291611938	10.8329147192	11.0087022614
154.8958278545	10.8536674051	11.0293990652
155.0624945153	10.8744200911	11.0500958690
155.2291611761	10.8951727770	11.0707926728
155.4027722810	10.9167901582	11.0923518435
155.5694389418	10.9375428441	11.1130486473
155.7361056026	10.9582955300	11.1337454511
155.9027722634	10.9790482160	11.1544422549
156.0694389241	10.9998009019	11.1751390587
156.2430500291	11.0214182831	11.1966982294
156.4097166899	11.0421709690	11.2173950332
156.5763833506	11.0629236550	11.2380918370
156.7430500114	11.0836763409	11.2587886408
156.9097166722	11.1044290268	11.2794854447
157.0833277772	11.1260464080	11.3010446153
157.2499944379	11.1467990939	11.3217414191
157.4166610987	11.1675517799	11.3424382229
157.5833277595	11.1883044658	11.3631350268
157.7499944202	11.2090571517	11.3838318306
157.9166610810	11.2298098377	11.4045286344
158.0902721860	11.2514272188	11.4260878050
158.2569388468	11.2721799048	11.4467846089
158.4236055075	11.2929325907	11.4674814127
158.5902721683	11.3136852766	11.4881782165
158.7569388291	11.3344379626	11.5088750203
158.9305499340	11.3560553438	11.5304341910
159.0972165948	11.3768080297	11.5511309948
159.2638832556	11.3975607156	11.5718277986
159.4305499164	11.4183134016	11.5925246024
159.5972165771	11.4390660875	11.6132214062
159.7708276821	11.4606834687	11.6347805769
159.9374943429	11.4814361546	11.6554773807
160.1041610036	11.5021888405	11.6761741845
160.2708276644	11.5229415265	11.6968709883
160.4374943252	11.5436942124	11.7175677921
160.6111054302	11.5653115936	11.7391269628
160.7777720909	11.5860642795	11.7598237666
160.9444387517	11.6068169654	11.7805205704
161.1111054125	11.6275696514	11.8012173742
161.2777720732	11.6483223373	11.8219141781
161.4513831782	11.6699397185	11.8434733487
161.6180498390	11.6906924044	11.8641701525
161.7847164998	11.7114450903	11.8848669563
161.9513831605	11.7321977763	11.9055637602
162.1180498213	11.7529504622	11.9262605640
162.2847164821	11.7737031481	11.9469573678
162.4583275870	11.7953205293	11.9685165384
162.6249942478	11.8160732153	11.9892133423
162.7916609086	11.8368259012	12.0099101461
162.9583275694	11.8575785871	12.0306069499
163.1249942301	11.8783312731	12.0513037537
163.2986053351	11.8999486542	12.0728629243
163.4652719959	11.9207013402	12.0935597282
163.6319386566	11.9414540261	12.1142565320
163.7986053174	11.9622067120	12.1349533358
163.9652719782	11.9829593980	12.1556501396
164.1388830832	12.0045767791	12.1772093103
164.3055497439	12.0253294651	12.1979061141
164.4722164047	12.0460821510	12.2186029179
164.6388830655	12.0668348369	12.2392997217
164.8055497262	12.0875875229	12.2599965255
164.9791608312	12.1092049041	12.2815556962
165.1458274920	12.1299575900	12.3022525000
165.3124941528	12.1507102759	12.3229493038
165.4791608135	12.1714629619	12.3436461076
165.6458274743	12.1922156478	12.3643429115
165.8194385793	12.2138330290	12.3859020821
165.9861052400	12.2345857149	12.4065988859
166.1527719008	12.2553384008	12.4272956897
166.3194385616	12.2760910868	12.4479924935
166.4861052224	12.2968437727	12.4686892974
166.6527718831	12.3175964586	12.4893861012
166.8263829881	12.3392138398	12.5109452718
166.9930496489	12.3599665257	12.5316420756
167.1597163096	12.3807192117	12.5523388795
167.3263829704	12.4014718976	12.5730356833
167.4930496312	12.4222245835	12.5937324871
167.6666607362	12.4438419647	12.6152916577
167.8333273969	12.4645946507	12.6359884616
167.9999940577	12.4853473366	12.6566852654
168.1666607185	12.5061000225	12.6773820692
168.3333273792	12.5268527085	12.6980788730
168.5069384842	12.5484700896	12.7196380437
168.6736051450	12.5692227756	12.7403348475
168.8402718058	12.5899754615	12.7610316513
169.0069384665	12.6107281474	12.7817284551
169.1736051273	12.6314808334	12.8024252589
169.3472162323	12.6530982145	12.8239844296
169.5138828930	12.6738509005	12.8446812334
169.6805495538	12.6946035864	12.8653780372
169.8472162146	12.7153562723	12.8860748410
170.0138828754	12.7361089583	12.9067716448
170.1805495361	12.7568616442	12.9274684487
170.3541606411	12.7784790254	12.9490276193
170.5208273019	12.7992317113	12.9697244231
170.6874939626	12.8199843973	12.9904212269
170.8541606234	12.8407370832	13.0111180308
171.0208272842	12.8614897691	13.0318148346
171.1944383892	12.8831071503	13.0533740052
171.3611050499	12.9038598362	13.0740708090
171.5277717107	12.9246125222	13.0947676129
171.6944383715	12.9453652081	13.1154644167
171.8611050322	12.9661178940	13.1361612205
172.0347161372	12.9877352752	13.1577203911
172.2013827980	13.0084879611	13.1784171950
172.3680494588	13.0292406471	13.1991139988
172.5347161195	13.0499933330	13.2198108026
172.7013827803	13.0707460189	13.2405076064
172.8749938853	13.0923634001	13.2620667771
173.0416605460	13.1131160860	13.2827635809
173.2083272068	13.1338687720	13.3034603847
173.3749938676	13.1546214579	13.3241571885
173.5416605284	13.1753741438	13.3448539923
173.7152716333	13.1969915250	13.3664131630
173.8819382941	13.2177442110	13.3871099668
174.0486049549	13.2384968969	13.4078067706
174.2152716156	13.2592495828	13.4285035744
174.3819382764	13.2800022688	13.4492003782
174.5486049372	13.3007549547	13.4698971821
174.7222160421	13.3223723359	13.4914563527
174.8888827029	13.3431250218	13.5121531565
175.0555493637	13.3638777077	13.5328499603
175.2222160245	13.3846303937	13.5535467642
175.3888826852	13.4053830796	13.5742435680
175.5624937902	13.4270004608	13.5958027386
175.7291604510	13.4477531467	13.6164995424
175.8958271117	13.4685058326	13.6371963463
176.0624937725	13.4892585186	13.6578931501
176.2291604333	13.5100112045	13.6785899539
176.4027715383	13.5316285857	13.7001491245
176.5694381990	13.5523812716	13.7208459284
176.7361048598	13.5731339576	13.7415427322
176.9027715206	13.5938866435	13.7622395360
177.0694381813	13.6146393294	13.7829363398
177.2430492863	13.6362567106	13.8044955104
177.4097159471	13.6570093965	13.8251923143
177.5763826079	13.6777620825	13.8458891181
