  -60.0599968402778       7.095635821304700E-015  7.095635821304700E-015
  -59.8920030625000       2.163190475772752E-006                     NaN
  -59.7240028194444       1.224702745108124E-005  3.091042456669774E-005
  -59.5560025763889       1.925418805199173E-005  4.490727188907057E-005
  -59.3880023263889       2.094771349893171E-005  4.278060662508286E-005
  -59.2200020833333       1.667820077917721E-005  3.221054136530252E-005
  -59.0520018402778       8.020073481030101E-006  2.759274762964316E-005
  -58.8840015972222       1.929905180025237E-006  3.345089639022151E-005
  -58.7160013541667       1.082649137528536E-005  4.005765165930282E-005
  -58.5480011041667       1.634365097830877E-005  4.302502466653745E-005
  -58.3800008611111       1.781917935415341E-005  4.291151244163150E-005
  -58.2120006180556       1.585454092665562E-005  4.108497795662643E-005
  -58.0440003750000       1.229184888248713E-005  3.812609702223200E-005
  -57.8760001319444       1.110652155017477E-005  3.546726019463950E-005
  -57.7079998819444       1.487713158536447E-005  3.606442643354927E-005
  -57.5399996388889       1.931158647888348E-005  3.926597930320282E-005
  -57.3719993958333       2.086678319818728E-005  4.010634500656244E-005
  -57.2039991527778       1.925928863081871E-005  3.607339124049798E-005
  -57.0359989097222       1.683496514877052E-005  2.991916267416695E-005
  -56.8679986597222       1.650847987454554E-005  2.705122744228961E-005
  -56.6999984166667       1.820630406276597E-005  2.872359462594780E-005
  -56.5319981736111       1.954508006750666E-005  3.054587858401434E-005
  -56.3639979305556       1.929229938130484E-005  2.943373803622618E-005
  -56.1959976875000       1.795583283644045E-005  2.584759210779454E-005
  -56.0279974375000       1.666593814257680E-005  2.195058004541960E-005
  -55.8599971944444       1.587022774439361E-005  1.901916772802166E-005
  -55.6919969513889       1.516152338273500E-005  1.649952724565324E-005
  -55.5240031736111       1.410699575404825E-005  1.343652137215804E-005
  -55.3560029305556       1.270794091526751E-005  9.815776001968667E-006
  -55.1880026875000       1.120507219734725E-005  6.554533824763608E-006
  -55.0200024444444       9.745532746685360E-006  4.967848074791408E-006
  -54.8520021944444       8.289075423071873E-006  5.457894278240151E-006
  -54.6840019513889       6.733159725710682E-006  6.882737232662262E-006
  -54.5160017083333       5.022603606904152E-006  8.549641318884356E-006
  -54.3480014652778       3.143781577371330E-006  1.034396707703977E-005
  -54.1800012222222       9.739855590426059E-007  1.231115742125646E-005
  -54.0120009722222                          NaN  1.442121291367015E-005
  -53.8440007291667       2.754000769350753E-006  1.639594755092208E-005
  -53.6760004861111       4.916997316996085E-006  1.774619061594621E-005
  -53.5080002430556       6.960797455185013E-006  1.799286497106095E-005
  -53.3400000000000       8.839671892994763E-006  1.691553760494443E-005
  -53.1719997500000       1.050567606399579E-005  1.475015011141729E-005
  -53.0039995069444       1.192629799025792E-005  1.233830465975554E-005
  -52.8359992638889       1.308546559107531E-005  1.104804323784003E-005
  -52.6679990208333       1.398036788475467E-005  1.164451308232251E-005
  -52.4999987777778       1.461688740384914E-005  1.314648972655482E-005
  -52.3319985277778       1.500486913834063E-005  1.413082492316677E-005
  -52.1640015208333       1.515402924380160E-005  1.380858470483645E-005
  -51.9960012777778       1.507111532914386E-005  1.194906344712598E-005
  -51.8280010277778       1.475883480848395E-005  8.462714094567235E-006
  -51.6600007847222       1.421694814418232E-005                     NaN
  -51.4920005416667       1.344531986126480E-005                     NaN
  -51.3240002986111       1.244759535361543E-005                     NaN
  -51.1560000555556       1.123284848926058E-005                     NaN
  -50.9879998055556       9.811560096902355E-006                     NaN
  -50.8199995625000       8.180769377610037E-006                     NaN
  -50.6519993194444       6.283969350934117E-006                     NaN
  -50.4839990763889       3.844454925584095E-006                     NaN
  -50.3159988333333                          NaN                     NaN
  -50.1479985833333                          NaN                     NaN
  -49.9800015763889                          NaN                     NaN
  -49.8120013333333                          NaN                     NaN
  -49.6440010902778                          NaN                     NaN
  -49.4760008402778                          NaN                     NaN
  -49.3080005972222                          NaN                     NaN
  -49.1400003541667                          NaN                     NaN
  -48.9720001111111                          NaN                     NaN
  -48.8039998680556                          NaN                     NaN
  -48.6359996180556       2.480419466984335E-006                     NaN
  -48.4679993750000       4.039265135951099E-006                     NaN
  -48.2999991319444       4.933467384369304E-006                     NaN
  -48.1319988888889       5.568300410352836E-006                     NaN
  -47.9639986458333       6.122395562298626E-006                     NaN
  -47.7959983958333       6.704419144477812E-006                     NaN
  -47.6280013888889       7.368475338314372E-006                     NaN
  -47.4600011458333       8.121296837473634E-006                     NaN
  -47.2920008958333       8.936205564485734E-006                     NaN
  -47.1240006527778       9.769230450112636E-006                     NaN
  -46.9560004097222       1.057219252691127E-005                     NaN
  -46.7880001666667       1.130197991716135E-005                     NaN
  -46.6199999236111       1.192717567386832E-005                     NaN
  -46.4519996736111       1.243254172365221E-005                     NaN
  -46.2839994305556       1.282071332684368E-005                     NaN
  -46.1159991875000       1.311016248502333E-005                     NaN
  -45.9479989444444       1.332926905434279E-005                     NaN
  -45.7799987013889       1.350800806516743E-005                     NaN
  -45.6119984513889       1.367042228367399E-005                     NaN
  -45.4440014444444       1.383152601293034E-005                     NaN
  -45.2760012013889       1.400042860088828E-005                     NaN
  -45.1080009513889       1.418800516726106E-005                     NaN
  -44.9400007083333       1.441443962810107E-005                     NaN
  -44.7720004652778       1.471138359567618E-005                     NaN
  -44.6040002222222       1.511585809939336E-005                     NaN
  -44.4359999791667       1.565759116960143E-005                     NaN
  -44.2679997361111       1.634605833793220E-005                     NaN
  -44.0999994861111       1.716465496085891E-005                     NaN
  -43.9319992430556       1.807534591875865E-005                     NaN
  -43.7639990000000       1.903096442630247E-005                     NaN
  -43.5959987569444       1.998899419138986E-005  7.788967467595515E-006
  -43.4279985138889       2.092161773139555E-005  1.100667226474129E-005
  -43.2600015000000       2.181977732525909E-005  1.310900368994503E-005
  -43.0920012569444       2.269156605389695E-005  1.471453022013649E-005
  -42.9240010138889       2.355665450984356E-005  1.627054001236508E-005
  -42.7560007638889       2.443893775158235E-005  1.808192314532896E-005
  -42.5880005208333       2.535962312469580E-005  2.021839974089043E-005
  -42.4200002777778       2.633270006868167E-005  2.253380424840229E-005
  -42.2520000347222       2.736377657545547E-005  2.478777797686821E-005
  -42.0839997916667       2.845189220254691E-005  2.676556428159580E-005
  -41.9159995416667       2.959257419930617E-005  2.835069505779423E-005
  -41.7479992986111       3.077970706504789E-005  2.956121469500399E-005
  -41.5799990555556       3.200397091110023E-005  3.055544534425628E-005
  -41.4119988125000       3.324797573728571E-005  3.159066786251106E-005
  -41.2439985694444       3.448261733624628E-005  3.292443471637488E-005
  -41.0760015555556       3.567152004730116E-005  3.469714058127227E-005
  -40.9080013125000       3.678551406225478E-005  3.687505251578887E-005
  -40.7400010694444       3.781902389750402E-005  3.929294947752011E-005
  -40.5720008194444       3.879495471490574E-005  4.175063423432108E-005
  -40.4040005763889       3.975205922135773E-005  4.409210827671311E-005
  -40.2360003333333       4.072355959799724E-005  4.623636099861974E-005
  -40.0680000902778       4.172327267473164E-005  4.817002493267366E-005
  -39.8999998472222       4.274767500027136E-005  4.992505651169182E-005
  -39.7319995972222       4.378765627034469E-005  5.155687128783114E-005
  -39.5639993541667       4.483794862447104E-005  5.312608982354694E-005
  -39.3959991111111       4.589859515580012E-005  5.468174499530618E-005
  -39.2279988680556       4.697192575787138E-005  5.624781797179272E-005
  -39.0599986250000       4.806124990932353E-005  5.781971346012173E-005
  -38.8920016111111       4.917371366870643E-005  5.937574889675423E-005
  -38.7240013680556       5.032526208664041E-005  6.090120796164221E-005
  -38.5560011250000       5.154432887254217E-005  6.241489142291106E-005
  -38.3880008819444       5.287244230850988E-005  6.398443746271627E-005
  -38.2200006319444       5.436185668378028E-005  6.571803082825896E-005
  -38.0520003888889       5.607121712039970E-005  6.772716878388277E-005
  -37.8840001458333       5.806010833555421E-005  7.006978737269253E-005
  -37.7159999027778       6.038311590331423E-005  7.270151078493429E-005
  -37.5479996597222       6.308381057492056E-005  7.547224391457124E-005
  -37.3799994097222       6.618868583597353E-005  7.819133513765374E-005
  -37.2119991666667       6.970076207007107E-005  8.074406408554338E-005
  -37.0439989236111       7.359277917254227E-005  8.319362288618915E-005
  -36.8759986805556       7.780094018084857E-005  8.578188584327461E-005
  -36.7079984375000       8.222145471131424E-005  8.879182295760404E-005
  -36.5400014236111       8.671227480299235E-005  9.235249874735993E-005
  -36.3720011805556       9.110154746045824E-005  9.634864131418659E-005
  -36.2040009375000       9.520278062371038E-005  1.005207114681780E-004
  -36.0360006875000       9.883566027496595E-005  1.046735181924050E-004
  -35.8680004444444       1.018507339134280E-004  1.088396673229742E-004
  -35.7000002013889       1.041555762748625E-004  1.133074070763724E-004
  -35.5319999583333       1.057385941723794E-004  1.185129610607053E-004
  -35.3639997152778       1.066848549780513E-004  1.248458441375715E-004
  -35.1959994652778       1.071776242948050E-004  1.324537403405416E-004
  -35.0279992222222       1.074824090815459E-004  1.411817279674713E-004
  -34.8599989791667       1.079184916528562E-004  1.507233161417614E-004
  -34.6919987361111       1.088322474708550E-004  1.608384135177691E-004
  -34.5239984930556       1.105853001566134E-004  1.714414395487010E-004
  -34.3560014791667       1.135503008478918E-004  1.827612999396586E-004
  -34.1880012361111       1.180795515121074E-004  1.959273746096498E-004
  -34.0200009930556       1.244159116659712E-004  2.133502874280385E-004
  -33.8520007500000       1.325723626624375E-004  2.374063399463289E-004
  -33.6840005000000       1.422681989813533E-004  2.678356690913106E-004
  -33.5160002569444       1.529934273122849E-004  3.010429470989621E-004
  -33.3480000138889       1.641806248772662E-004  3.326072748491702E-004
  -33.1799997708333       1.753880852154913E-004  3.603138319480479E-004
  -33.0119995277778       1.863979645769211E-004  3.847762197344049E-004
  -32.8439992777778       1.971904439934752E-004  4.074998632999299E-004
  -32.6759990347222       2.078257624543375E-004  4.290483926424486E-004
  -32.5079987916667       2.183141516507393E-004  4.496808712037476E-004
  -32.3399985486111       2.285512484407125E-004  4.709468480178653E-004
  -32.1720015347222       2.383460707746805E-004  4.947002724317001E-004
  -32.0040012916667       2.475076037142460E-004  5.199134867262705E-004
  -31.8360010486111       2.559295046061240E-004  5.420956304703951E-004
  -31.6680008055556       2.636300364317710E-004  5.571576633523238E-004
  -31.5000005555556       2.707409878398703E-004  5.654942434929820E-004
  -31.3320003125000       2.774659836044325E-004  5.718038281873755E-004
  -31.1640000694444       2.840310037537513E-004  5.808322995285385E-004
  -30.9959998263889       2.906380782585785E-004  5.934007171032738E-004
  -30.8279995833333       2.974235796413472E-004  6.064864175582145E-004
  -30.6599993333333       3.044253519481784E-004  6.163238005368496E-004
  -30.4919990902778       3.115714612972917E-004  6.210684986311638E-004
  -30.3239988472222       3.187033808681215E-004  6.214925104933291E-004
  -30.1559986041667       3.256333877763883E-004  6.202092164105220E-004
  -29.9880015902778       3.322169798617383E-004  6.202386559716620E-004
  -29.8200013472222       3.384113797044281E-004  6.235081028382131E-004
  -29.6520011041667       3.442949442476020E-004  6.299323803818636E-004
  -29.4840008611111       3.500385302948981E-004  6.375928258942977E-004
  -29.3160006111111       3.558402583395945E-004  6.438587654221793E-004
  -29.1480003680556       3.618511046616449E-004  6.466938954090309E-004
  -28.9800001250000       3.681224833523736E-004  6.454742465060033E-004
  -28.8119998819444       3.745959855741215E-004  6.411230894449972E-004
  -28.6439996388889       3.811350342714300E-004  6.356820229805833E-004
  -28.4759993958333       3.875792989357849E-004  6.315115546655704E-004
  -28.3079991458333       3.937962112876376E-004  6.303742716623494E-004
  -28.1399989027778       3.997105971939118E-004  6.327671450215562E-004
  -27.9719986597222       4.053069467706841E-004  6.378087704086467E-004
  -27.8039984166667       4.106123420409234E-004  6.436741427539245E-004
  -27.6360014027778       4.156732842475413E-004  6.482868130885698E-004
  -27.4680011597222       4.205373305531504E-004  6.499701539809908E-004
  -27.3000009166667       4.252439423781299E-004  6.479076274293626E-004
  -27.1320006736111       4.298218465924498E-004  6.423569815984072E-004
  -26.9640004236111       4.342881300365629E-004  6.345770504220106E-004
  -26.7960001805556       4.386462604147155E-004  6.264416663827672E-004
  -26.6279999375000       4.428837496082593E-004  6.198102478863701E-004
  -26.4599996944444       4.469722887547804E-004  6.158844988105924E-004
  -26.2919994513889       4.508725310311276E-004  6.148639271703100E-004
  -26.1239992013889       4.545434887917377E-004  6.160679012553004E-004
  -25.9560005763889       4.579547411613151E-004  6.183913496921096E-004
  -25.7880003333333       4.610976172732305E-004  6.207786524226013E-004
  -25.6200000902778       4.639926121745610E-004  6.224746305764910E-004
  -25.4519998402778       4.666894587346307E-004  6.230237951244418E-004
  -25.2839995972222       4.692591645619103E-004  6.221516649554835E-004
  -25.1159993541667       4.717788944060155E-004  6.196959393498137E-004
  -24.9480007291667       4.743133040893913E-004  6.156660833808964E-004
  -24.7800004791667       4.768976673925224E-004  6.103709767850082E-004
  -24.6120002361111       4.795277553833785E-004  6.044677583923113E-004
  -24.4439999930556       4.821596989413109E-004  5.988270174554919E-004
  -24.2759997500000       4.847199230602919E-004  5.942464668577472E-004
  -24.1079995069444       4.871222622822026E-004  5.911682277835703E-004
  -23.9399992569444       4.892868557152630E-004  5.895626290431881E-004
  -23.7720006319444       4.911557386620541E-004  5.890285061095651E-004
  -23.6040003888889       4.927012390459011E-004  5.890218387132504E-004
  -23.4360001458333       4.939264784054841E-004  5.890691434030513E-004
  -23.2679999027778       4.948590875349401E-004  5.888720491710438E-004
  -23.0999996527778       4.955412726699747E-004  5.882975361317621E-004
  -22.9319994097222       4.960192429297618E-004  5.873073584800505E-004
  -22.7640007847222       4.963339404621891E-004  5.858876859717904E-004
  -22.5960005416667       4.965147811711470E-004  5.840154462012059E-004
  -22.4280002916667       4.965764617683938E-004  5.816699896131551E-004
  -22.2600000486111       4.965189414127552E-004  5.788736409841515E-004
  -22.0919998055556       4.963299841742992E-004  5.757274749714236E-004
  -21.9239995625000       4.959892000363482E-004  5.724075786172398E-004
  -21.7559993194444       4.954730465929978E-004  5.691150674146480E-004
  -21.5880006875000       4.947594819141039E-004  5.660149817665241E-004
  -21.4200004444444       4.938323993159070E-004  5.632107559269994E-004
  -21.2520002013889       4.926848658349937E-004  5.607654359465272E-004
  -21.0839999583333       4.913211842125140E-004  5.587359199249851E-004
  -20.9159997083333       4.897573225231010E-004  5.571832028594602E-004
  -20.7479994652778       4.880191218233288E-004  5.561534654232172E-004
  -20.5799992222222       4.861387229216536E-004  5.556510835177031E-004
  -20.4120005972222       4.841493921233894E-004  5.556262690697151E-004
  -20.2440003472222       4.820799691434556E-004  5.559869316607585E-004
  -20.0760001041667       4.799501764240450E-004  5.566210642391442E-004
  -19.9079998611111       4.777678885494449E-004  5.574050143596798E-004
  -19.7399996180556       4.755296305226674E-004  5.581893555511722E-004
  -19.5719993750000       4.732238122550953E-004  5.587915995881172E-004
  -19.4040007430556       4.708362981181429E-004  5.590325709763418E-004
  -19.2360005000000       4.683565280765874E-004  5.588083633906820E-004
  -19.0680002569444       4.657824081832471E-004  5.581376366650224E-004
  -18.9000000138889       4.631233047105833E-004  5.571397516418965E-004
  -18.7319997638889       4.604006031416240E-004  5.559670251192615E-004
  -18.5639995208333       4.576464176227611E-004  5.547522569846372E-004
  -18.3959992777778       4.549011761826613E-004  5.536088375382947E-004
  -18.2280006527778       4.522109666952256E-004  5.526738378092492E-004
  -18.0600004097222       4.496252917902830E-004  5.521479995062630E-004
  -17.8920001597222       4.471958267988653E-004  5.522757350357169E-004
  -17.7239999166667       4.449761201729934E-004  5.532475774104518E-004
  -17.5559996736111       4.430210578746305E-004  5.550883733233612E-004
  -17.3879994305556       4.413841939432754E-004  5.576319508695582E-004
  -17.2200007986111       4.401123840385069E-004  5.606130698471795E-004
  -17.0520005555556       4.392384875563761E-004  5.637957857807945E-004
  -16.8840003125000       4.387750726039340E-004  5.670322375004323E-004
  -16.7160000694444       4.387128413396254E-004  5.702344604491364E-004
  -16.5479998263889       4.390250904789004E-004  5.733284847917538E-004
  -16.3799995763889       4.396777506073204E-004  5.762506194977622E-004
  -16.2119993333333       4.406419744738594E-004  5.789754254204160E-004
  -16.0440007083333       4.419058931778938E-004  5.815290064097084E-004
  -15.8760004652778       4.434816269491464E-004  5.839712840089764E-004
  -15.7080002152778       4.454060796239894E-004  5.863722227033080E-004
  -15.5399999722222       4.477348663309364E-004  5.888190982921624E-004
  -15.3719997291667       4.505317773513983E-004  5.914538148265524E-004
  -15.2039994861111       4.538556443885608E-004  5.944920271902301E-004
  -15.0359992430556       4.577483052579152E-004  5.981743052234369E-004
  -14.8680006111111       4.622261937257258E-004  6.026558387090302E-004
  -14.7000003680556       4.672783793638276E-004  6.079048008257890E-004
  -14.5320001250000       4.728718950778687E-004  6.136950459495833E-004
  -14.3639998819444       4.789627884563463E-004  6.197194776259409E-004
  -14.1959996319444       4.855089507668460E-004  6.257550809802256E-004
  -14.0279993888889       4.924806292240486E-004  6.317609562431664E-004
  -13.8600007638889       4.998655127590122E-004  6.378402229459649E-004
  -13.6920005208333       5.076672355326743E-004  6.441064743856171E-004
  -13.5240002708333       5.158966284000065E-004  6.505609975907252E-004
  -13.3560000277778       5.245579191404369E-004  6.570566496299392E-004
  -13.1879997847222       5.336349840227008E-004  6.633564545962114E-004
  -13.0200003472222       5.430861597999494E-004  6.692464938047682E-004
  -12.8520001041667       5.528529013968932E-004  6.746483728069876E-004
  -12.6839998611111       5.628804864270450E-004  6.796926787720516E-004
  -12.5159996180556       5.731400080960583E-004  6.847279055597215E-004
  -12.3480001805556       5.836385181914904E-004  6.902465654715697E-004
  -12.1799999375000       5.944108619293119E-004  6.967410251346846E-004
  -12.0119996944444       6.054976822082133E-004  7.045521269774987E-004
  -11.8440002569444       6.169219836870996E-004  7.137891133071773E-004
  -11.6760000138889       6.286763205638026E-004  7.243432250495454E-004
  -11.5079997638889       6.407241684571365E-004  7.359520853175451E-004
  -11.3400003333333       6.530095289525563E-004  7.482764756320116E-004
  -11.1720000833333       6.654662399671328E-004  7.609851298180779E-004
  -11.0039998402778       6.780223757446261E-004  7.738210230310226E-004
  -10.8359995972222       6.906022587015077E-004  7.866135357872327E-004
  -10.6680001597222       7.031313557989254E-004  7.992672518021724E-004
  -10.4999999166667       7.155460727112464E-004  8.117719910959477E-004
  -10.3319996736111       7.278049846001598E-004  8.242088368731463E-004
  -10.1640002361111       7.398947193345818E-004  8.367014398951638E-004
  -9.99599999305556       7.518274863526892E-004  8.493056724868354E-004
  -9.82799975000000       7.636319284064561E-004  8.618910765341325E-004
  -9.66000031250000       7.753438156789341E-004  8.741281652524482E-004
  -9.49200006944444       7.870032059613512E-004  8.856607000910060E-004
  -9.32399981944444       7.986596993283092E-004  8.963615335469131E-004
  -9.15600038888889       8.103812697807385E-004  9.064432018163293E-004
  -8.98800013888889       8.222604554777145E-004  9.163063232598692E-004
  -8.81999989583333       8.344144927189937E-004  9.262690753111074E-004
  -8.65199965277778       8.469843521918572E-004  9.364495228798454E-004
  -8.48400021527778       8.601366265529741E-004  9.469204348743176E-004
  -8.31599997222222       8.740636308974854E-004  9.579597584715489E-004
  -8.14799972916667       8.889678781496070E-004  9.701288724738964E-004
  -7.98000029166667       9.050225437335215E-004  9.841471901589033E-004
  -7.81200004861111       9.223239779710095E-004  1.000766705743440E-003
  -7.64399980555556       9.408704388548942E-004  1.020749013571909E-003
  -7.47600036805556       9.605906641092549E-004  1.044796725059032E-003
  -7.30800012500000       9.814075602088714E-004  1.073317291448959E-003
  -7.13999988194444       1.003292143440849E-003  1.106176874831107E-003
  -6.97199963194444       1.026269409460786E-003  1.142702309325802E-003
  -6.80400019791667       1.050381047096979E-003  1.181881239295323E-003
  -6.63599995347222       1.075642696422389E-003  1.222459586491048E-003
  -6.46800011388889       1.102029761300457E-003  1.262881819382631E-003
  -6.29999986944444       1.129490671371102E-003  1.301377862553106E-003
  -6.13200002916667       1.157962361330861E-003  1.336415427704696E-003
  -5.96400018888889       1.187371262499604E-003  1.367326076635887E-003
  -5.79599994444444       1.217635451658390E-003  1.394615393609503E-003
  -5.62800010416667       1.248693286843574E-003  1.419638300782396E-003
  -5.45999985972222       1.280557120947627E-003  1.443897182749269E-003
  -5.29200001944444       1.313356615641192E-003  1.468577981556536E-003
  -5.12400017916667       1.347331445652110E-003  1.494631088407317E-003
  -4.95599993472222       1.382770049562490E-003  1.523113945040117E-003
  -4.78800009444444       1.419931911498239E-003  1.555283829753767E-003
  -4.61999985000000       1.459001613498065E-003  1.592225154486618E-003
  -4.45200000972222       1.500093431797772E-003  1.634284995422406E-003
  -4.28400016944444       1.543282382411259E-003  1.680840439379237E-003
  -4.11599992500000       1.588621733672344E-003  1.730668671926924E-003
  -3.94800008541667       1.636127399738142E-003  1.782654905641979E-003
  -3.77999984097222       1.685746858205065E-003  1.836324180310889E-003
  -3.61200000069444       1.737357871970476E-003  1.891883736862187E-003
  -3.44400016041667       1.790824940537942E-003  1.949830804625146E-003
  -3.27599991597222       1.846083605374697E-003  2.010443471807137E-003
  -3.10800007569444       1.903181265983095E-003  2.073546888680239E-003
  -2.94000003333333       1.962225978476943E-003  2.138720309144462E-003
  -2.77199999097222       2.023284709475811E-003  2.205707001564130E-003
  -2.60399994861111       2.086329265489057E-003  2.274625706580618E-003
  -2.43599990625000       2.151285393056914E-003  2.345806638366430E-003
  -2.26800006597222       2.218140961077108E-003  2.419416881780709E-003
  -2.10000002361111       2.287017882425617E-003  2.495280585265732E-003
  -1.93199998125000       2.358159390571148E-003  2.573121169674771E-003
  -1.76399993888889       2.431853886816085E-003  2.653036437791387E-003
  -1.59599999791667       2.508350808961172E-003  2.735777126467364E-003
  -1.42799995555556       2.587815683977251E-003  2.822484418396847E-003
  -1.26000001458333       2.670337939745323E-003  2.914013206798495E-003
  -1.09199997222222       2.755970521552629E-003  3.010502275996345E-003
 -0.924000030555556       2.844746661810757E-003  3.111742925715851E-003
 -0.755999988194444       2.936642106917586E-003  3.217997595899219E-003
 -0.587999996527778       3.031531832371593E-003  3.330159953534554E-003
 -0.420000004722222       3.129233246502956E-003  3.448758342865371E-003
 -0.251999987708333       3.229640592724661E-003  3.572869968459603E-003
 -8.400000222222222E-002  3.332843775640489E-003  3.700651162051424E-003
  8.400000222222222E-002  3.439120726756712E-003  3.831279463266165E-003
  0.251999987708333       3.548836562267023E-003  3.966100485413296E-003
  0.420000004722222       3.662377733212102E-003  4.107310367249673E-003
  0.587999996527778       3.780146644641692E-003  4.255450316033426E-003
  0.755999988194444       3.902593092441615E-003  4.408871076943512E-003
  0.924000030555556       4.030202206854176E-003  4.565912863733297E-003
   1.09199997222222       4.163424443356193E-003  4.727144955998064E-003
   1.26000001458333       4.302853756676694E-003  4.894852156352807E-003
   1.42799995555556       4.449219407957805E-003  5.070653929253236E-003
   1.59599999791667       4.603675689604765E-003  5.254281571382759E-003
   1.76399993888889       4.767521710702366E-003  5.444687382279790E-003
   1.93199998125000       4.942220220038001E-003  5.641270309941980E-003
   2.10000002361111       5.129411312333530E-003  5.843730199719168E-003
   2.26800006597222       5.330587353286620E-003  6.052118713433816E-003
   2.43599990625000       5.548095316297460E-003  6.265251837117686E-003
   2.60399994861111       5.783137295931870E-003  6.482020930554467E-003
   2.77199999097222       6.039838637358376E-003  6.700227062461983E-003
   2.94000003333333       6.323178243920483E-003  6.916948364959048E-003
   3.10800007569444       6.635416711870500E-003  7.130630304966507E-003
   3.27599991597222       6.995441258157141E-003  7.338884607335110E-003
   3.44400016041667       7.400985364393152E-003  7.532264514513902E-003
   3.61200000069444       7.884213799310038E-003  7.725210188377681E-003
   3.77999984097222       8.415699572926712E-003  8.005929244484830E-003
   3.94800008541667       9.075135645209014E-003  8.609938001688138E-003
   4.11599992500000       1.000161302604868E-002  1.008816165067215E-002
   4.28400016944444       1.168045929837749E-002  1.285316575751802E-002
   4.45200000972222       1.457314402897090E-002  1.681104180823690E-002
   4.61999985000000       1.887618508610417E-002  2.121309637420973E-002
   4.78800009444444       2.508368346452424E-002  2.592589744171779E-002
   4.95599993472222       3.261891500865075E-002  3.220432625912862E-002
   5.12400017916667       3.991286262182698E-002  3.979207209777589E-002
   5.29200001944444       4.698751861705024E-002  4.755890049508526E-002
   5.45999985972222       5.446198660998138E-002  5.561865679524908E-002
   5.62800010416667       6.285568267320815E-002  6.391501698312330E-002
   5.79599994444444       7.188772552901704E-002  7.180530191282063E-002
   5.96400018888889       8.061424982842111E-002  7.939903464276141E-002
   6.13200002916667       8.834753431574213E-002  8.707167813785861E-002
   6.29999986944444       9.524027328234337E-002  9.457583599530053E-002
   6.46800011388889       0.101601774507408       0.101585910780488     
   6.63599995347222       0.107507470443275       0.107956081276251     
   6.80400019791667       0.113016231901259       0.113443477838467     
   6.97199963194444       0.118198415509041       0.117817316945872     
   7.13999988194444       0.122963343388321       0.121304970680786     
   7.30800012500000       0.126756679213054       0.124170277558569     
   7.47600036805556       0.129267547777355       0.126268021719770     
   7.64399980555556       0.130669500075983       0.127537632454712     
   7.81200004861111       0.131227178319012       0.128219919738136     
   7.98000029166667       0.131100426983855       0.128355527063162     
   8.14799972916667       0.130484779726427       0.128185078496228     
   8.31599997222222       0.129647808489139       0.127908053941654     
   8.48400021527778       0.128436498293096       0.127249357316955     
   8.65199965277778       0.126836782500706       0.126053922339790     
   8.81999989583333       0.125107160143794       0.124220803069475     
   8.98800013888889       0.123195445059059       0.121642675652804     
   9.15600038888889       0.120862737217501       0.118682958212829     
   9.32399981944444       0.117918126034451       0.115673369387932     
   9.49200006944444       0.114706980478786       0.112313656943332     
   9.66000031250000       0.111440637208492       0.108753861001560     
   9.82799975000000       0.107997216707844       0.105106610125452     
   9.99599999305556       0.104134351126282       0.101269885809691     
   10.1640002361111       9.994095839669744E-002  9.733775065116414E-002
   10.3319996736111       9.553886499526071E-002  9.349107024517188E-002
   10.4999999166667       9.104164746575499E-002  8.943994929247345E-002
   10.6680001597222       8.643804894986128E-002  8.484764844833388E-002
   10.8359995972222       8.151747035340826E-002  7.990358820399270E-002
   11.0039998402778       7.620215607251865E-002  7.482250306605417E-002
   11.1720000833333       7.046701952746379E-002  6.946822338650763E-002
   11.3400003333333       6.441201052364291E-002  6.402475191664382E-002
   11.5079997638889       5.784598614279232E-002  5.886383740110603E-002
   11.6760000138889       5.082681549420998E-002  5.400444214639008E-002
   11.8440002569444       4.423814818821779E-002  4.916165070534077E-002
   12.0119996944444       3.837358812500086E-002  4.409430759959218E-002
   12.1799999375000       3.300590676239223E-002  3.879417781810516E-002
   12.3480001805556       2.828137391827794E-002  3.369316250349681E-002
   12.5159996180556       2.428845941735240E-002  2.917423297218990E-002
   12.6839998611111       2.065138865695548E-002  2.509069226299334E-002
   12.8520001041667       1.744725439722266E-002  2.159620174690300E-002
   13.0200003472222       1.475130994574741E-002  1.845317195194455E-002
   13.1879997847222       1.235554647557257E-002  1.544076999344085E-002
   13.3560000277778       1.026600766251528E-002  1.278560823222880E-002
   13.5240002708333       8.513068837066611E-003  1.056867751946118E-002
   13.6920005208333       7.188701851238723E-003  9.018826604755186E-003
   13.8600007638889       6.266081906509579E-003  8.051578882701102E-003
   14.0279993888889       5.708083303434731E-003  7.361265615684814E-003
   14.1959996319444       5.449809256285300E-003  6.849425468434103E-003
   14.3639998819444       5.319308165695437E-003  6.439030100021504E-003
   14.5320001250000       5.229251474910298E-003  6.070508740118253E-003
   14.7000003680556       5.117533125783308E-003  5.745469526993804E-003
   14.8680006111111       4.956510849296975E-003  5.472406890790881E-003
   15.0359992430556       4.783207535582822E-003  5.245987633040913E-003
   15.2039994861111       4.618039699574174E-003  5.048100721036840E-003
   15.3719997291667       4.458777462638390E-003  4.864150476963303E-003
   15.5399999722222       4.305138084750625E-003  4.692091464605937E-003
   15.7080002152778       4.159212541286037E-003  4.530450310224933E-003
   15.8760004652778       4.022201722473608E-003  4.378469141198437E-003
   16.0440007083333       3.894555505006388E-003  4.234696607089459E-003
   16.2119993333333       3.775156876747508E-003  4.097105849715377E-003
   16.3799995763889       3.662029821822102E-003  3.965188883320002E-003
   16.5479998263889       3.553016239197138E-003  3.839690815583656E-003
   16.7160000694444       3.446429998701002E-003  3.721551461025397E-003
   16.8840003125000       3.341766414796080E-003  3.610577498790596E-003
   17.0520005555556       3.239947746146556E-003  3.505206792791966E-003
   17.2200007986111       3.142580285680143E-003  3.403373388318390E-003
   17.3879994305556       3.050524637886271E-003  3.303822324861583E-003
   17.5559996736111       2.963112649048521E-003  3.206494546362968E-003
   17.7239999166667       2.878706071715014E-003  3.111796249199572E-003
   17.8920001597222       2.796020307797151E-003  3.019872299379111E-003
   18.0600004097222       2.714994869062684E-003  2.930545383233081E-003
   18.2280006527778       2.636498377327419E-003  2.843622230318331E-003
   18.3959992777778       2.561235105893075E-003  2.759060879481219E-003
   18.5639995208333       2.488975207497643E-003  2.676944415298465E-003
   18.7319997638889       2.418790339110757E-003  2.597614679045387E-003
   18.9000000138889       2.349880427406980E-003  2.521913679201400E-003
   19.0680002569444       2.282170974718221E-003  2.450950794452127E-003
   19.2360005000000       2.216243885857624E-003  2.385289808826838E-003
   19.4040007430556       2.152783098912901E-003  2.324258394903781E-003
   19.5719993750000       2.092057668838807E-003  2.266208544347468E-003
   19.7399996180556       2.033791616573932E-003  2.209659681951269E-003
   19.9079998611111       1.977438480095317E-003  2.154167383222700E-003
   20.0760001041667       1.922655753020449E-003  2.100049679825229E-003
   20.2440003472222       1.869617281067768E-003  2.047478949054967E-003
   20.4120005972222       1.818884161766451E-003  1.996056882184487E-003
   20.5799992222222       1.770895892873617E-003  1.945236575943386E-003
   20.7479994652778       1.725510950942199E-003  1.894959574925193E-003
   20.9159997083333       1.682132827972121E-003  1.845702083103121E-003
   21.0839999583333       1.640425039160992E-003  1.797915599243594E-003
   21.2520002013889       1.600781578934767E-003  1.751678974406859E-003
   21.4200004444444       1.563787204206499E-003  1.706930907188050E-003
   21.5880006875000       1.529137546904368E-003  1.663651717428206E-003
   21.7559993194444       1.495353980801101E-003  1.621545035521472E-003
   21.9239995625000       1.460842150321021E-003  1.579700988214198E-003
   22.0919998055556       1.425301464418553E-003  1.536916475458285E-003
   22.2600000486111       1.390082787227887E-003  1.492664883144575E-003
   22.4280002916667       1.357121569253667E-003  1.447859475097249E-003
   22.5960005416667       1.327277902412824E-003  1.404461531083961E-003
   22.7640007847222       1.299485836608115E-003  1.364047893560499E-003
   22.9319994097222       1.271549853199223E-003  1.326567893744047E-003
   23.0999996527778       1.241859341581500E-003  1.290458604499536E-003
   23.2679999027778       1.210537330451666E-003  1.254006111893488E-003
   23.4360001458333       1.179304665674874E-003  1.216573630731960E-003
   23.6040003888889       1.150255187859593E-003  1.178628240712615E-003
   23.7720006319444       1.124335913458260E-003  1.140979222959551E-003
   23.9399992569444       1.100672400493437E-003  1.104311640358226E-003
   24.1079995069444       1.077294675082178E-003  1.069301837941059E-003
   24.2759997500000       1.052722976887702E-003  1.036605056263133E-003
   24.4439999930556       1.027186017295895E-003  1.006294509338600E-003
   24.6120002361111       1.002341813157692E-003  9.774954906832066E-004
   24.7800004791667       9.797501449447662E-004  9.489568831276580E-004
   24.9480007291667       9.596054867210879E-004  9.200343665043964E-004
   25.1159993541667       9.407196917465762E-004  8.911069327593916E-004
   25.2839995972222       9.216184334473088E-004  8.631462249557122E-004
   25.4519998402778       9.017752270731503E-004  8.368966427162419E-004
   25.6200000902778       8.818273290492530E-004  8.123634170070285E-004
   25.7880003333333       8.627688356151962E-004  7.890098667383224E-004
   25.9560005763889       8.450600356166560E-004  7.664434642098611E-004
   26.1239992013889       8.283148584300622E-004  7.448144063606837E-004
   26.2919994513889       8.116986870362306E-004  7.244377362340174E-004
   26.4599996944444       7.947316327115841E-004  7.052084283072184E-004
   26.6279999375000       7.778280713703002E-004  6.866380040566694E-004
   26.7960001805556       7.619760123140788E-004  6.683165486506780E-004
   26.9640004236111       7.477899008778549E-004  6.500706134812146E-004
   27.1320006736111       7.349610229157186E-004  6.318576382304705E-004
   27.3000009166667       7.225851160351783E-004  6.137401165474134E-004
   27.4680011597222       7.098723199148703E-004  5.957859144227976E-004
   27.6360014027778       6.965695402248600E-004  5.780263397845828E-004
   27.8039984166667       6.827867430031186E-004  5.606733846157350E-004
   27.9719986597222       6.686795341854619E-004  5.439415676869945E-004
   28.1399989027778       6.544751028869080E-004  5.276610682841906E-004
   28.3079991458333       6.403669475691235E-004  5.117935066867627E-004
   28.4759993958333       6.262147705799418E-004  4.969161247477933E-004
   28.6439996388889       6.117482561015543E-004  4.835818440606261E-004
   28.8119998819444       5.968658280057236E-004  4.717502449863024E-004
   28.9800001250000       5.816103908264997E-004  4.607685764466787E-004
   29.1480003680556       5.664745006295120E-004  4.496492068891381E-004
   29.3160006111111       5.524321239213356E-004  4.377560387769364E-004
   29.4840008611111       5.399405052993965E-004  4.251079307817030E-004
   29.6520011041667       5.282979055350547E-004  4.122573189337559E-004
   29.8200013472222       5.161868572844084E-004  4.002247061334925E-004
   29.9880015902778       5.027921221361411E-004  3.897740538256240E-004
   30.1559986041667       4.887853811358082E-004  3.806411912817595E-004
   30.3239988472222       4.759364894407441E-004  3.721223880289947E-004
   30.4919990902778       4.653026078253390E-004  3.638383771376028E-004
   30.6599993333333       4.561351635023156E-004  3.554610770654521E-004
   30.8279995833333       4.468214700225880E-004  3.465220237745595E-004
   30.9959998263889       4.366383489014687E-004  3.368271957649287E-004
   31.1640000694444       4.263590443108016E-004  3.265811287214394E-004
   31.3320003125000       4.171834479670469E-004  3.161801993643436E-004
   31.5000005555556       4.091547776205549E-004  3.061248375133998E-004
   31.6680008055556       4.008616544563145E-004  2.968199199850286E-004
   31.8360010486111       3.908669729687729E-004  2.884126413806802E-004
   32.0040012916667       3.791525970108631E-004  2.809653902688534E-004
   32.1720015347222       3.673257617129602E-004  2.746684626477374E-004
   32.3399985486111       3.577031173122510E-004  2.699167197848748E-004
   32.5079987916667       3.516627067938624E-004  2.668302989611525E-004
   32.6759990347222       3.485767475002804E-004  2.643638404033613E-004
   32.8439992777778       3.462274051987506E-004  2.607978889444571E-004
   33.0119995277778       3.421137854470843E-004  2.556332118631958E-004
   33.1799997708333       3.349851480996431E-004  2.498825678684995E-004
   33.3480000138889       3.257598264397363E-004  2.441572413141583E-004
   33.5160002569444       3.170163721454868E-004  2.376872929811625E-004
   33.6840005000000       3.110658719741526E-004  2.292566027793862E-004
   33.8520007500000       3.077468740005578E-004  2.182302457838504E-004
   34.0200009930556       3.039212580369985E-004  2.049917568485711E-004
   34.1880012361111       2.960986120497601E-004  1.906312376143861E-004
   34.3560014791667       2.835743536095316E-004  1.755537875121320E-004
   34.5239984930556       2.683404737578913E-004  1.583619015658252E-004
   34.6919987361111       2.530912319405395E-004  1.380517169944287E-004
   34.8599989791667       2.398583961050568E-004  1.166933686091950E-004
   35.0279992222222       2.292001994405557E-004  9.618050602408723E-005
   35.1959994652778       2.193594529753023E-004  7.288432421249225E-005
   35.3639997152778       2.084250741560430E-004  3.321949533826103E-005
   35.5319999583333       1.963164313619669E-004                     NaN
   35.7000002013889       1.836223323626680E-004                     NaN
   35.8680004444444       1.715758236192071E-004                     NaN
   36.0360006875000       1.590572449680425E-004                     NaN
   36.2040009375000       1.451190081024111E-004                     NaN
   36.3720011805556       1.303952490527535E-004                     NaN
   36.5400014236111       1.155392694242572E-004                     NaN
   36.7079984375000       1.078661033201374E-004                     NaN
   36.8759986805556       9.770883216908045E-005                     NaN
   37.0439989236111       8.893196129379251E-005                     NaN
   37.2119991666667       6.967427332140858E-005                     NaN
   37.3799994097222       6.025624242847844E-005                     NaN
   37.5479996597222       5.687061390421441E-005                     NaN
   37.7159999027778       1.417542717278359E-005                     NaN
   37.8840001458333       2.195328649342666E-004                     NaN
   38.0520003888889       7.519452903208031E-004  5.793616081850469E-004
   38.2200006319444       2.902801515407953E-003  3.515152606937021E-003
   38.3880008819444       7.501195482223211E-003  1.113052075093528E-002
   38.5560011250000       6.073588693194186E-003  8.496555498013314E-003
   38.7240013680556       1.648809128534030E-003  6.388400035541115E-004
   38.8920016111111                          NaN                     NaN
   39.0599986250000                          NaN                     NaN
   39.2279988680556                          NaN                     NaN
   39.3959991111111                          NaN                     NaN
   39.5639993541667                          NaN                     NaN
   39.7319995972222                          NaN                     NaN
   39.8999998472222       2.215341379872917E-004                     NaN
   40.0680000902778                          NaN                     NaN
   40.2360003333333       9.191193202666919E-005                     NaN
   40.4040005763889       2.562327449427039E-004                     NaN
   40.5720008194444       4.100538572031434E-004  1.718356134471496E-004
   40.7400010694444       3.718786618334825E-004  2.864814466204838E-004
   40.9080013125000       2.510929886234260E-004  2.882627008379183E-004
   41.0760015555556       9.824146244377199E-005                     NaN
   41.2439985694444       1.721421822922123E-004                     NaN
   41.4119988125000       2.810765387521795E-004  2.864559423690147E-004
   41.5799990555556       3.398441758100623E-004  3.764293251870054E-004
   41.7479992986111       2.949655372678637E-004  3.933104204304978E-004
   41.9159995416667       1.793670078439421E-004  2.980545521383953E-004
   42.0839997916667       7.299042031101825E-005                     NaN
   42.2520000347222       1.457464068442925E-004                     NaN
   42.4200002777778       2.412632554294651E-004  2.466005294170893E-004
   42.5880005208333       3.149981700725843E-004  4.063633003617207E-004
   42.7560007638889       2.762889116490760E-004  3.880727459951628E-004
   42.9240010138889       1.620416537759281E-004  2.904302283368347E-004
   43.0920012569444       5.455163312002435E-005  1.889956241163831E-004
   43.2600015000000       1.337015657234479E-004  1.667399198584392E-004
   43.4279985138889       2.404413872471719E-004  2.850725802167876E-004
   43.5959987569444       2.895565335112784E-004  3.629296217166153E-004
   43.7639990000000       2.630038392832581E-004  3.825895213323499E-004
   43.9319992430556       1.842617224185369E-004  2.681986930362271E-004
   44.0999994861111       1.568736808831154E-004  1.311249430210298E-004
   44.2679997361111       2.048109306631827E-004  1.833955921964887E-004
   44.4359999791667       2.533903628478300E-004  2.841074745916856E-004
   44.6040002222222       3.035216483090335E-004  3.524799168138567E-004
   44.7720004652778       2.843072549289380E-004  3.611351802237382E-004
   44.9400007083333       2.026722852568949E-004  2.928583740629374E-004
   45.1080009513889       1.545216581732974E-004  2.075743902571357E-004
   45.2760012013889       1.827365250697901E-004  1.765571573479544E-004
   45.4440014444444       2.318474790244590E-004  2.745384649465811E-004
   45.6119984513889       2.520336449065044E-004  3.370712622757593E-004
   45.7799987013889       2.114432804670882E-004  3.471377662664329E-004
   45.9479989444444       1.265511534504022E-004  2.556931844026679E-004
   46.1159991875000       1.024895492469365E-004  1.364744217731079E-004
   46.2839994305556       1.452778452300703E-004  2.125881090835754E-005
   46.4519996736111       1.759063621823343E-004  1.802688425305338E-004
   46.6199999236111       2.188688148914768E-004  2.698794924482706E-004
   46.7880001666667       2.155575413273584E-004  2.929878012179759E-004
   46.9560004097222       1.436042935237155E-004  2.292325653686107E-004
   47.1240006527778       8.637079448028342E-005  1.613743363044551E-004
   47.2920008958333       1.259653562567848E-004  1.329931373448537E-004
   47.4600011458333       1.787041961860040E-004  2.077217430425930E-004
   47.6280013888889       2.078540136126572E-004  3.039713470955082E-004
   47.7959983958333       1.988118928346263E-004  3.291679785875835E-004
   47.9639986458333       1.452707943657572E-004  2.822168978849964E-004
   48.1319988888889       1.321098141117407E-004  2.154591089877296E-004
   48.2999991319444       1.548752605409159E-004  1.783767215973652E-004
   48.4679993750000       1.750835221138037E-004  2.214299456929265E-004
   48.6359996180556       2.097424885783670E-004  2.883215248079203E-004
   48.8039998680556       2.293710448250252E-004  2.992203201152619E-004
   48.9720001111111       2.058069211793497E-004  2.527704185853726E-004
   49.1400003541667       1.926792174192476E-004  1.995112061716965E-004
   49.3080005972222       2.113079868271852E-004  1.867498834202467E-004
   49.4760008402778       2.429209759017043E-004  2.270290232422460E-004
   49.6440010902778       2.592518214900376E-004  2.877144710598962E-004
   49.8120013333333       2.791789711358001E-004  3.054589432369162E-004
   49.9800015763889       2.546426568027027E-004  2.805964655673635E-004
   50.1479985833333       2.444799258460927E-004  2.461573118563369E-004
   50.3159988333333       2.380034452757471E-004  2.161953546167764E-004
   50.4839990763889       2.383103589886204E-004  2.525120050299750E-004
   50.6519993194444       2.407756715974166E-004  2.959626900349388E-004
   50.8199995625000       2.520353903156082E-004  3.127113458253571E-004
   50.9879998055556       2.271350070938078E-004  2.725754773634016E-004
   51.1560000555556       2.020154252518496E-004  2.239757954434657E-004
   51.3240002986111       1.940371615510701E-004  1.654228803753742E-004
   51.4920005416667       1.979139567670373E-004  1.661893577232249E-004
   51.6600007847222       2.047296702735285E-004  2.191965395999458E-004
   51.8280010277778       2.189355289432147E-004  2.481868448122157E-004
   51.9960012777778       2.051405607516055E-004  2.238772864212115E-004
   52.1640015208333       1.881197438454548E-004  1.905472090601790E-004
   52.3319985277778       1.823467266527877E-004  1.561402675715905E-004
   52.4999987777778       1.952838805096606E-004  1.688559318956482E-004
   52.6679990208333       2.067108813500740E-004  2.132781097934935E-004
   52.8359992638889       2.189460118557918E-004  2.760213889082477E-004
   53.0039995069444       2.101653493869315E-004  2.669584460416981E-004
   53.1719997500000       1.988236825364189E-004  2.481021034867086E-004
   53.3400000000000       1.988851425427327E-004  2.243856704706189E-004
   53.5080002430556       2.104528197703995E-004  2.127036533447026E-004
   53.6760004861111       2.161657063655130E-004  2.328055505586119E-004
   53.8440007291667       2.312223831473147E-004  2.521558863075270E-004
   54.0120009722222       2.301202309918657E-004  2.570822643646782E-004
   54.1800012222222       2.256665744742681E-004  2.191977126986204E-004
   54.3480014652778       2.285592076206436E-004  2.059935272771709E-004
   54.5160017083333       2.339335428099235E-004  2.142245319836065E-004
   54.6840019513889       2.407666599278591E-004  2.432280014596234E-004
   54.8520021944444       2.451891031554366E-004  2.847124410607947E-004
   55.0200024444444       2.494217269435551E-004  2.799556895960540E-004
   55.1880026875000       2.370177631413759E-004  2.743892918123230E-004
   55.3560029305556       2.204225028525549E-004  2.562320980596478E-004
   55.5240031736111       2.134511059825525E-004  2.335922781883860E-004
   55.6919969513889       2.095998212034347E-004  2.501578340953443E-004
   55.8599971944444       2.042500752851424E-004  2.638282546165737E-004
   56.0279974375000       2.113006551414563E-004  2.672932458966021E-004
   56.1959976875000       2.032245598489429E-004  2.297022519217620E-004
   56.3639979305556       1.914689728927828E-004  2.145070974975574E-004
   56.5319981736111       1.797365307075553E-004  1.869965024406776E-004
   56.6999984166667       1.783876699286634E-004  1.804765093558122E-004
   56.8679986597222       1.679002909027154E-004  1.973917850569984E-004
   57.0359989097222       1.695196350124088E-004  2.071314566185376E-004
   57.2039991527778       1.648791532481839E-004  1.813436851574255E-004
   57.3719993958333       1.540769779553726E-004  1.776419988324293E-004
   57.5399996388889       1.421109103677700E-004  1.719903809655038E-004
   57.7079998819444       1.340900120817184E-004  1.926056928814178E-004
   57.8760001319444       1.256973373733831E-004  2.024109645379491E-004
   58.0440003750000       1.221807879698464E-004  2.092125811640902E-004
   58.2120006180556       1.314109778692542E-004  2.155904077770726E-004
   58.3800008611111       1.264052633785369E-004  2.162507474048173E-004
   58.5480011041667       1.265066158284161E-004  2.260128766779418E-004
   58.7160013541667       1.280773901982461E-004  2.229400330379796E-004
   58.8840015972222       1.282242159836670E-004  2.192116536561768E-004
   59.0520018402778       1.225415006644337E-004  2.071665933903535E-004
   59.2200020833333       1.039647729408884E-004  1.916868896652923E-004
   59.3880023263889       7.499910560706566E-005  1.556002892482767E-004
   59.5560025763889       5.863381227511680E-005  9.798901056091213E-005
   59.7240028194444       4.571278013357377E-005                     NaN
   59.8920030625000       2.785444186464020E-005                     NaN
   60.0599968402778       0.000000000000000E+000  0.000000000000000E+000
