  -60.0599968402778       7.095635821304700E-015  7.095635821304700E-015
  -59.8920030625000       4.965782591506087E-005  1.024613094361107E-004
  -59.7240028194444       8.565296332108662E-005  1.583054427277039E-004
  -59.5560025763889       1.103835292216430E-004  1.803949780296549E-004
  -59.3880023263889       1.249705699603411E-004  1.919321088111959E-004
  -59.2200020833333       1.363746414980169E-004  2.090916896619763E-004
  -59.0520018402778       1.452568744862965E-004  2.228978297082753E-004
  -58.8840015972222       1.539992645957873E-004  2.333381538314315E-004
  -58.7160013541667       1.622546600056519E-004  2.423846522824951E-004
  -58.5480011041667       1.702036938510292E-004  2.505214672153445E-004
  -58.3800008611111       1.773544937309054E-004  2.580793482287990E-004
  -58.2120006180556       1.841606871151575E-004  2.654499275417290E-004
  -58.0440003750000       1.905917590624068E-004  2.730127574266961E-004
  -57.8760001319444       1.968580379182799E-004  2.807439604013448E-004
  -57.7079998819444       2.029317929238633E-004  2.883043211611724E-004
  -57.5399996388889       2.088829064794627E-004  2.956325389129082E-004
  -57.3719993958333       2.146124326516643E-004  3.029801692131787E-004
  -57.2039991527778       2.201036712833160E-004  3.105109944562163E-004
  -57.0359989097222       2.253378951467459E-004  3.179734092594605E-004
  -56.8679986597222       2.303777204644567E-004  3.250373728154692E-004
  -56.6999984166667       2.352642422848162E-004  3.316808285910372E-004
  -56.5319981736111       2.400204422691460E-004  3.380052410347089E-004
  -56.3639979305556       2.445987659079949E-004  3.437523708545481E-004
  -56.1959976875000       2.489401774073482E-004  3.484202499186727E-004
  -56.0279974375000       2.530289629942502E-004  3.520360430396033E-004
  -55.8599971944444       2.569302101089365E-004  3.555457464102961E-004
  -55.6919969513889       2.607197408548489E-004  3.600488326548396E-004
  -55.5240031736111       2.644029293620430E-004  3.656008702294847E-004
  -55.3560029305556       2.679067363077653E-004  3.710571778154766E-004
  -55.1880026875000       2.711679192652769E-004  3.752136748512065E-004
  -55.0200024444444       2.742047147668152E-004  3.779287922710507E-004
  -54.8520021944444       2.770961270888649E-004  3.801140581525628E-004
  -54.6840019513889       2.798972181769956E-004  3.828399730583191E-004
  -54.5160017083333       2.825918890242261E-004  3.865517918590607E-004
  -54.3480014652778       2.851308549092527E-004  3.910003511629859E-004
  -54.1800012222222       2.875085137532449E-004  3.957071399605143E-004
  -54.0120009722222       2.897883752257942E-004  4.003694045649824E-004
  -53.8440007291667       2.920427846654257E-004  4.047974025686797E-004
  -53.6760004861111       2.942736413606754E-004  4.086026637608344E-004
  -53.5080002430556       2.964104928925779E-004  4.112628423037869E-004
  -53.3400000000000       2.983912393015823E-004  4.126792437614079E-004
  -53.1719997500000       3.002270257839415E-004  4.135146687888666E-004
  -53.0039995069444       3.019773918998661E-004  4.147413788140195E-004
  -52.8359992638889       3.036787225612786E-004  4.168487616110677E-004
  -52.6679990208333       3.053179310254609E-004  4.195910464119097E-004
  -52.4999987777778       3.068693934725242E-004  4.223914418223583E-004
  -52.3319985277778       3.083319808031515E-004  4.247730244354512E-004
  -52.1640015208333       3.097216633725223E-004  4.264485738099548E-004
  -51.9960012777778       3.110448158253574E-004  4.272847101558971E-004
  -51.8280010277778       3.122914369237904E-004  4.273666863686284E-004
  -51.6600007847222       3.134474159545979E-004  4.270542332192236E-004
  -51.4920005416667       3.145020222968751E-004  4.268571486257663E-004
  -51.3240002986111       3.154464503940995E-004  4.271913364188236E-004
  -51.1560000555556       3.162741752365496E-004  4.282066876379094E-004
  -50.9879998055556       3.169862585418234E-004  4.297744785875648E-004
  -50.8199995625000       3.175952818228207E-004  4.315819166993869E-004
  -50.6519993194444       3.181234815894815E-004  4.332547562682951E-004
  -50.4839990763889       3.185967946223745E-004  4.344675223008161E-004
  -50.3159988333333       3.190402850071361E-004  4.350306774926434E-004
  -50.1479985833333       3.194776387775552E-004  4.349429145540641E-004
  -49.9800015763889       3.199310941407992E-004  4.343905846810106E-004
  -49.8120013333333       3.204184906068496E-004  4.336857128425537E-004
  -49.6440010902778       3.209486389761370E-004  4.331610406319221E-004
  -49.4760008402778       3.215189879912578E-004  4.330608272155744E-004
  -49.3080005972222       3.221173699404333E-004  4.334682094171546E-004
  -49.1400003541667       3.227263768339367E-004  4.342940802911110E-004
  -48.9720001111111       3.233278481306610E-004  4.353237371977285E-004
  -48.8039998680556       3.239049907766017E-004  4.362945052426155E-004
  -48.6359996180556       3.244415467351951E-004  4.369713395766718E-004
  -48.4679993750000       3.249198097999706E-004  4.371988439798912E-004
  -48.2999991319444       3.253203358423064E-004  4.369245715813431E-004
  -48.1319988888889       3.256254519374679E-004  4.361982272140357E-004
  -47.9639986458333       3.258263080825005E-004  4.351514178586982E-004
  -47.7959983958333       3.259299042080654E-004  4.339602693402580E-004
  -47.6280013888889       3.259624383117068E-004  4.327957367642618E-004
  -47.4600011458333       3.259665195292848E-004  4.317752500001812E-004
  -47.2920008958333       3.259934828703518E-004  4.309326969683942E-004
  -47.1240006527778       3.260939890328749E-004  4.302175560838328E-004
  -46.9560004097222       3.263100831570040E-004  4.295228758484662E-004
  -46.7880001666667       3.266705902409107E-004  4.287309790724972E-004
  -46.6199999236111       3.271896731755585E-004  4.277593214624959E-004
  -46.4519996736111       3.278674602903389E-004  4.265893389136766E-004
  -46.2839994305556       3.286918883159594E-004  4.252693884915121E-004
  -46.1159991875000       3.296413054134202E-004  4.238960805049729E-004
  -45.9479989444444       3.306873883750815E-004  4.225882958675464E-004
  -45.7799987013889       3.317984683118384E-004  4.214653553603471E-004
  -45.6119984513889       3.329427732128508E-004  4.206320197193503E-004
  -45.4440014444444       3.340912116972212E-004  4.201638027786047E-004
  -45.2760012013889       3.352194744786904E-004  4.200880698794411E-004
  -45.1080009513889       3.363092885356194E-004  4.203651376991181E-004
  -44.9400007083333       3.373489191101387E-004  4.208793640729109E-004
  -44.7720004652778       3.383330375902998E-004  4.214500065241390E-004
  -44.6040002222222       3.392623901745032E-004  4.218646516610074E-004
  -44.4359999791667       3.401430237874694E-004  4.219288440797894E-004
  -44.2679997361111       3.409853375839487E-004  4.215181139096611E-004
  -44.0999994861111       3.418027711466150E-004  4.206140738840444E-004
  -43.9319992430556       3.426100668906988E-004  4.193108925335190E-004
  -43.7639990000000       3.434212569813132E-004  4.177905548078808E-004
  -43.5959987569444       3.442476234303419E-004  4.162796938736607E-004
  -43.4279985138889       3.450959789686109E-004  4.150064699107908E-004
  -43.2600015000000       3.459676237340331E-004  4.141698875950217E-004
  -43.0920012569444       3.468583385236753E-004  4.139206902326643E-004
  -42.9240010138889       3.477592138599238E-004  4.143453321129063E-004
  -42.7560007638889       3.486583466419118E-004  4.154479875423085E-004
  -42.5880005208333       3.495427034592582E-004  4.171366011263377E-004
  -42.4200002777778       3.504000847253147E-004  4.192252728666299E-004
  -42.2520000347222       3.512204020319425E-004  4.214598088748212E-004
  -42.0839997916667       3.519964403017251E-004  4.235620623061512E-004
  -41.9159995416667       3.527239731955771E-004  4.252802221033487E-004
  -41.7479992986111       3.534014601361456E-004  4.264316501508120E-004
  -41.5799990555556       3.540295486635713E-004  4.269314418317041E-004
  -41.4119988125000       3.546105867433790E-004  4.268045720622869E-004
  -41.2439985694444       3.551483357753150E-004  4.261819434121680E-004
  -41.0760015555556       3.556478321579019E-004  4.252796224565294E-004
  -40.9080013125000       3.561154073341777E-004  4.243626833919458E-004
  -40.7400010694444       3.565588516417132E-004  4.236998541544389E-004
  -40.5720008194444       3.569875298285886E-004  4.235206176882440E-004
  -40.4040005763889       3.574126733658451E-004  4.239861501347245E-004
  -40.2360003333333       3.578475738865504E-004  4.251784111146866E-004
  -40.0680000902778       3.583077710179138E-004  4.271033359040261E-004
  -39.8999998472222       3.588111728136028E-004  4.296992526019528E-004
  -39.7319995972222       3.593778810229599E-004  4.328445808916552E-004
  -39.5639993541667       3.600295079415830E-004  4.363679709014000E-004
  -39.3959991111111       3.607880123303373E-004  4.400673599211483E-004
  -39.2279988680556       3.616738046737870E-004  4.437408509313716E-004
  -39.0599986250000       3.627034715707117E-004  4.472209742582973E-004
  -38.8920016111111       3.638874602846739E-004  4.503986461241254E-004
  -38.7240013680556       3.652282498670700E-004  4.532288968316249E-004
  -38.5560011250000       3.667195541503187E-004  4.557216315731602E-004
  -38.3880008819444       3.683470257202588E-004  4.579249669669811E-004
  -38.2200006319444       3.700903674701546E-004  4.599059653159712E-004
  -38.0520003888889       3.719268667648036E-004  4.617299216436687E-004
  -37.8840001458333       3.738355960385888E-004  4.634420897181841E-004
  -37.7159999027778       3.758018153949495E-004  4.650603925892908E-004
  -37.5479996597222       3.778209262379244E-004  4.665839668912008E-004
  -37.3799994097222       3.799016396900819E-004  4.680140647200541E-004
  -37.2119991666667       3.820679464141311E-004  4.693749213929437E-004
  -37.0439989236111       3.843598908193088E-004  4.707226884259616E-004
  -36.8759986805556       3.868323556627972E-004  4.721389000589528E-004
  -36.7079984375000       3.895513880753168E-004  4.737136238446719E-004
  -36.5400014236111       3.925872435758860E-004  4.755278786792739E-004
  -36.3720011805556       3.960043361981639E-004  4.776426158146252E-004
  -36.2040009375000       3.998494228485846E-004  4.800946955590497E-004
  -36.0360006875000       4.041412491943748E-004  4.828968642330501E-004
  -35.8680004444444       4.088663086457224E-004  4.860385893399619E-004
  -35.7000002013889       4.139836709685403E-004  4.894890037190963E-004
  -35.5319999583333       4.194400086615505E-004  4.932035062423488E-004
  -35.3639997152778       4.251909064305331E-004  4.971326117296913E-004
  -35.1959994652778       4.312210509134142E-004  5.012263499554009E-004
  -35.0279992222222       4.375549739950874E-004  5.054298819410190E-004
  -34.8599989791667       4.442533727553021E-004  5.096739326653618E-004
  -34.6919987361111       4.513945819055334E-004  5.138728929653598E-004
  -34.5239984930556       4.590477700078569E-004  5.179421464308598E-004
  -34.3560014791667       4.672470161716025E-004  5.218336286814552E-004
  -34.1880012361111       4.759753345728829E-004  5.255717813281350E-004
  -34.0200009930556       4.851630538460123E-004  5.292662521153981E-004
  -33.8520007500000       4.947001176803438E-004  5.330893934785992E-004
  -33.6840005000000       5.044570303994098E-004  5.372279698381146E-004
  -33.5160002569444       5.143072516027880E-004  5.418333213167978E-004
  -33.3480000138889       5.241446893464321E-004  5.469917715784516E-004
  -33.1799997708333       5.338925642486530E-004  5.527209622145315E-004
  -33.0119995277778       5.435030996556943E-004  5.589818424631874E-004
  -32.8439992777778       5.529502822664085E-004  5.656912482431704E-004
  -32.6759990347222       5.622190025474250E-004  5.727260910209296E-004
  -32.5079987916667       5.712943777854028E-004  5.799244234923809E-004
  -32.3399985486111       5.801537162199565E-004  5.870953677850580E-004
  -32.1720015347222       5.887618403095947E-004  5.940442217846803E-004
  -32.0040012916667       5.970704202419857E-004  6.006047174282396E-004
  -31.8360010486111       6.050200886678108E-004  6.066628528995305E-004
  -31.6680008055556       6.125446673181765E-004  6.121618382944163E-004
  -31.5000005555556       6.195768350586597E-004  6.170935070224821E-004
  -31.3320003125000       6.260540832428039E-004  6.214878053985507E-004
  -31.1640000694444       6.319247391287999E-004  6.254073600584496E-004
  -30.9959998263889       6.371530327835071E-004  6.289417138500170E-004
  -30.8279995833333       6.417230590705444E-004  6.321915385898266E-004
  -30.6599993333333       6.456408965406422E-004  6.352410140185612E-004
  -30.4919990902778       6.489345751471730E-004  6.381321772071330E-004
  -30.3239988472222       6.516522771039351E-004  6.408599287519494E-004
  -30.1559986041667       6.538590393434294E-004  6.433924455239534E-004
  -29.9880015902778       6.556323467868340E-004  6.457029054327681E-004
  -29.8200013472222       6.570573999304272E-004  6.477905871714990E-004
  -29.6520011041667       6.582226568014383E-004  6.496807716881175E-004
  -29.4840008611111       6.592158705101245E-004  6.514076463435502E-004
  -29.3160006111111       6.601207261470922E-004  6.529963551778089E-004
  -29.1480003680556       6.610140298084588E-004  6.544563994121250E-004
  -28.9800001250000       6.619629918323636E-004  6.557918011294171E-004
  -28.8119998819444       6.630223253963941E-004  6.570218992385864E-004
  -28.6439996388889       6.642313551336107E-004  6.582024585196217E-004
  -28.4759993958333       6.656110273784537E-004  6.594348144884207E-004
  -28.3079991458333       6.671618123131897E-004  6.608567617359549E-004
  -28.1399989027778       6.688627196508966E-004  6.626190391652948E-004
  -27.9719986597222       6.706723033820203E-004  6.648618187158477E-004
  -27.8039984166667       6.725315721627631E-004  6.677044464295439E-004
  -27.6360014027778       6.743687234869799E-004  6.712496103353247E-004
  -27.4680011597222       6.761055637987744E-004  6.755882494196443E-004
  -27.3000009166667       6.776648211031561E-004  6.807919759144969E-004
  -27.1320006736111       6.789775882510102E-004  6.868934029590005E-004
  -26.9640004236111       6.799904655588070E-004  6.938686044270656E-004
  -26.7960001805556       6.806706743880067E-004  7.016356986612597E-004
  -26.6279999375000       6.810092008482032E-004  7.100723167917315E-004
  -26.4599996944444       6.810210339547952E-004  7.190408703483764E-004
  -26.2919994513889       6.807428534695782E-004  7.284062138973069E-004
  -26.1239992013889       6.802290909183852E-004  7.380355196367261E-004
  -25.9560005763889       6.795472391342258E-004  7.477838306293468E-004
  -25.7880003333333       6.787734888565054E-004  7.574805968964255E-004
  -25.6200000902778       6.779889759334581E-004  7.669325911359372E-004
  -25.4519998402778       6.772770565673842E-004  7.759467062576350E-004
  -25.2839995972222       6.767203674208593E-004  7.843621850231516E-004
  -25.1159993541667       6.763979423011637E-004  7.920746550660943E-004
  -24.9480007291667       6.763813280762826E-004  7.990397929579466E-004
  -24.7800004791667       6.767309690993247E-004  8.052578206798077E-004
  -24.6120002361111       6.774926983869904E-004  8.107520937227015E-004
  -24.4439999930556       6.786955893921777E-004  8.155535829723876E-004
  -24.2759997500000       6.803517456603830E-004  8.196923006967791E-004
  -24.1079995069444       6.824579667825743E-004  8.231932371696980E-004
  -23.9399992569444       6.849994541917846E-004  8.260774671906340E-004
  -23.7720006319444       6.879543078506810E-004  8.283734752665863E-004
  -23.6040003888889       6.912985125510797E-004  8.301375478575899E-004
  -23.4360001458333       6.950100347434167E-004  8.314733484819392E-004
  -23.2679999027778       6.990718611065613E-004  8.325387631036593E-004
  -23.0999996527778       7.034736950253049E-004  8.335367758226433E-004
  -22.9319994097222       7.082121489267733E-004  8.346952095594601E-004
  -22.7640007847222       7.132902389415450E-004  8.362446239872517E-004
  -22.5960005416667       7.187160943138631E-004  8.384015964757047E-004
  -22.4280002916667       7.245019412711024E-004  8.413579650342240E-004
  -22.2600000486111       7.306635432930151E-004  8.452692378066389E-004
  -22.0919998055556       7.372205357591659E-004  8.502369371686615E-004
  -21.9239995625000       7.441976488241073E-004  8.562865156169038E-004
  -21.7559993194444       7.516257072231077E-004  8.633552979808284E-004
  -21.5880006875000       7.595413064975776E-004  8.713060996739081E-004
  -21.4200004444444       7.679834536204675E-004  8.799681972733980E-004
  -21.2520002013889       7.769868651363944E-004  8.891837665231607E-004
  -21.0839999583333       7.865722539764112E-004  8.988294165519645E-004
  -20.9159997083333       7.967358992556524E-004  9.087953796069116E-004
  -20.7479994652778       8.074400052859417E-004  9.189348584307377E-004
  -20.5799992222222       8.186070097460015E-004  9.290193065897513E-004
  -20.4120005972222       8.301187881693091E-004  9.387384695203505E-004
  -20.2440003472222       8.418203266351141E-004  9.477573307192674E-004
  -20.0760001041667       8.535280000764499E-004  9.558015542764381E-004
  -19.9079998611111       8.650401352075745E-004  9.627201202044065E-004
  -19.7399996180556       8.761495047395720E-004  9.684918279975043E-004
  -19.5719993750000       8.866558667355430E-004  9.731809686224647E-004
  -19.4040007430556       8.963788689584635E-004  9.768796059047395E-004
  -19.2360005000000       9.051697322259339E-004  9.796666070620689E-004
  -19.0680002569444       9.129209727292194E-004  9.815924491969189E-004
  -18.9000000138889       9.195732826833661E-004  9.826799805796292E-004
  -18.7319997638889       9.251176574388509E-004  9.829366193642058E-004
  -18.5639995208333       9.295929787404429E-004  9.823761344530894E-004
  -18.3959992777778       9.330780389811400E-004  9.810447481791646E-004
  -18.2280006527778       9.356809357074615E-004  9.790359039578576E-004
  -18.0600004097222       9.375262417870245E-004  9.764769135399463E-004
  -17.8920001597222       9.387440474559240E-004  9.734876846420612E-004
  -17.7239999166667       9.394619210182254E-004  9.701357070456564E-004
  -17.5559996736111       9.398012056396310E-004  9.664204075509954E-004
  -17.3879994305556       9.398771442263512E-004  9.623021391845502E-004
  -17.2200007986111       9.398010971081893E-004  9.577584855370061E-004
  -17.0520005555556       9.396834324264577E-004  9.528294672290484E-004
  -16.8840003125000       9.396351972461235E-004  9.476217089041137E-004
  -16.7160000694444       9.397684983819245E-004  9.422711138037620E-004
  -16.5479998263889       9.401948696534481E-004  9.368938089095115E-004
  -16.3799995763889       9.410223904842365E-004  9.315600349038096E-004
  -16.2119993333333       9.423510751206497E-004  9.263104081728811E-004
  -16.0440007083333       9.442667454524174E-004  9.212013288931105E-004
  -15.8760004652778       9.468331385518884E-004  9.163413893246913E-004
  -15.7080002152778       9.500841343345044E-004  9.118883973141547E-004
  -15.5399999722222       9.540171891770976E-004  9.080143191283977E-004
  -15.3719997291667       9.585919492937407E-004  9.048631940977920E-004
  -15.2039994861111       9.637345024573964E-004  9.025153481730379E-004
  -15.0359992430556       9.693479836061692E-004  9.009600406269671E-004
  -14.8680006111111       9.753277687227085E-004  9.000951973842012E-004
  -14.7000003680556       9.815787318405440E-004  8.997729861991887E-004
  -14.5320001250000       9.880317184412081E-004  8.998809065070186E-004
  -14.3639998819444       9.946552443856466E-004  9.004087211817352E-004
  -14.1959996319444       1.001458929624043E-003  9.014487129025104E-004
  -14.0279993888889       1.008495838807730E-003  9.031244551054098E-004
  -13.8600007638889       1.015862513728851E-003  9.055073338662394E-004
  -13.6920005208333       1.023662416286671E-003  9.086226586514073E-004
  -13.5240002708333       1.031950107164250E-003  9.124918064604517E-004
  -13.3560000277778       1.040818640810741E-003  9.170095402106668E-004
  -13.1879997847222       1.050565287134379E-003  9.217153851591259E-004
  -13.0200003472222       1.060893201333218E-003  9.263008276326217E-004
  -12.8520001041667       1.069775464034711E-003  9.319296339164873E-004
  -12.6839998611111       1.078382837928737E-003  9.437788792862118E-004
  -12.5159996180556       1.104711655767771E-003  9.964091157950009E-004
  -12.3480001805556       1.204009415745941E-003  1.480285487467057E-003
  -12.1799999375000       1.724161150992632E-003  5.180439992975888E-003
  -12.0119996944444       5.390615718674104E-003  1.361049506323750E-002
  -11.8440002569444       1.839122329819391E-002  2.419900495099888E-002
  -11.6760000138889       4.083991201279370E-002  3.987998762346395E-002
  -11.5079997638889       6.194213106284005E-002  5.970140401918209E-002
  -11.3400003333333       7.177173545678119E-002  6.815724566631752E-002
  -11.1720000833333       6.497564911391758E-002  5.774961968816465E-002
  -11.0039998402778       4.417729817894520E-002  3.812222009344904E-002
  -10.8359995972222       2.224179735917933E-002  2.146532588417524E-002
  -10.6680001597222       1.129442282733714E-002  1.378006325288567E-002
  -10.4999999166667       9.530942265851081E-003  1.121191420048624E-002
  -10.3319996736111       9.084821826473508E-003  1.053171913159720E-002
  -10.1640002361111       8.453316375487657E-003  9.794189043663085E-003
  -9.99599999305556       7.776827576320242E-003  9.019041829633838E-003
  -9.82799975000000       7.129172005691363E-003  8.306716117827184E-003
  -9.66000031250000       6.533162439592932E-003  7.699371637327206E-003
  -9.49200006944444       5.982899010643063E-003  7.164299459810925E-003
  -9.32399981944444       5.466678266208397E-003  6.664421718686295E-003
  -9.15600038888889       4.990991531064495E-003  6.192227500623923E-003
  -8.98800013888889       4.562022604970686E-003  5.769307972093947E-003
  -8.81999989583333       4.179542266741453E-003  5.389561789140920E-003
  -8.65199965277778       3.837867730270770E-003  5.053367259533371E-003
  -8.48400021527778       3.516743876227946E-003  4.741061013572238E-003
  -8.31599997222222       3.199853577788673E-003  4.449049930634053E-003
  -8.14799972916667       2.893667291790595E-003  4.194864191671551E-003
  -7.98000029166667       2.601546778160854E-003  3.974461125053734E-003
  -7.81200004861111       2.314571133758490E-003  3.765696559776954E-003
  -7.64399980555556       2.014669228733068E-003  3.554111172332564E-003
  -7.47600036805556       1.710303846955729E-003  3.350307421457731E-003
  -7.30800012500000       1.412913126447908E-003  3.165547474936218E-003
  -7.13999988194444       1.086588776229316E-003  2.985697038392793E-003
  -6.97199963194444       6.888793128345816E-004  2.809339055515246E-003
  -6.80400019791667                          NaN  2.652837214673509E-003
  -6.63599995347222                          NaN  2.520468253275611E-003
  -6.46800011388889                          NaN  2.415139174202270E-003
  -6.29999986944444                          NaN  2.334427997857451E-003
  -6.13200002916667                          NaN  2.267793962042543E-003
  -5.96400018888889                          NaN  2.206387026316274E-003
  -5.79599994444444                          NaN  2.156476458515311E-003
  -5.62800010416667                          NaN  2.130909082730100E-003
  -5.45999985972222                          NaN  2.122061440500372E-003
  -5.29200001944444                          NaN  2.137296111956350E-003
  -5.12400017916667                          NaN  2.179591042044221E-003
  -4.95599993472222                          NaN  2.239588918227960E-003
  -4.78800009444444                          NaN  2.311220119380593E-003
  -4.61999985000000                          NaN  2.382483256967233E-003
  -4.45200000972222                          NaN  2.457163672174418E-003
  -4.28400016944444                          NaN  2.548113115204730E-003
  -4.11599992500000                          NaN  2.650537938536990E-003
  -3.94800008541667       5.164926408036306E-004  2.755037248677514E-003
  -3.77999984097222       8.234846747882344E-004  2.858748892285182E-003
  -3.61200000069444       1.088944480745469E-003  2.973513772756251E-003
  -3.44400016041667       1.342527232561119E-003  3.111329421379083E-003
  -3.27599991597222       1.575374272990100E-003  3.259891099619776E-003
  -3.10800007569444       1.783481601089708E-003  3.399174237601935E-003
  -2.94000003333333       1.965790353713364E-003  3.512269652727569E-003
  -2.77199999097222       2.134554400107049E-003  3.609543403853822E-003
  -2.60399994861111       2.289798533904950E-003  3.704804354494470E-003
  -2.43599990625000       2.439171414091331E-003  3.797766492012627E-003
  -2.26800006597222       2.590828811201701E-003  3.886206206889841E-003
  -2.10000002361111       2.739954531834478E-003  3.967636496400209E-003
  -1.93199998125000       2.883697650554323E-003  4.049422496820160E-003
  -1.76399993888889       3.026093335088087E-003  4.135410224436353E-003
  -1.59599999791667       3.170598025707212E-003  4.223022503026831E-003
  -1.42799995555556       3.316419073023319E-003  4.320139123969957E-003
  -1.26000001458333       3.465403871297147E-003  4.432978939360509E-003
  -1.09199997222222       3.619111110714537E-003  4.559280409597766E-003
 -0.924000030555556       3.777734527177616E-003  4.687881645669113E-003
 -0.755999988194444       3.927115170120048E-003  4.805718327893871E-003
 -0.587999996527778       4.064421134463938E-003  4.911254149867978E-003
 -0.420000004722222       4.182662467173247E-003  5.010603787777242E-003
 -0.251999987708333       4.313904404588447E-003  5.129874354461533E-003
 -8.400000222222222E-002  4.436204417609192E-003  5.244154649230839E-003
  8.400000222222222E-002  4.566133287220895E-003  5.361619552468141E-003
  0.251999987708333       4.704063204941448E-003  5.483895590447129E-003
  0.420000004722222       4.843352701672147E-003  5.604770694394383E-003
  0.587999996527778       4.979101742993911E-003  5.721156541552132E-003
  0.755999988194444       5.112208183476471E-003  5.833154349189393E-003
  0.924000030555556       5.243743199335161E-003  5.947332348545492E-003
   1.09199997222222       5.378661174456806E-003  6.064149286423496E-003
   1.26000001458333       5.517693665627136E-003  6.176728020568668E-003
   1.42799995555556       5.660650138887643E-003  6.280703325076593E-003
   1.59599999791667       5.810708623611972E-003  6.374531408194152E-003
   1.76399993888889       5.969927449167440E-003  6.464949384932523E-003
   1.93199998125000       6.139244000777870E-003  6.555202420758615E-003
   2.10000002361111       6.315816361210991E-003  6.654829886836929E-003
   2.26800006597222       6.496140257167896E-003  6.810321697737466E-003
   2.43599990625000       6.679076875390476E-003  7.047225399455053E-003
   2.60399994861111       6.869093302539184E-003  7.301937424644949E-003
   2.77199999097222       7.076788887612134E-003  7.547091955954309E-003
   2.94000003333333       7.306851616718065E-003  7.837619676268448E-003
   3.10800007569444       7.563794006570024E-003  8.098968593317053E-003
   3.27599991597222       7.868805634116384E-003  8.305358991871627E-003
   3.44400016041667       8.201820162954745E-003  8.580351283313034E-003
   3.61200000069444       8.578563602097555E-003  9.011354225584602E-003
   3.77999984097222       9.168191499232519E-003  9.497552838328932E-003
   3.94800008541667       1.008821730438718E-002  1.007153908066054E-002
   4.11599992500000       1.128976766686366E-002  1.094165873322158E-002
   4.28400016944444       1.276408689461362E-002  1.216371784446009E-002
   4.45200000972222       1.448417493682506E-002  1.347199752971001E-002
   4.61999985000000       1.630668998873346E-002  1.495207567375076E-002
   4.78800009444444       1.811840784761765E-002  1.694523850294278E-002
   4.95599993472222       1.994341857391874E-002  1.931550993907762E-002
   5.12400017916667       2.216000420602900E-002  2.195292928886607E-002
   5.29200001944444       2.512121806672444E-002  2.499380284815649E-002
   5.45999985972222       2.861241622793947E-002  2.843613552326678E-002
   5.62800010416667       3.215492694319332E-002  3.201190065613503E-002
   5.79599994444444       3.563869697341792E-002  3.567528729811686E-002
   5.96400018888889       3.953225392928253E-002  3.965595545306141E-002
   6.13200002916667       4.388530039414840E-002  4.381534407875737E-002
   6.29999986944444       4.845992015292629E-002  4.769505541970338E-002
   6.46800011388889       5.332592874381394E-002  5.136244789040444E-002
   6.63599995347222       5.810411312819112E-002  5.514053360094839E-002
   6.80400019791667       6.243684329178396E-002  5.938877731419957E-002
   6.97199963194444       6.644440417188763E-002  6.403475310875423E-002
   7.13999988194444       7.018820846596305E-002  6.869402187723425E-002
   7.30800012500000       7.399598098013235E-002  7.311047279169512E-002
   7.47600036805556       7.797556810356172E-002  7.706181497465261E-002
   7.64399980555556       8.187658719951087E-002  8.058901893378072E-002
   7.81200004861111       8.546239500780159E-002  8.401691115522075E-002
   7.98000029166667       8.874253242950637E-002  8.717998083833073E-002
   8.14799972916667       9.174716319209782E-002  8.986559141367922E-002
   8.31599997222222       9.454716901859478E-002  9.231891199600256E-002
   8.48400021527778       9.707156458547012E-002  9.470637702951229E-002
   8.65199965277778       9.891478000812254E-002  9.705723338584366E-002
   8.81999989583333       0.100600259860621       9.892071032779187E-002
   8.98800013888889       0.102395379767805       9.983645487770115E-002
   9.15600038888889       0.103930632922585       0.100344783015863     
   9.32399981944444       0.105075684079703       0.101132464930823     
   9.49200006944444       0.105757002136411       0.102043112258200     
   9.66000031250000       0.106144621188030       0.102686444159454     
   9.82799975000000       0.106441741798907       0.102663628918046     
   9.99599999305556       0.106517734735925       0.102331416878443     
   10.1640002361111       0.106361253086460       0.102029725078126     
   10.3319996736111       0.105922949652286       0.101742104175640     
   10.4999999166667       0.105350587677363       0.101355978783468     
   10.6680001597222       0.104751871879423       0.100800893497439     
   10.8359995972222       0.104051108495938       0.100315593268671     
   11.0039998402778       0.103061790906098       9.982075706779979E-002
   11.1720000833333       0.101773988460403       9.927125733113994E-002
   11.3400003333333       0.100492106928882       9.842680230162602E-002
   11.5079997638889       9.905929863883427E-002  9.724595793473693E-002
   11.6760000138889       9.737032766390648E-002  9.564069018852253E-002
   11.8440002569444       9.562475801121251E-002  9.395694606313679E-002
   12.0119996944444       9.398090284898000E-002  9.243319898541884E-002
   12.1799999375000       9.239832963509860E-002  9.094228106256359E-002
   12.3480001805556       9.059481488990047E-002  8.908264966816770E-002
   12.5159996180556       8.852217945629884E-002  8.673673938471103E-002
   12.6839998611111       8.623184515178334E-002  8.423303501371364E-002
   12.8520001041667       8.361125880585728E-002  8.186904802848904E-002
   13.0200003472222       8.109132767797222E-002  7.950068503514718E-002
   13.1879997847222       7.866263266126898E-002  7.693451362927592E-002
   13.3560000277778       7.622390950308483E-002  7.422176642261057E-002
   13.5240002708333       7.357675494854365E-002  7.127839045712135E-002
   13.6920005208333       7.098987727226150E-002  6.827975962085117E-002
   13.8600007638889       6.825560496936051E-002  6.533848248242473E-002
   14.0279993888889       6.524177506606732E-002  6.259734112519910E-002
   14.1959996319444       6.239098523767746E-002  5.987200601501133E-002
   14.3639998819444       5.947342636741705E-002  5.713786862154627E-002
   14.5320001250000       5.615744351332869E-002  5.420408491471779E-002
   14.7000003680556       5.276929576205215E-002  5.107000662264370E-002
   14.8680006111111       4.950879474325678E-002  4.792317775205060E-002
   15.0359992430556       4.639357591904668E-002  4.500123310640819E-002
   15.2039994861111       4.363800311171014E-002  4.233069519485221E-002
   15.3719997291667       4.104416812694758E-002  3.975080149682771E-002
   15.5399999722222       3.826892487661521E-002  3.728288554177824E-002
   15.7080002152778       3.550979660826205E-002  3.470800900437981E-002
   15.8760004652778       3.277454264132840E-002  3.214923946642374E-002
   16.0440007083333       3.007920920059879E-002  2.970969347077420E-002
   16.2119993333333       2.724450749732048E-002  2.725513185727393E-002
   16.3799995763889       2.459947745264002E-002  2.479501021491547E-002
   16.5479998263889       2.256098187630277E-002  2.262933459195442E-002
   16.7160000694444       2.072697149863054E-002  2.069843234502572E-002
   16.8840003125000       1.900118659461933E-002  1.889430921303603E-002
   17.0520005555556       1.747364641187853E-002  1.722574072877949E-002
   17.2200007986111       1.610914753102705E-002  1.544120744500096E-002
   17.3879994305556       1.485846466321254E-002  1.348879711677321E-002
   17.5559996736111       1.348936562644025E-002  1.177103753654300E-002
   17.7239999166667       1.215861803777895E-002  1.038549601435350E-002
   17.8920001597222       1.107351542772394E-002  9.104132678861870E-003
   18.0600004097222       1.020635018904481E-002  7.849848178096424E-003
   18.2280006527778       9.472935827826930E-003  6.769325809636751E-003
   18.3959992777778       8.726183707325518E-003  6.141578039796005E-003
   18.5639995208333       8.072799531597541E-003  5.748860847283484E-003
   18.7319997638889       7.586632206078065E-003  5.325878130995067E-003
   18.9000000138889       7.006478922387510E-003  4.926765708798664E-003
   19.0680002569444       6.237067351009324E-003  4.603197299398227E-003
   19.2360005000000       5.530284809353160E-003  4.232148665158415E-003
   19.4040007430556       4.946633493693452E-003  3.870385465502512E-003
   19.5719993750000       4.619540536423906E-003  3.705044731649349E-003
   19.7399996180556       4.501811418858751E-003  3.676624551433603E-003
   19.9079998611111       4.372346216559716E-003  3.628468276651406E-003
   20.0760001041667       4.246413308641291E-003  3.526210226624810E-003
   20.2440003472222       4.142486929154401E-003  3.435780205940701E-003
   20.4120005972222       4.054317863908649E-003  3.382303788564375E-003
   20.5799992222222       3.994318928456991E-003  3.337911586128560E-003
   20.7479994652778       3.945539528867692E-003  3.286874933744269E-003
   20.9159997083333       3.886779565300201E-003  3.213845532243191E-003
   21.0839999583333       3.805836095574580E-003  3.126558045530842E-003
   21.2520002013889       3.713321699738148E-003  3.047400298505307E-003
   21.4200004444444       3.624186327426112E-003  2.974776105898052E-003
   21.5880006875000       3.543041129718133E-003  2.904600527068914E-003
   21.7559993194444       3.468963974436956E-003  2.841509312288469E-003
   21.9239995625000       3.396298876477184E-003  2.789692328282758E-003
   22.0919998055556       3.323269440394434E-003  2.749590437161282E-003
   22.2600000486111       3.251324577561779E-003  2.708787303859700E-003
   22.4280002916667       3.182536325144860E-003  2.654550168993317E-003
   22.5960005416667       3.116769126847750E-003  2.586572096136889E-003
   22.7640007847222       3.056860197808540E-003  2.525109190167239E-003
   22.9319994097222       3.007324779559463E-003  2.484242788732155E-003
   23.0999996527778       2.968922527123473E-003  2.451674745829227E-003
   23.2679999027778       2.929144938437113E-003  2.399625323582224E-003
   23.4360001458333       2.875212836624186E-003  2.315890425605900E-003
   23.6040003888889       2.805176346007235E-003  2.219995980268489E-003
   23.7720006319444       2.737041373146927E-003  2.150774880458912E-003
   23.9399992569444       2.688569454625061E-003  2.128538214885872E-003
   24.1079995069444       2.662006591536124E-003  2.133372564233245E-003
   24.2759997500000       2.634470657973127E-003  2.124687281725371E-003
   24.4439999930556       2.586519197606662E-003  2.083871130617421E-003
   24.6120002361111       2.517707048659517E-003  2.035694430311572E-003
   24.7800004791667       2.454948610286329E-003  2.011342077755992E-003
   24.9480007291667       2.423088655263108E-003  2.020575152847023E-003
   25.1159993541667       2.419154455184061E-003  2.038563100562107E-003
   25.2839995972222       2.411475374913182E-003  2.041097058830609E-003
   25.4519998402778       2.373812807394193E-003  2.030861424993623E-003
   25.6200000902778       2.312403461056333E-003  2.024269329488222E-003
   25.7880003333333       2.261108921122647E-003  2.046966599902112E-003
   25.9560005763889       2.250952476712533E-003  2.093858428353996E-003
   26.1239992013889       2.274503485218407E-003  2.146320808080479E-003
   26.2919994513889       2.292715460572705E-003  2.176394783764815E-003
   26.4599996944444       2.278415492120724E-003  2.178826375263832E-003
   26.6279999375000       2.243579021251535E-003  2.173079166707164E-003
   26.7960001805556       2.222002112751230E-003  2.181852392013336E-003
   26.9640004236111       2.240079554419372E-003  2.207699504808425E-003
   27.1320006736111       2.276729107620573E-003  2.233231898349202E-003
   27.3000009166667       2.299650717971652E-003  2.232083603796511E-003
   27.4680011597222       2.283699811190225E-003  2.209661528351996E-003
   27.6360014027778       2.252173885859317E-003  2.185037181096046E-003
   27.8039984166667       2.232922008297171E-003  2.184951654924664E-003
   27.9719986597222       2.244925008691525E-003  2.207412031497343E-003
   28.1399989027778       2.279358105537750E-003  2.234511200758094E-003
   28.3079991458333       2.303572093881311E-003  2.245205376947369E-003
   28.4759993958333       2.302192692023965E-003  2.237392367450844E-003
   28.6439996388889       2.278149002336077E-003  2.229465964624257E-003
   28.8119998819444       2.269543079306927E-003  2.243229938696152E-003
   28.9800001250000       2.287351601358049E-003  2.278826389182064E-003
   29.1480003680556       2.324457109196281E-003  2.320604080835017E-003
   29.3160006111111       2.344351722106208E-003  2.346055587817903E-003
   29.4840008611111       2.338474964304456E-003  2.351528580608636E-003
   29.6520011041667       2.311089122642272E-003  2.345424060623351E-003
   29.8200013472222       2.299626113950383E-003  2.346111241284365E-003
   29.9880015902778       2.313327168735027E-003  2.361109029069526E-003
   30.1559986041667       2.340199033075499E-003  2.382402078714191E-003
   30.3239988472222       2.351571380458947E-003  2.401319874767508E-003
   30.4919990902778       2.340536093779993E-003  2.415258896362695E-003
   30.6599993333333       2.317637515807075E-003  2.433429864817009E-003
   30.8279995833333       2.310000609773099E-003  2.464309024539850E-003
   30.9959998263889       2.322978750619144E-003  2.503977024860309E-003
   31.1640000694444       2.349512869254751E-003  2.535797710318358E-003
   31.3320003125000       2.365827217462785E-003  2.548793353688538E-003
   31.5000005555556       2.366074519959795E-003  2.541432152030715E-003
   31.6680008055556       2.355269694849236E-003  2.527421942911983E-003
   31.8360010486111       2.357138660382375E-003  2.520513148669638E-003
   32.0040012916667       2.373776825512096E-003  2.527268679159658E-003
   32.1720015347222       2.398693229700635E-003  2.540758935777607E-003
   32.3399985486111       2.410094639142289E-003  2.549755283499177E-003
   32.5079987916667       2.406296893229289E-003  2.552975612774713E-003
   32.6759990347222       2.390369507556188E-003  2.554804609008293E-003
   32.8439992777778       2.383320684706376E-003  2.562241412377555E-003
   33.0119995277778       2.383532278071478E-003  2.572809610911892E-003
   33.1799997708333       2.386891175153093E-003  2.578423728856464E-003
   33.3480000138889       2.380106240676362E-003  2.574611733089681E-003
   33.5160002569444       2.365516988763175E-003  2.567033279572944E-003
   33.6840005000000       2.348892115329716E-003  2.564455126981442E-003
   33.8520007500000       2.343831268674961E-003  2.571546707340061E-003
   34.0200009930556       2.346939857401899E-003  2.583373009212384E-003
   34.1880012361111       2.352334358236827E-003  2.592867369808016E-003
   34.3560014791667       2.345923405725943E-003  2.593644421233437E-003
   34.5239984930556       2.329147354482310E-003  2.586959178121696E-003
   34.6919987361111       2.305964892944955E-003  2.576119489965955E-003
   34.8599989791667       2.290279126799990E-003  2.570257254747613E-003
   35.0279992222222       2.280938199837112E-003  2.566660679315307E-003
   35.1959994652778       2.273917042916416E-003  2.561563364371264E-003
   35.3639997152778       2.259557697232210E-003  2.548615866602504E-003
   35.5319999583333       2.238926874375155E-003  2.530407010977571E-003
   35.7000002013889       2.215525511012696E-003  2.514374801474632E-003
   35.8680004444444       2.201542253970553E-003  2.505585261595804E-003
   36.0360006875000       2.194806994578078E-003  2.504911750183217E-003
   36.2040009375000       2.192125858566042E-003  2.503379034594828E-003
   36.3720011805556       2.182690649883316E-003  2.496958480606593E-003
   36.5400014236111       2.166697372677835E-003  2.486081320519305E-003
   36.7079984375000       2.148406373605497E-003  2.475921135144754E-003
   36.8759986805556       2.135254155033353E-003  2.469377749315900E-003
   37.0439989236111       2.125975859893859E-003  2.460958856121993E-003
   37.2119991666667       2.114830914260707E-003  2.444148926583584E-003
   37.3799994097222       2.094012237859878E-003  2.413238029094831E-003
   37.5479996597222       2.065501848598900E-003  2.370448689495503E-003
   37.7159999027778       2.033951840246932E-003  2.326003994508616E-003
   37.8840001458333       2.008170273146386E-003  2.288344857872715E-003
   38.0520003888889       1.986158967817368E-003  2.259667003707315E-003
   38.2200006319444       1.965778453445596E-003  2.232856833319402E-003
   38.3880008819444       1.941455067668487E-003  2.204411970049430E-003
   38.5560011250000       1.914169707968652E-003  2.176058799346184E-003
   38.7240013680556       1.887751000374165E-003  2.153988571359220E-003
   38.8920016111111       1.865254026727322E-003  2.139707427893303E-003
   39.0599986250000       1.845817623698805E-003  2.129071754693242E-003
   39.2279988680556       1.825734899176441E-003  2.114351674840630E-003
   39.3959991111111       1.801694157165285E-003  2.090850511314020E-003
   39.5639993541667       1.775482237360022E-003  2.061887022371935E-003
   39.7319995972222       1.748583199771809E-003  2.033486647649051E-003
   39.8999998472222       1.726171902671802E-003  2.012094417656530E-003
   40.0680000902778       1.704291625080416E-003  1.991221451772595E-003
   40.2360003333333       1.682309728221380E-003  1.962498221258828E-003
   40.4040005763889       1.655825196248227E-003  1.923956709101704E-003
   40.5720008194444       1.628036168559965E-003  1.879481638741071E-003
   40.7400010694444       1.602240331168726E-003  1.840105689648993E-003
   40.9080013125000       1.583131509959312E-003  1.807875002918398E-003
   41.0760015555556       1.567977968611201E-003  1.785406197613711E-003
   41.2439985694444       1.552131687414142E-003  1.764400222521569E-003
   41.4119988125000       1.532207043177105E-003  1.738918473686547E-003
   41.5799990555556       1.508740963490200E-003  1.709159769527123E-003
   41.7479992986111       1.485097527063418E-003  1.680710158571228E-003
   41.9159995416667       1.462763172303240E-003  1.660889373584511E-003
   42.0839997916667       1.442360185520423E-003  1.645428002412589E-003
   42.2520000347222       1.420815873782054E-003  1.624762326813538E-003
   42.4200002777778       1.395935043616391E-003  1.595234732573668E-003
   42.5880005208333       1.367070564169761E-003  1.557565884471613E-003
   42.7560007638889       1.337421103267155E-003  1.524420320110173E-003
   42.9240010138889       1.311775998764967E-003  1.496086751249372E-003
   43.0920012569444       1.291080232632399E-003  1.474512282110354E-003
   43.2600015000000       1.272466029607885E-003  1.449390828311964E-003
   43.4279985138889       1.252864226628475E-003  1.418979970387314E-003
   43.5959987569444       1.231741061734636E-003  1.387018435815167E-003
   43.7639990000000       1.214024865979125E-003  1.356182653560858E-003
   43.9319992430556       1.200801356257434E-003  1.331216282204884E-003
   44.0999994861111       1.191381368389465E-003  1.306679654680172E-003
   44.2679997361111       1.181178712725180E-003  1.280528656357677E-003
   44.4359999791667       1.167129050204764E-003  1.251092943297855E-003
   44.6040002222222       1.148801909473697E-003  1.217257685026998E-003
   44.7720004652778       1.127103264068384E-003  1.188861593515822E-003
   44.9400007083333       1.104036526508598E-003  1.165589054174168E-003
   45.1080009513889       1.080911144371812E-003  1.150283624653769E-003
   45.2760012013889       1.056755608435583E-003  1.130111000818306E-003
   45.4440014444444       1.031332552442387E-003  1.103301691139801E-003
   45.6119984513889       1.003989907489002E-003  1.072384500089480E-003
   45.7799987013889       9.794911786852518E-004  1.047729129521924E-003
   45.9479989444444       9.615221431817597E-004  1.035512099046529E-003
   46.1159991875000       9.510700579442889E-004  1.027718028218057E-003
   46.2839994305556       9.426072951328125E-004  1.016275161264247E-003
   46.4519996736111       9.330285148863373E-004  9.951129061868957E-004
   46.6199999236111       9.198569913172999E-004  9.644505210245341E-004
   46.7880001666667       9.076039248244026E-004  9.346801616548036E-004
   46.9560004097222       8.956193263028414E-004  9.076458829171654E-004
   47.1240006527778       8.850054578203728E-004  8.907280675443731E-004
   47.2920008958333       8.721335259969537E-004  8.701676460495183E-004
   47.4600011458333       8.556135867355129E-004  8.406223655020390E-004
   47.6280013888889       8.354847439359900E-004  8.026704257586794E-004
   47.7959983958333       8.143019491602179E-004  7.694213341215190E-004
   47.9639986458333       7.960009253404266E-004  7.525472491175662E-004
   48.1319988888889       7.824064463269977E-004  7.452010436324254E-004
   48.2999991319444       7.700483343919192E-004  7.387805250458852E-004
   48.4679993750000       7.579546032175643E-004  7.217998186062612E-004
   48.6359996180556       7.417117608280439E-004  6.951780403472577E-004
   48.8039998680556       7.259468359697833E-004  6.663140041957440E-004
   48.9720001111111       7.095085078268550E-004  6.437759810010168E-004
   49.1400003541667       6.956173684821513E-004  6.262303265369477E-004
   49.3080005972222       6.827709566551151E-004  6.064809513562133E-004
   49.4760008402778       6.693776883586873E-004  5.719876923338923E-004
   49.6440010902778       6.553034893649962E-004  5.274449116533398E-004
   49.8120013333333       6.402497503966403E-004  4.744068998088932E-004
   49.9800015763889       6.250644232548653E-004  4.317811758539247E-004
   50.1479985833333       6.113752730827572E-004  3.930334428121758E-004
   50.3159988333333       5.980214349723697E-004  3.628456094480987E-004
   50.4839990763889       5.867193172099588E-004  3.179485997410435E-004
   50.6519993194444       5.758486221382438E-004  2.696118368589485E-004
   50.8199995625000       5.674604643433297E-004  2.152064818493108E-004
   50.9879998055556       5.583962446939430E-004  1.996371860893608E-004
   51.1560000555556       5.507480835622941E-004  1.907641179447734E-004
   51.3240002986111       5.423482521244554E-004  1.882078370961595E-004
   51.4920005416667       5.358911403104992E-004  1.359122820358510E-004
   51.6600007847222       5.290703691809934E-004  1.319247183882563E-005
   51.8280010277778       5.230015122559386E-004                     NaN
   51.9960012777778       5.173492334239062E-004                     NaN
   52.1640015208333       5.135280914082333E-004                     NaN
   52.3319985277778       5.112642291701184E-004                     NaN
   52.4999987777778       5.084732319953789E-004                     NaN
   52.6679990208333       5.064913167728383E-004                     NaN
   52.8359992638889       5.037503698353070E-004                     NaN
   53.0039995069444       5.007766904513431E-004                     NaN
   53.1719997500000       4.941747395916934E-004                     NaN
   53.3400000000000       4.833353173969200E-004                     NaN
   53.5080002430556       4.718162081210889E-004                     NaN
   53.6760004861111       4.594164013198299E-004                     NaN
   53.8440007291667       4.514375159848019E-004                     NaN
   54.0120009722222       4.423959466227391E-004                     NaN
   54.1800012222222       4.340478784249910E-004                     NaN
   54.3480014652778       4.234533743976884E-004                     NaN
   54.5160017083333       4.103428378571320E-004                     NaN
   54.6840019513889       3.990899594398095E-004                     NaN
   54.8520021944444       3.901527972074659E-004                     NaN
   55.0200024444444       3.869703975687051E-004                     NaN
   55.1880026875000       3.853258748608242E-004                     NaN
   55.3560029305556       3.850056214196733E-004                     NaN
   55.5240031736111       3.851193550154845E-004                     NaN
   55.6919969513889       3.880790763163344E-004                     NaN
   55.8599971944444       3.918846843426358E-004                     NaN
   56.0279974375000       3.982877308860122E-004                     NaN
   56.1959976875000       4.047852437355654E-004                     NaN
   56.3639979305556       4.131056967491427E-004                     NaN
   56.5319981736111       4.221082328691665E-004                     NaN
   56.6999984166667       4.301915134574803E-004                     NaN
   56.8679986597222       4.405761288390457E-004                     NaN
   57.0359989097222       4.480450777132718E-004                     NaN
   57.2039991527778       4.574082879819187E-004                     NaN
   57.3719993958333       4.629323763747509E-004                     NaN
   57.5399996388889       4.683407376524566E-004                     NaN
   57.7079998819444       4.723484226927147E-004                     NaN
   57.8760001319444       4.754525972750999E-004                     NaN
   58.0440003750000       4.780703831966416E-004  1.675078824606977E-005
   58.2120006180556       4.775351112699422E-004  1.408195920607148E-004
   58.3800008611111       4.750574201516127E-004  1.908490308112323E-004
   58.5480011041667       4.695024001939120E-004  2.319479354166014E-004
   58.7160013541667       4.624166966935405E-004  2.547279920482122E-004
   58.8840015972222       4.511608962821526E-004  2.743679305108303E-004
   59.0520018402778       4.367601434441991E-004  2.811511525461600E-004
   59.2200020833333       4.145185901405295E-004  2.828477428394567E-004
   59.3880023263889       3.879002982911612E-004  2.701744930881468E-004
   59.5560025763889       3.496113975970746E-004  2.423283755429143E-004
   59.7240028194444       3.040664963850129E-004  1.974664978443739E-004
   59.8920030625000       2.432913901069621E-004  1.077245833105679E-004
   60.0599968402778       0.000000000000000E+000  0.000000000000000E+000
