  -60.0599968402778       3.562744218429298E-017  3.378173769643568E-017
  -59.8920030625000       1.197622068150638E-006  4.226516370905045E-006
  -59.7240028194444       3.242866071262985E-006  1.063365074909210E-005
  -59.5560025763889       3.424410994875337E-006  1.060541074472289E-005
  -59.3880023263889       1.885658945084524E-006  4.953854436689014E-006
  -59.2200020833333       9.673476393015932E-007  8.800825995465570E-006
  -59.0520018402778       3.285647180369784E-006  1.301529747787864E-005
  -58.8840015972222       4.457713201567779E-006  1.490003053595954E-005
  -58.7160013541667       2.150470228169527E-006  1.610880619742722E-005
  -58.5480011041667                          NaN  1.393622546685615E-005
  -58.3800008611111                          NaN  7.834868240402365E-006
  -58.2120006180556                          NaN  2.379114702115044E-006
  -58.0440003750000       3.052456792478519E-006  2.786597408172305E-006
  -57.8760001319444       5.092566322805682E-006                     NaN
  -57.7079998819444       5.307127176476712E-006                     NaN
  -57.5399996388889       4.722296472697354E-006                     NaN
  -57.3719993958333       4.515470466156010E-006                     NaN
  -57.2039991527778       4.841096745639531E-006                     NaN
  -57.0359989097222       5.075583189176661E-006                     NaN
  -56.8679986597222       4.852165224020720E-006  3.317710221521960E-006
  -56.6999984166667       4.211956034288439E-006  2.326387570770345E-006
  -56.5319981736111       3.463759371067681E-006                     NaN
  -56.3639979305556       2.891583999334915E-006                     NaN
  -56.1959976875000       2.463250792070539E-006                     NaN
  -56.0279974375000       1.925094066450914E-006                     NaN
  -55.8599971944444       1.144955134779720E-006  1.187127023071592E-006
  -55.6919969513889       4.479053183478899E-007  3.839993283618184E-006
  -55.5240031736111       1.140355211280742E-006  5.799963120726470E-006
  -55.3560029305556       2.078218125227990E-006  7.521787045022761E-006
  -55.1880026875000       2.905080508699024E-006  8.806857814362051E-006
  -55.0200024444444       3.620358302169505E-006  9.539557350987026E-006
  -54.8520021944444       4.241685078395980E-006  9.621884867050504E-006
  -54.6840019513889       4.753661781238706E-006  8.872575125442112E-006
  -54.5160017083333       5.115637284104392E-006  6.930001479141846E-006
  -54.3480014652778       5.284996282811453E-006  1.829361495336038E-006
  -54.1800012222222       5.228219904255807E-006                     NaN
  -54.0120009722222       4.920620297005344E-006                     NaN
  -53.8440007291667       4.341765753025510E-006                     NaN
  -53.6760004861111       3.460422588488704E-006                     NaN
  -53.5080002430556       2.149781191245735E-006                     NaN
  -53.3400000000000                          NaN                     NaN
  -53.1719997500000                          NaN                     NaN
  -53.0039995069444                          NaN                     NaN
  -52.8359992638889                          NaN                     NaN
  -52.6679990208333                          NaN  1.106245614944762E-006
  -52.4999987777778                          NaN                     NaN
  -52.3319985277778                          NaN                     NaN
  -52.1640015208333       2.158038600915900E-006                     NaN
  -51.9960012777778       3.088163489461637E-006                     NaN
  -51.8280010277778       3.742042923592847E-006                     NaN
  -51.6600007847222       4.234570309181099E-006                     NaN
  -51.4920005416667       4.619576495783188E-006                     NaN
  -51.3240002986111       4.932395004634236E-006  3.289060792680376E-006
  -51.1560000555556       5.197596614291147E-006  6.109616570341803E-006
  -50.9879998055556       5.430254721989449E-006  7.689650178840873E-006
  -50.8199995625000       5.636038234550608E-006  8.458342466921105E-006
  -50.6519993194444       5.811809381704076E-006  8.474189969164174E-006
  -50.4839990763889       5.947359495302581E-006  7.725786442009269E-006
  -50.3159988333333       6.028280873786596E-006  6.109848227705450E-006
  -50.1479985833333       6.039517482346952E-006  2.920305903816255E-006
  -49.9800015763889       5.968872627568471E-006                     NaN
  -49.8120013333333       5.809791138067811E-006                     NaN
  -49.6440010902778       5.562938562332779E-006                     NaN
  -49.4760008402778       5.236334904229416E-006                     NaN
  -49.3080005972222       4.844007512055052E-006                     NaN
  -49.1400003541667       4.403313202353605E-006                     NaN
  -48.9720001111111       3.931381421666240E-006                     NaN
  -48.8039998680556       3.441607114063009E-006                     NaN
  -48.6359996180556       2.941735988501337E-006                     NaN
  -48.4679993750000       2.435693129552415E-006                     NaN
  -48.2999991319444       1.932577178035587E-006                     NaN
  -48.1319988888889       1.471899078642945E-006                     NaN
  -47.9639986458333       1.184936330695856E-006                     NaN
  -47.7959983958333       1.292510217345205E-006                     NaN
  -47.6280013888889       1.780667780586248E-006                     NaN
  -47.4600011458333       2.450656652659798E-006                     NaN
  -47.2920008958333       3.177537000672192E-006  3.607864010442561E-006
  -47.1240006527778       3.892224841200194E-006  5.310858371045783E-006
  -46.9560004097222       4.547112987261866E-006  6.106437694387095E-006
  -46.7880001666667       5.106629324696276E-006  6.573760732462748E-006
  -46.6199999236111       5.546296036322710E-006  6.933562142459800E-006
  -46.4519996736111       5.853768711045545E-006  7.205171337542265E-006
  -46.2839994305556       6.029670504480589E-006  7.239946134905066E-006
  -46.1159991875000       6.087278785423997E-006  6.749582786743901E-006
  -45.9479989444444       6.050523315020913E-006  5.196002627993896E-006
  -45.7799987013889       5.950020670694394E-006                     NaN
  -45.6119984513889       5.817331592099454E-006                     NaN
  -45.4440014444444       5.678419078628939E-006                     NaN
  -45.2760012013889       5.548258640297134E-006                     NaN
  -45.1080009513889       5.428867244316396E-006                     NaN
  -44.9400007083333       5.311854345537160E-006                     NaN
  -44.7720004652778       5.184387695032149E-006                     NaN
  -44.6040002222222       5.035931715743855E-006                     NaN
  -44.4359999791667       4.863244146895611E-006                     NaN
  -44.2679997361111       4.672203702590949E-006                     NaN
  -44.0999994861111       4.475932984509200E-006                     NaN
  -43.9319992430556       4.289208481575280E-006                     NaN
  -43.7639990000000       4.120025845121276E-006                     NaN
  -43.5959987569444       3.960778547298757E-006  5.586278662597415E-006
  -43.4279985138889       3.782403682694475E-006  8.260967066019302E-006
  -43.2600015000000       3.532388108197555E-006  9.287001583053005E-006
  -43.0920012569444       3.130477977590396E-006  9.314665517213962E-006
  -42.9240010138889       2.435081605398572E-006  8.581788222005814E-006
  -42.7560007638889       8.334832883369119E-007  7.213241491353831E-006
  -42.5880005208333                          NaN  5.219422552711667E-006
  -42.4200002777778                          NaN  1.968595361416540E-006
  -42.2520000347222                          NaN                     NaN
  -42.0839997916667                          NaN                     NaN
  -41.9159995416667                          NaN                     NaN
  -41.7479992986111                          NaN                     NaN
  -41.5799990555556                          NaN                     NaN
  -41.4119988125000                          NaN                     NaN
  -41.2439985694444                          NaN                     NaN
  -41.0760015555556                          NaN                     NaN
  -40.9080013125000                          NaN                     NaN
  -40.7400010694444                          NaN  1.110022588486424E-006
  -40.5720008194444       2.899020040538463E-006  3.812216082723759E-006
  -40.4040005763889       4.384111969192585E-006  5.414040178792947E-006
  -40.2360003333333       5.423274176956302E-006  6.672291001943113E-006
  -40.0680000902778       6.220241767045114E-006  7.675891584458437E-006
  -39.8999998472222       6.847721339801746E-006  8.439709141142858E-006
  -39.7319995972222       7.341838785328635E-006  8.958577265446180E-006
  -39.5639993541667       7.721584588787832E-006  9.223023191661839E-006
  -39.3959991111111       7.995632353196658E-006  9.226491366142906E-006
  -39.2279988680556       8.166129722640971E-006  8.967085225248038E-006
  -39.0599986250000       8.231441736589037E-006  8.442812798799233E-006
  -38.8920016111111       8.188155300349590E-006  7.639318558106982E-006
  -38.7240013680556       8.032294448351549E-006  6.505359880303333E-006
  -38.5560011250000       7.759689238821756E-006  4.879229393879628E-006
  -38.3880008819444       7.365419670905409E-006  1.842352235749651E-006
  -38.2200006319444       6.842091988899849E-006                     NaN
  -38.0520003888889       6.176139481035324E-006                     NaN
  -37.8840001458333       5.339436334553710E-006                     NaN
  -37.7159999027778       4.265206923900239E-006                     NaN
  -37.5479996597222       2.734847711132201E-006                     NaN
  -37.3799994097222                          NaN                     NaN
  -37.2119991666667                          NaN                     NaN
  -37.0439989236111                          NaN                     NaN
  -36.8759986805556                          NaN                     NaN
  -36.7079984375000                          NaN                     NaN
  -36.5400014236111                          NaN                     NaN
  -36.3720011805556                          NaN                     NaN
  -36.2040009375000                          NaN  1.071623069610929E-006
  -36.0360006875000                          NaN  6.302340373693515E-006
  -35.8680004444444                          NaN  8.534648863206116E-006
  -35.7000002013889                          NaN  9.923410060657222E-006
  -35.5319999583333                          NaN  1.077051773739674E-005
  -35.3639997152778                          NaN  1.119392243356675E-005
  -35.1959994652778                          NaN  1.121270219301468E-005
  -35.0279992222222       3.668304189602966E-006  1.076240264760908E-005
  -34.8599989791667       5.142567094080557E-006  9.711218400469866E-006
  -34.6919987361111       6.082820900429220E-006  7.871662692147180E-006
  -34.5239984930556       6.650091898937140E-006  4.867863916928629E-006
  -34.3560014791667       6.908924291421637E-006                     NaN
  -34.1880012361111       6.911587865550932E-006                     NaN
  -34.0200009930556       6.717827893268893E-006                     NaN
  -33.8520007500000       6.393472535667811E-006                     NaN
  -33.6840005000000       5.992405858387116E-006                     NaN
  -33.5160002569444       5.526721976739912E-006                     NaN
  -33.3480000138889       4.938909625356396E-006                     NaN
  -33.1799997708333       4.083368925098652E-006                     NaN
  -33.0119995277778       2.632704502348636E-006                     NaN
  -32.8439992777778                          NaN  1.604808236234765E-005
  -32.6759990347222                          NaN  2.214521185043443E-005
  -32.5079987916667                          NaN  2.421793868004887E-005
  -32.3399985486111                          NaN  2.380467233636618E-005
  -32.1720015347222                          NaN  2.275475064066635E-005
  -32.0040012916667       1.000317538986747E-006  2.204579281747996E-005
  -31.8360010486111       3.810233050339786E-006  2.034509768894261E-005
  -31.6680008055556       4.491421213646761E-006  1.426888743648808E-005
  -31.5000005555556       3.333302207452879E-006                     NaN
  -31.3320003125000                          NaN                     NaN
  -31.1640000694444                          NaN                     NaN
  -30.9959998263889                          NaN                     NaN
  -30.8279995833333                          NaN                     NaN
  -30.6599993333333                          NaN  8.184053650402336E-006
  -30.4919990902778                          NaN  1.992553323066962E-005
  -30.3239988472222                          NaN  2.422462732103278E-005
  -30.1559986041667                          NaN  2.466234040154078E-005
  -29.9880015902778                          NaN  2.132733303961284E-005
  -29.8200013472222                          NaN  1.209250640109424E-005
  -29.6520011041667                          NaN                     NaN
  -29.4840008611111       2.432655085077613E-006                     NaN
  -29.3160006111111       3.353668292748878E-006                     NaN
  -29.1480003680556       3.170725322586871E-006                     NaN
  -28.9800001250000       3.318492975571750E-006                     NaN
  -28.8119998819444       4.675487507666180E-006                     NaN
  -28.6439996388889       6.789211970431659E-006                     NaN
  -28.4759993958333       8.997238913710696E-006                     NaN
  -28.3079991458333       1.083953789706917E-005                     NaN
  -28.1399989027778       1.195451923398191E-005                     NaN
  -27.9719986597222       1.201283537734824E-005                     NaN
  -27.8039984166667       1.062317459918728E-005                     NaN
  -27.6360014027778       6.845474641306964E-006                     NaN
  -27.4680011597222                          NaN                     NaN
  -27.3000009166667                          NaN  1.530782001916056E-005
  -27.1320006736111                          NaN  2.373130489579171E-005
  -26.9640004236111                          NaN  3.013988193029552E-005
  -26.7960001805556                          NaN  3.523920413170276E-005
  -26.6279999375000                          NaN  3.915004112282111E-005
  -26.4599996944444                          NaN  4.191351587385479E-005
  -26.2919994513889                          NaN  4.357980644158321E-005
  -26.1239992013889                          NaN  4.424172563842227E-005
  -25.9560005763889       1.029274688589568E-005  4.410864741273623E-005
  -25.7880003333333       1.617935783396538E-005  4.358353977220111E-005
  -25.6200000902778       1.973969230869667E-005  4.321705951022750E-005
  -25.4519998402778       2.168584928535841E-005  4.345762166469033E-005
  -25.2839995972222       2.214913024932703E-005  4.434037282182299E-005
  -25.1159993541667       2.111775321552131E-005  4.543112270023349E-005
  -24.9480007291667       1.846521487490496E-005  4.610533253927423E-005
  -24.7800004791667       1.373120512786367E-005  4.589100994346219E-005
  -24.6120002361111       2.813272137731648E-006  4.463437542810445E-005
  -24.4439999930556                          NaN  4.246654214701312E-005
  -24.2759997500000                          NaN  3.965798958475973E-005
  -24.1079995069444                          NaN  3.644669762957665E-005
  -23.9399992569444                          NaN  3.289156768752718E-005
  -23.7720006319444                          NaN  2.877525579412435E-005
  -23.6040003888889                          NaN  2.353531997672136E-005
  -23.4360001458333                          NaN  1.591048874693588E-005
  -23.2679999027778                          NaN                     NaN
  -23.0999996527778                          NaN                     NaN
  -22.9319994097222                          NaN                     NaN
  -22.7640007847222       1.015703337192203E-005                     NaN
  -22.5960005416667       1.461404069766788E-005                     NaN
  -22.4280002916667       1.687134791593015E-005                     NaN
  -22.2600000486111       1.762925492449609E-005                     NaN
  -22.0919998055556       1.707565478205677E-005                     NaN
  -21.9239995625000       1.520854063194259E-005                     NaN
  -21.7559993194444       1.175601603835566E-005                     NaN
  -21.5880006875000       4.845673816573990E-006                     NaN
  -21.4200004444444                          NaN                     NaN
  -21.2520002013889                          NaN                     NaN
  -21.0839999583333                          NaN  8.106215688478019E-006
  -20.9159997083333                          NaN  1.330989446961711E-005
  -20.7479994652778                          NaN  1.775392970887065E-005
  -20.5799992222222                          NaN  2.153954404311456E-005
  -20.4120005972222                          NaN  2.439600605051127E-005
  -20.2440003472222                          NaN  2.609378245814424E-005
  -20.0760001041667                          NaN  2.654403990247444E-005
  -19.9079998611111                          NaN  2.578322819230135E-005
  -19.7399996180556       7.241777871690787E-006  2.389147193175420E-005
  -19.5719993750000       1.381707898477420E-005  2.087525587740593E-005
  -19.4040007430556       1.795032211005805E-005  1.647832970728652E-005
  -19.2360005000000       2.092420377899972E-005  9.333617288026033E-006
  -19.0680002569444       2.302962275916202E-005                     NaN
  -18.9000000138889       2.437484969045924E-005                     NaN
  -18.7319997638889       2.501143687428771E-005                     NaN
  -18.5639995208333       2.497161583154099E-005                     NaN
  -18.3959992777778       2.428107201582905E-005                     NaN
  -18.2280006527778       2.296055666578404E-005                     NaN
  -18.0600004097222       2.101927129547007E-005                     NaN
  -17.8920001597222       1.843708141622455E-005                     NaN
  -17.7239999166667       1.511763567124613E-005                     NaN
  -17.5559996736111       1.070996819378799E-005                     NaN
  -17.3879994305556       2.260303747004753E-006                     NaN
  -17.2200007986111                          NaN                     NaN
  -17.0520005555556                          NaN                     NaN
  -16.8840003125000                          NaN                     NaN
  -16.7160000694444                          NaN  1.510527287117046E-005
  -16.5479998263889                          NaN  2.207351856604481E-005
  -16.3799995763889                          NaN  2.703641374590222E-005
  -16.2119993333333                          NaN  3.074553122310383E-005
  -16.0440007083333                          NaN  3.343064018595729E-005
  -15.8760004652778                          NaN  3.525058310406543E-005
  -15.7080002152778                          NaN  3.637965863989099E-005
  -15.5399999722222                          NaN  3.697693555533637E-005
  -15.3719997291667                          NaN  3.714477578741206E-005
  -15.2039994861111       7.108735361251316E-006  3.693268828381496E-005
  -15.0359992430556       1.016791469134239E-005  3.635741574692593E-005
  -14.8680006111111       1.217446006560578E-005  3.539747145277789E-005
  -14.7000003680556       1.353808477140185E-005  3.398851374767050E-005
  -14.5320001250000       1.439005616785730E-005  3.205962331233959E-005
  -14.3639998819444       1.478031529654976E-005  2.958657610967689E-005
  -14.1959996319444       1.472272791682064E-005  2.660892202079403E-005
  -14.0279993888889       1.420532905863100E-005  2.319727678816078E-005
  -13.8600007638889       1.318431559381357E-005  1.940526288052617E-005
  -13.6920005208333       1.155926440214424E-005  1.524223281791266E-005
  -13.5240002708333       9.084060763587719E-006  1.063938509959172E-005
  -13.3560000277778       4.755494593775420E-006  5.045620999592528E-006
  -13.1879997847222                          NaN                     NaN
  -13.0200003472222                          NaN                     NaN
  -12.8520001041667                          NaN                     NaN
  -12.6839998611111                          NaN                     NaN
  -12.5159996180556                          NaN                     NaN
  -12.3480001805556                          NaN  2.952246926619865E-006
  -12.1799999375000                          NaN  8.089717397922136E-006
  -12.0119996944444                          NaN  1.152040616643797E-005
  -11.8440002569444                          NaN  1.387632575100378E-005
  -11.6760000138889                          NaN  1.515434586428296E-005
  -11.5079997638889                          NaN  1.562905235007772E-005
  -11.3400003333333                          NaN  1.588636884333019E-005
  -11.1720000833333                          NaN  1.651146752681335E-005
  -11.0039998402778                          NaN  1.768869091491624E-005
  -10.8359995972222                          NaN  1.917962188964424E-005
  -10.6680001597222                          NaN  2.068659309437817E-005
  -10.4999999166667                          NaN  2.211313919701863E-005
  -10.3319996736111                          NaN  2.348269247092717E-005
  -10.1640002361111                          NaN  2.472928882955683E-005
  -9.99599999305556                          NaN  2.567195180792505E-005
  -9.82799975000000                          NaN  2.615393040167543E-005
  -9.66000031250000                          NaN  2.612979303765229E-005
  -9.49200006944444                          NaN  2.565092354829078E-005
  -9.32399981944444                          NaN  2.481987080274519E-005
  -9.15600038888889                          NaN  2.373520276822190E-005
  -8.98800013888889       4.761890808269220E-006  2.244407920660080E-005
  -8.81999989583333       6.387614082525032E-006  2.093856683079145E-005
  -8.65199965277778       7.209647683775673E-006  1.914429920851571E-005
  -8.48400021527778       7.424880820858360E-006  1.685609685152225E-005
  -8.31599997222222       7.101403624559456E-006  1.374510526642008E-005
  -8.14799972916667       6.253135683493409E-006  9.407840047711415E-006
  -7.98000029166667       4.743642590271012E-006                     NaN
  -7.81200004861111       1.036462294933154E-006                     NaN
  -7.64399980555556                          NaN                     NaN
  -7.47600036805556                          NaN                     NaN
  -7.30800012500000                          NaN                     NaN
  -7.13999988194444                          NaN                     NaN
  -6.97199963194444                          NaN                     NaN
  -6.80400019791667                          NaN                     NaN
  -6.63599995347222                          NaN                     NaN
  -6.46800011388889                          NaN                     NaN
  -6.29999986944444                          NaN                     NaN
  -6.13200002916667                          NaN                     NaN
  -5.96400018888889                          NaN                     NaN
  -5.79599994444444                          NaN  9.962759115542746E-006
  -5.62800010416667                          NaN  1.563446163724440E-005
  -5.45999985972222                          NaN  1.953538886518796E-005
  -5.29200001944444                          NaN  2.245612688852561E-005
  -5.12400017916667                          NaN  2.464760652287423E-005
  -4.95599993472222                          NaN  2.639225949671766E-005
  -4.78800009444444                          NaN  2.795564542119141E-005
  -4.61999985000000                          NaN  2.941123905637915E-005
  -4.45200000972222                          NaN  3.073494868134279E-005
  -4.28400016944444                          NaN  3.190598710469726E-005
  -4.11599992500000                          NaN  3.278144239182808E-005
  -3.94800008541667                          NaN  3.312028728475165E-005
  -3.77999984097222                          NaN  3.279152954386985E-005
  -3.61200000069444                          NaN  3.178626023545291E-005
  -3.44400016041667                          NaN  3.003184305733857E-005
  -3.27599991597222                          NaN  2.720548057386750E-005
  -3.10800007569444                          NaN  2.270937281054270E-005
  -2.94000003333333                          NaN  1.574704970728234E-005
  -2.77199999097222                          NaN                     NaN
  -2.60399994861111                          NaN                     NaN
  -2.43599990625000                          NaN                     NaN
  -2.26800006597222                          NaN                     NaN
  -2.10000002361111                          NaN                     NaN
  -1.93199998125000                          NaN                     NaN
  -1.76399993888889                          NaN                     NaN
  -1.59599999791667                          NaN                     NaN
  -1.42799995555556                          NaN                     NaN
  -1.26000001458333                          NaN                     NaN
  -1.09199997222222                          NaN                     NaN
 -0.924000030555556                          NaN                     NaN
 -0.755999988194444                          NaN                     NaN
 -0.587999996527778                          NaN                     NaN
 -0.420000004722222                          NaN                     NaN
 -0.251999987708333                          NaN                     NaN
 -8.400000222222222E-002                     NaN                     NaN
  8.400000222222222E-002                     NaN                     NaN
  0.251999987708333                          NaN                     NaN
  0.420000004722222                          NaN                     NaN
  0.587999996527778                          NaN                     NaN
  0.755999988194444                          NaN                     NaN
  0.924000030555556                          NaN                     NaN
   1.09199997222222                          NaN                     NaN
   1.26000001458333                          NaN                     NaN
   1.42799995555556                          NaN                     NaN
   1.59599999791667                          NaN                     NaN
   1.76399993888889                          NaN                     NaN
   1.93199998125000                          NaN                     NaN
   2.10000002361111                          NaN                     NaN
   2.26800006597222                          NaN                     NaN
   2.43599990625000                          NaN                     NaN
   2.60399994861111                          NaN                     NaN
   2.77199999097222                          NaN                     NaN
   2.94000003333333                          NaN                     NaN
   3.10800007569444                          NaN                     NaN
   3.27599991597222                          NaN                     NaN
   3.44400016041667                          NaN                     NaN
   3.61200000069444                          NaN                     NaN
   3.77999984097222                          NaN  6.135505042421030E-004
   3.94800008541667                          NaN                     NaN
   4.11599992500000                          NaN                     NaN
   4.28400016944444                          NaN  3.992586071438723E-003
   4.45200000972222                          NaN  6.135412492804347E-003
   4.61999985000000       3.773477208426374E-003  6.605364601406254E-003
   4.78800009444444       4.824674485418982E-003                     NaN
   4.95599993472222       4.952995931811499E-003                     NaN
   5.12400017916667       5.691647434360596E-003                     NaN
   5.29200001944444       7.313940164882448E-003                     NaN
   5.45999985972222       1.180194920097745E-002                     NaN
   5.62800010416667       1.644390717214539E-002  9.947666706090661E-003
   5.79599994444444       1.844231381266208E-002  1.738098784886060E-002
   5.96400018888889       1.974329355390333E-002  2.110917608449207E-002
   6.13200002916667       2.300339193403019E-002  2.264399907555778E-002
   6.29999986944444       2.424365926501402E-002  2.175740740993148E-002
   6.46800011388889       2.464394441280217E-002  1.802390425586638E-002
   6.63599995347222       2.255692113083664E-002  1.459881000718326E-002
   6.80400019791667       1.807914065826017E-002  1.444083207752779E-002
   6.97199963194444       1.567767138694431E-002  9.615710782550206E-003
   7.13999988194444       1.636404518000942E-002                     NaN
   7.30800012500000       1.630484560370727E-002                     NaN
   7.47600036805556       1.567008417923171E-002                     NaN
   7.64399980555556       7.156107611128961E-003                     NaN
   7.81200004861111                          NaN                     NaN
   7.98000029166667                          NaN  1.066598506456068E-002
   8.14799972916667                          NaN  1.785514397028630E-002
   8.31599997222222                          NaN  1.939493028834424E-002
   8.48400021527778                          NaN  1.693552400248225E-002
   8.65199965277778       1.454013401785677E-002  9.728164949048303E-003
   8.81999989583333       1.752588905918411E-002                     NaN
   8.98800013888889       1.568104618697316E-002                     NaN
   9.15600038888889       1.374457560172508E-002  3.821535424869470E-003
   9.32399981944444       8.877133909571405E-003  1.345926556508839E-002
   9.49200006944444                          NaN  1.830742927396783E-002
   9.66000031250000                          NaN  2.090394069184537E-002
   9.82799975000000       1.081175024458078E-002  2.146888843757553E-002
   9.99599999305556       1.323415527168811E-002  2.217528445706452E-002
   10.1640002361111       9.239377371218957E-003  2.460355345657154E-002
   10.3319996736111       5.754702409033899E-003  2.557122735641430E-002
   10.4999999166667       4.540656225232378E-003  2.447396256159180E-002
   10.6680001597222       6.907876044701765E-003  2.256236924659017E-002
   10.8359995972222       9.622126778763033E-003  1.955608569522976E-002
   11.0039998402778       8.903828077290817E-003  1.483175853866915E-002
   11.1720000833333       5.787179851209267E-003  7.912775253498283E-003
   11.3400003333333       5.810048336895022E-003                     NaN
   11.5079997638889       8.102823402692761E-003                     NaN
   11.6760000138889       5.950679569934568E-003  3.838321456817211E-003
   11.8440002569444                          NaN  6.331422849793767E-003
   12.0119996944444                          NaN  7.121048231029869E-003
   12.1799999375000       4.038536563370501E-003  5.795713283336779E-003
   12.3480001805556       5.453642615975828E-003  5.231656862111435E-003
   12.5159996180556       5.588015775678709E-003  3.712778261554827E-003
   12.6839998611111       4.987882243279725E-003                     NaN
   12.8520001041667       4.511778501891979E-003                     NaN
   13.0200003472222       3.775863950171259E-003  4.378129424481364E-003
   13.1879997847222       9.524030042755527E-004  5.775977365525865E-003
   13.3560000277778                          NaN  6.012505666986286E-003
   13.5240002708333                          NaN  4.689262908913290E-003
   13.6920005208333       2.238464542982683E-003  2.777003591245923E-003
   13.8600007638889       1.765827250225497E-003  1.299943969766212E-003
   14.0279993888889       6.657894138035138E-004                     NaN
   14.1959996319444                          NaN                     NaN
   14.3639998819444                          NaN                     NaN
   14.5320001250000                          NaN                     NaN
   14.7000003680556                          NaN                     NaN
   14.8680006111111                          NaN                     NaN
   15.0359992430556                          NaN                     NaN
   15.2039994861111                          NaN                     NaN
   15.3719997291667                          NaN                     NaN
   15.5399999722222                          NaN                     NaN
   15.7080002152778                          NaN                     NaN
   15.8760004652778                          NaN                     NaN
   16.0440007083333                          NaN                     NaN
   16.2119993333333                          NaN                     NaN
   16.3799995763889                          NaN                     NaN
   16.5479998263889                          NaN                     NaN
   16.7160000694444                          NaN                     NaN
   16.8840003125000                          NaN                     NaN
   17.0520005555556                          NaN                     NaN
   17.2200007986111                          NaN                     NaN
   17.3879994305556                          NaN                     NaN
   17.5559996736111                          NaN                     NaN
   17.7239999166667                          NaN                     NaN
   17.8920001597222                          NaN                     NaN
   18.0600004097222                          NaN                     NaN
   18.2280006527778                          NaN                     NaN
   18.3959992777778                          NaN  3.315635677274349E-005
   18.5639995208333                          NaN  4.850888241290780E-005
   18.7319997638889                          NaN  5.847095251290706E-005
   18.9000000138889                          NaN  6.582532831594599E-005
   19.0680002569444                          NaN  7.157581747012431E-005
   19.2360005000000                          NaN  7.511972768435953E-005
   19.4040007430556                          NaN  7.537117462509710E-005
   19.5719993750000                          NaN  7.217446906624711E-005
   19.7399996180556                          NaN  6.729972240297959E-005
   19.9079998611111                          NaN  6.378546792091824E-005
   20.0760001041667                          NaN  6.321386739695158E-005
   20.2440003472222                          NaN  6.383970117116698E-005
   20.4120005972222                          NaN  6.244726300709167E-005
   20.5799992222222                          NaN  5.747024260326235E-005
   20.7479994652778                          NaN  5.023566737519551E-005
   20.9159997083333                          NaN  4.408756544127426E-005
   21.0839999583333                          NaN  4.205077907733847E-005
   21.2520002013889                          NaN  4.393402068060477E-005
   21.4200004444444                          NaN  4.641157719445756E-005
   21.5880006875000                          NaN  4.588302110841015E-005
   21.7559993194444                          NaN  4.013000013295250E-005
   21.9239995625000                          NaN  2.862563522112269E-005
   22.0919998055556                          NaN  9.483586759345601E-006
   22.2600000486111                          NaN                     NaN
   22.4280002916667                          NaN                     NaN
   22.5960005416667                          NaN                     NaN
   22.7640007847222                          NaN  1.623920690465788E-005
   22.9319994097222                          NaN  2.526188431733689E-005
   23.0999996527778                          NaN  3.020387773676482E-005
   23.2679999027778                          NaN  3.153401831247977E-005
   23.4360001458333                          NaN  2.861467482797933E-005
   23.6040003888889                          NaN  2.137537466783204E-005
   23.7720006319444                          NaN  1.022260189829901E-005
   23.9399992569444                          NaN                     NaN
   24.1079995069444                          NaN                     NaN
   24.2759997500000                          NaN                     NaN
   24.4439999930556                          NaN                     NaN
   24.6120002361111                          NaN                     NaN
   24.7800004791667                          NaN                     NaN
   24.9480007291667                          NaN                     NaN
   25.1159993541667                          NaN                     NaN
   25.2839995972222                          NaN                     NaN
   25.4519998402778                          NaN                     NaN
   25.6200000902778                          NaN                     NaN
   25.7880003333333                          NaN                     NaN
   25.9560005763889                          NaN                     NaN
   26.1239992013889                          NaN                     NaN
   26.2919994513889                          NaN                     NaN
   26.4599996944444                          NaN                     NaN
   26.6279999375000                          NaN                     NaN
   26.7960001805556                          NaN                     NaN
   26.9640004236111                          NaN                     NaN
   27.1320006736111                          NaN                     NaN
   27.3000009166667                          NaN                     NaN
   27.4680011597222                          NaN                     NaN
   27.6360014027778                          NaN                     NaN
   27.8039984166667                          NaN                     NaN
   27.9719986597222                          NaN                     NaN
   28.1399989027778                          NaN                     NaN
   28.3079991458333                          NaN                     NaN
   28.4759993958333                          NaN                     NaN
   28.6439996388889                          NaN                     NaN
   28.8119998819444                          NaN                     NaN
   28.9800001250000                          NaN                     NaN
   29.1480003680556                          NaN                     NaN
   29.3160006111111                          NaN                     NaN
   29.4840008611111                          NaN                     NaN
   29.6520011041667                          NaN                     NaN
   29.8200013472222                          NaN                     NaN
   29.9880015902778                          NaN                     NaN
   30.1559986041667                          NaN                     NaN
   30.3239988472222                          NaN                     NaN
   30.4919990902778                          NaN                     NaN
   30.6599993333333                          NaN                     NaN
   30.8279995833333                          NaN                     NaN
   30.9959998263889                          NaN                     NaN
   31.1640000694444                          NaN                     NaN
   31.3320003125000                          NaN                     NaN
   31.5000005555556                          NaN                     NaN
   31.6680008055556                          NaN                     NaN
   31.8360010486111                          NaN                     NaN
   32.0040012916667                          NaN                     NaN
   32.1720015347222                          NaN                     NaN
   32.3399985486111                          NaN                     NaN
   32.5079987916667                          NaN                     NaN
   32.6759990347222                          NaN                     NaN
   32.8439992777778                          NaN                     NaN
   33.0119995277778                          NaN  1.169331297989961E-005
   33.1799997708333                          NaN  1.199357674975452E-005
   33.3480000138889                          NaN  8.001856424399797E-006
   33.5160002569444                          NaN                     NaN
   33.6840005000000                          NaN                     NaN
   33.8520007500000                          NaN                     NaN
   34.0200009930556                          NaN                     NaN
   34.1880012361111                          NaN                     NaN
   34.3560014791667                          NaN                     NaN
   34.5239984930556                          NaN                     NaN
   34.6919987361111                          NaN                     NaN
   34.8599989791667                          NaN                     NaN
   35.0279992222222                          NaN                     NaN
   35.1959994652778                          NaN                     NaN
   35.3639997152778                          NaN                     NaN
   35.5319999583333                          NaN                     NaN
   35.7000002013889                          NaN                     NaN
   35.8680004444444                          NaN                     NaN
   36.0360006875000                          NaN  3.096785934999006E-006
   36.2040009375000                          NaN  1.119921648048812E-005
   36.3720011805556                          NaN  1.465629299366434E-005
   36.5400014236111                          NaN  1.794397422194867E-005
   36.7079984375000                          NaN  2.052535517909831E-005
   36.8759986805556                          NaN  2.107860170246594E-005
   37.0439989236111                          NaN  1.867442394123987E-005
   37.2119991666667                          NaN  1.462153511260097E-005
   37.3799994097222                          NaN  1.223599505032315E-005
   37.5479996597222                          NaN  1.224431519812006E-005
   37.7159999027778                          NaN  1.183611756739491E-005
   37.8840001458333                          NaN  9.438812123363911E-006
   38.0520003888889                          NaN  7.497712027374720E-006
   38.2200006319444                          NaN                     NaN
   38.3880008819444       2.175952190995015E-005  5.954979646601076E-005
   38.5560011250000                          NaN                     NaN
   38.7240013680556                          NaN                     NaN
   38.8920016111111       2.111922018759318E-005                     NaN
   39.0599986250000                          NaN                     NaN
   39.2279988680556                          NaN  6.464697003322495E-005
   39.3959991111111                          NaN                     NaN
   39.5639993541667                          NaN                     NaN
   39.7319995972222                          NaN                     NaN
   39.8999998472222                          NaN                     NaN
   40.0680000902778                          NaN  3.567232430082166E-005
   40.2360003333333                          NaN                     NaN
   40.4040005763889                          NaN                     NaN
   40.5720008194444                          NaN                     NaN
   40.7400010694444                          NaN                     NaN
   40.9080013125000                          NaN                     NaN
   41.0760015555556       2.993763667379540E-005  3.627880015349729E-005
   41.2439985694444                          NaN  4.771298705084247E-005
   41.4119988125000                          NaN                     NaN
   41.5799990555556                          NaN                     NaN
   41.7479992986111                          NaN                     NaN
   41.9159995416667       7.998771846986262E-006                     NaN
   42.0839997916667       2.912285350996096E-005                     NaN
   42.2520000347222                          NaN                     NaN
   42.4200002777778                          NaN                     NaN
   42.5880005208333                          NaN                     NaN
   42.7560007638889       3.430980636385654E-006                     NaN
   42.9240010138889                          NaN  2.950547295041412E-005
   43.0920012569444                          NaN  3.021815070245541E-005
   43.2600015000000                          NaN  8.067498959248224E-006
   43.4279985138889                          NaN                     NaN
   43.5959987569444                          NaN                     NaN
   43.7639990000000                          NaN                     NaN
   43.9319992430556       2.818678257762320E-005  3.352114002424066E-005
   44.0999994861111       3.402470607966720E-005  5.089892403806105E-005
   44.2679997361111                          NaN                     NaN
   44.4359999791667                          NaN                     NaN
   44.6040002222222                          NaN  1.249614746173914E-005
   44.7720004652778                          NaN                     NaN
   44.9400007083333       8.773685423180482E-006                     NaN
   45.1080009513889       1.637867717434800E-005  3.581256749393390E-005
   45.2760012013889                          NaN                     NaN
   45.4440014444444                          NaN                     NaN
   45.6119984513889                          NaN                     NaN
   45.7799987013889       1.255980716099411E-005  1.276123759125613E-005
   45.9479989444444       3.102180894580287E-005  2.446859364590541E-005
   46.1159991875000       1.769042347515086E-005  4.034209431145063E-005
   46.2839994305556                          NaN  2.822568041474906E-005
   46.4519996736111                          NaN                     NaN
   46.6199999236111                          NaN                     NaN
   46.7880001666667       1.707042888342665E-005                     NaN
   46.9560004097222       1.012656848069214E-005  3.878662066389864E-005
   47.1240006527778       2.554077516622538E-005  3.063008429499877E-005
   47.2920008958333       2.134336955957063E-005  5.229020482876257E-006
   47.4600011458333                          NaN                     NaN
   47.6280013888889                          NaN                     NaN
   47.7959983958333                          NaN                     NaN
   47.9639986458333       1.825310154575015E-005  2.868692075373268E-005
   48.1319988888889                          NaN  4.107255883124260E-005
   48.2999991319444                          NaN                     NaN
   48.4679993750000                          NaN                     NaN
   48.6359996180556       1.560279820325587E-005                     NaN
   48.8039998680556                          NaN                     NaN
   48.9720001111111                          NaN  1.746326428618171E-005
   49.1400003541667                          NaN  4.944314715245721E-005
   49.3080005972222       5.468682084346455E-006  9.939631404868815E-006
   49.4760008402778       2.064679930647035E-005                     NaN
   49.6440010902778       1.851076229652521E-005                     NaN
   49.8120013333333                          NaN  3.742056283912794E-005
   49.9800015763889       2.361895110242611E-005  4.220096134512283E-005
   50.1479985833333       1.731091945784430E-005  4.665230343142829E-005
   50.3159988333333                          NaN  1.916519847191147E-005
   50.4839990763889                          NaN                     NaN
   50.6519993194444                          NaN                     NaN
   50.8199995625000       9.268345003626662E-006                     NaN
   50.9879998055556       1.971543262534625E-005  4.406279905734512E-005
   51.1560000555556                          NaN                     NaN
   51.3240002986111                          NaN                     NaN
   51.4920005416667                          NaN                     NaN
   51.6600007847222       1.389804372332119E-005                     NaN
   51.8280010277778       2.701177667640809E-005                     NaN
   51.9960012777778                          NaN                     NaN
   52.1640015208333                          NaN                     NaN
   52.3319985277778                          NaN                     NaN
   52.4999987777778                          NaN  3.201927495662579E-005
   52.6679990208333       1.691217564892067E-005  2.354848808344102E-005
   52.8359992638889                          NaN                     NaN
   53.0039995069444                          NaN                     NaN
   53.1719997500000                          NaN  3.566800868672269E-005
   53.3400000000000                          NaN  3.969368541463128E-005
   53.5080002430556                          NaN                     NaN
   53.6760004861111                          NaN                     NaN
   53.8440007291667                          NaN                     NaN
   54.0120009722222       1.672213638402783E-005  2.024162684865789E-005
   54.1800012222222                          NaN  4.283971000514163E-005
   54.3480014652778                          NaN  2.146283457613324E-005
   54.5160017083333                          NaN                     NaN
   54.6840019513889       1.730848898642355E-005                     NaN
   54.8520021944444       2.784987458529439E-005                     NaN
   55.0200024444444       2.523475036130734E-005  1.708019769934656E-005
   55.1880026875000       1.575844811480997E-005  4.254328304576036E-005
   55.3560029305556                          NaN                     NaN
   55.5240031736111                          NaN                     NaN
   55.6919969513889                          NaN                     NaN
   55.8599971944444                          NaN  1.545135959488593E-005
   56.0279974375000                          NaN                     NaN
   56.1959976875000                          NaN  3.996439440450053E-005
   56.3639979305556                          NaN                     NaN
   56.5319981736111       7.188861243240910E-006                     NaN
   56.6999984166667                          NaN  2.816629261310404E-005
   56.8679986597222                          NaN  4.441434413674336E-005
   57.0359989097222                          NaN  3.559376466851756E-005
   57.2039991527778                          NaN  1.351293457951142E-005
   57.3719993958333                          NaN                     NaN
   57.5399996388889                          NaN                     NaN
   57.7079998819444       1.035829822200653E-005                     NaN
   57.8760001319444       2.185449742905185E-005  2.040792107100291E-005
   58.0440003750000       2.311503331500214E-005  3.053158698655299E-005
   58.2120006180556                          NaN  2.877425991890442E-005
   58.3800008611111       1.201953721756671E-005  2.589329159511951E-005
   58.5480011041667                          NaN                     NaN
   58.7160013541667                          NaN                     NaN
   58.8840015972222                          NaN                     NaN
   59.0520018402778       9.483662475004809E-006                     NaN
   59.2200020833333       1.157145248979166E-005                     NaN
   59.3880023263889                          NaN  7.497764893630678E-006
   59.5560025763889                          NaN  3.236646220908503E-005
   59.7240028194444                          NaN  3.196492458164688E-005
   59.8920030625000                          NaN  4.553833292173275E-005
   60.0599968402778                          NaN  4.157931949643150E-005
