  -60.0599968402778       2.330532587903656E-015  2.330532587903656E-015
  -59.8920030625000       2.376671126554241E-004  3.185141260330230E-004
  -59.7240028194444       2.498197032887813E-004  3.345534444280156E-004
  -59.5560025763889       2.587407424840109E-004  3.432593506308742E-004
  -59.3880023263889       2.649783467507612E-004  3.481362356454459E-004
  -59.2200020833333       2.728440266359373E-004  3.549330345547788E-004
  -59.0520018402778       2.783230698470720E-004  3.623442350396119E-004
  -58.8840015972222       2.851737222332954E-004  3.711901742043233E-004
  -58.7160013541667       2.910247387950712E-004  3.806947397355447E-004
  -58.5480011041667       2.975677758037255E-004  3.901936468252655E-004
  -58.3800008611111       3.035516554995558E-004  3.987054851704942E-004
  -58.2120006180556       3.098002987309460E-004  4.060544684023300E-004
  -58.0440003750000       3.157670705022809E-004  4.125267057052394E-004
  -57.8760001319444       3.218792228570014E-004  4.187229214909094E-004
  -57.7079998819444       3.279074755753835E-004  4.248169481608436E-004
  -57.5399996388889       3.340435269227497E-004  4.308659594195592E-004
  -57.3719993958333       3.401310154426512E-004  4.369082093729265E-004
  -57.2039991527778       3.462172529122033E-004  4.431959180044832E-004
  -57.0359989097222       3.522243969575428E-004  4.499185563372023E-004
  -56.8679986597222       3.582071434111114E-004  4.570510189673404E-004
  -56.6999984166667       3.641554085631343E-004  4.642656695021875E-004
  -56.5319981736111       3.700843840646126E-004  4.710525898851913E-004
  -56.3639979305556       3.759413525264619E-004  4.769619384350017E-004
  -56.1959976875000       3.816841202606054E-004  4.819599444442110E-004
  -56.0279974375000       3.872753739854741E-004  4.865772946309626E-004
  -55.8599971944444       3.927216608951737E-004  4.916133508290207E-004
  -55.6919969513889       3.980318790784435E-004  4.975241966543999E-004
  -55.5240031736111       4.031967944165637E-004  5.040289569437924E-004
  -55.3560029305556       4.081765042426478E-004  5.103063649801249E-004
  -55.1880026875000       4.129362100102920E-004  5.156058075357716E-004
  -55.0200024444444       4.174726652905798E-004  5.197282266336787E-004
  -54.8520021944444       4.218143144275774E-004  5.230488558473972E-004
  -54.6840019513889       4.259910802555372E-004  5.261986435357021E-004
  -54.5160017083333       4.300139351193401E-004  5.297203397870395E-004
  -54.3480014652778       4.338808907397835E-004  5.338847306690893E-004
  -54.1800012222222       4.375987608220848E-004  5.386699673226496E-004
  -54.0120009722222       4.411895416983298E-004  5.438238479152589E-004
  -53.8440007291667       4.446732113410952E-004  5.489365882812275E-004
  -53.6760004861111       4.480477338391065E-004  5.535311988412692E-004
  -53.5080002430556       4.512933694053246E-004  5.572384275317542E-004
  -53.3400000000000       4.543980452620123E-004  5.600166705855975E-004
  -53.1719997500000       4.573751885956503E-004  5.622167648222697E-004
  -53.0039995069444       4.602541292945061E-004  5.643661411305994E-004
  -52.8359992638889       4.630574984065508E-004  5.668351289946340E-004
  -52.6679990208333       4.657909855859966E-004  5.696665781963069E-004
  -52.4999987777778       4.684515135647964E-004  5.726478674038421E-004
  -52.3319985277778       4.710372146732970E-004  5.754779846182614E-004
  -52.1640015208333       4.735470887362639E-004  5.778945289979786E-004
  -51.9960012777778       4.759752631420236E-004  5.797523431695268E-004
  -51.8280010277778       4.783098487640473E-004  5.810712403296212E-004
  -51.6600007847222       4.805369617202228E-004  5.820259932005389E-004
  -51.4920005416667       4.826444751446421E-004  5.828629885130741E-004
  -51.3240002986111       4.846238815692000E-004  5.837900584300150E-004
  -51.1560000555556       4.864723935554692E-004  5.849049683328474E-004
  -50.9879998055556       4.881958686700533E-004  5.861866059505529E-004
  -50.8199995625000       4.898105173667879E-004  5.875273751056810E-004
  -50.6519993194444       4.913417377468248E-004  5.887795410985114E-004
  -50.4839990763889       4.928203727043624E-004  5.898009442912717E-004
  -50.3159988333333       4.942785562802724E-004  5.904975778486727E-004
  -50.1479985833333       4.957462027233557E-004  5.908586500058575E-004
  -49.9800015763889       4.972481705825100E-004  5.909722363331553E-004
  -49.8120013333333       4.988013283124622E-004  5.910063252713986E-004
  -49.6440010902778       5.004125202460825E-004  5.911514614185226E-004
  -49.4760008402778       5.020780899720750E-004  5.915447839157689E-004
  -49.3080005972222       5.037855011255227E-004  5.922151378111114E-004
  -49.1400003541667       5.055167074852405E-004  5.930798065675682E-004
  -48.9720001111111       5.072517586616413E-004  5.939885838370582E-004
  -48.8039998680556       5.089711584973962E-004  5.947787051412965E-004
  -48.6359996180556       5.106564380910152E-004  5.953064980931249E-004
  -48.4679993750000       5.122896660907479E-004  5.954557826236771E-004
  -48.2999991319444       5.138541836195825E-004  5.951504059978021E-004
  -48.1319988888889       5.153386583464331E-004  5.943856063988360E-004
  -47.9639986458333       5.167437798793988E-004  5.932547555953207E-004
  -47.7959983958333       5.180880617074950E-004  5.919327327344816E-004
  -47.6280013888889       5.194087680904308E-004  5.906073764670900E-004
  -47.4600011458333       5.207558340737125E-004  5.893986412816596E-004
  -47.2920008958333       5.221808575603692E-004  5.883194409165668E-004
  -47.1240006527778       5.237262966965300E-004  5.872998900174624E-004
  -46.9560004097222       5.254192886142042E-004  5.862486684462564E-004
  -46.7880001666667       5.272716644038140E-004  5.851072342179485E-004
  -46.6199999236111       5.292839670148497E-004  5.838726708002475E-004
  -46.4519996736111       5.314496768291751E-004  5.825902908972680E-004
  -46.2839994305556       5.337573398529163E-004  5.813303207805981E-004
  -46.1159991875000       5.361904111322487E-004  5.801634744894267E-004
  -45.9479989444444       5.387264586765982E-004  5.791486758782687E-004
  -45.7799987013889       5.413377808668608E-004  5.783372304995498E-004
  -45.6119984513889       5.439933237409897E-004  5.777813141462522E-004
  -45.4440014444444       5.466624326426047E-004  5.775268236182737E-004
  -45.2760012013889       5.493179537064120E-004  5.775865492516231E-004
  -45.1080009513889       5.519386758718124E-004  5.779132684173594E-004
  -44.9400007083333       5.545104372012198E-004  5.783960496984482E-004
  -44.7720004652778       5.570260724018897E-004  5.788825398423491E-004
  -44.6040002222222       5.594845760566439E-004  5.792129014675820E-004
  -44.4359999791667       5.618898445640978E-004  5.792544621502974E-004
  -44.2679997361111       5.642490670006324E-004  5.789341968738138E-004
  -44.0999994861111       5.665713107167767E-004  5.782633234630953E-004
  -43.9319992430556       5.688656954516327E-004  5.773405714011157E-004
  -43.7639990000000       5.711397603976009E-004  5.763270265810125E-004
  -43.5959987569444       5.733978985428836E-004  5.754065467339884E-004
  -43.4279985138889       5.756402971236328E-004  5.747548055473378E-004
  -43.2600015000000       5.778620496494629E-004  5.745281223460923E-004
  -43.0920012569444       5.800533403315712E-004  5.748594780161110E-004
  -42.9240010138889       5.822001464085878E-004  5.758442821296694E-004
  -42.7560007638889       5.842857038927301E-004  5.775136352780787E-004
  -42.5880005208333       5.862925723047490E-004  5.798107547410037E-004
  -42.4200002777778       5.882043016900227E-004  5.825860011111525E-004
  -42.2520000347222       5.900072948617411E-004  5.856159033481185E-004
  -42.0839997916667       5.916913683631373E-004  5.886417046571684E-004
  -41.9159995416667       5.932499698212319E-004  5.914157848279968E-004
  -41.7479992986111       5.946795685952128E-004  5.937436169678022E-004
  -41.5799990555556       5.959787253404319E-004  5.955122542586402E-004
  -41.4119988125000       5.971473521709841E-004  5.967026505903029E-004
  -41.2439985694444       5.981862137223294E-004  5.973884756548979E-004
  -41.0760015555556       5.990970918875874E-004  5.977220624662356E-004
  -40.9080013125000       5.998834038842600E-004  5.979071122723424E-004
  -40.7400010694444       6.005511875387856E-004  5.981606911056331E-004
  -40.5720008194444       6.011100862298764E-004  5.986745978281995E-004
  -40.4040005763889       6.015739690744428E-004  5.995888455132359E-004
  -40.2360003333333       6.019611310484612E-004  6.009843850979124E-004
  -40.0680000902778       6.022939636028094E-004  6.028902754412076E-004
  -39.8999998472222       6.025978641197438E-004  6.052937476110541E-004
  -39.7319995972222       6.029002578330922E-004  6.081447620926441E-004
  -39.5639993541667       6.032289085032898E-004  6.113565581279948E-004
  -39.3959991111111       6.036105588287737E-004  6.148108643991377E-004
  -39.2279988680556       6.040689189656764E-004  6.183722422764309E-004
  -39.0599986250000       6.046230195837345E-004  6.219075950135336E-004
  -38.8920016111111       6.052850123655446E-004  6.253017146719813E-004
  -38.7240013680556       6.060587798178783E-004  6.284681128973248E-004
  -38.5560011250000       6.069388805102382E-004  6.313594320449810E-004
  -38.3880008819444       6.079113448237003E-004  6.339774244438854E-004
  -38.2200006319444       6.089555459607858E-004  6.363708819465117E-004
  -38.0520003888889       6.100479852658352E-004  6.386138921825762E-004
  -37.8840001458333       6.111669851548779E-004  6.407760404172860E-004
  -37.7159999027778       6.122978784558670E-004  6.429040772965164E-004
  -37.5479996597222       6.134376342008480E-004  6.450205073462950E-004
  -37.3799994097222       6.145984297594781E-004  6.471277563356106E-004
  -37.2119991666667       6.158097420489150E-004  6.492129511476093E-004
  -37.0439989236111       6.171186871857014E-004  6.512597534637666E-004
  -36.8759986805556       6.185884655390663E-004  6.532700074342585E-004
  -36.7079984375000       6.202956121353805E-004  6.552828119664067E-004
  -36.5400014236111       6.223259538087164E-004  6.573783456136732E-004
  -36.3720011805556       6.247698726576319E-004  6.596685049289910E-004
  -36.2040009375000       6.277174732190429E-004  6.622845122638761E-004
  -36.0360006875000       6.312545942750276E-004  6.653637101240416E-004
  -35.8680004444444       6.354596572953092E-004  6.690287278352622E-004
  -35.7000002013889       6.404022033572229E-004  6.733584484944224E-004
  -35.5319999583333       6.461424044632124E-004  6.783613717639262E-004
  -35.3639997152778       6.527312355222043E-004  6.839619300720343E-004
  -35.1959994652778       6.602098044409914E-004  6.900011053657365E-004
  -35.0279992222222       6.686072223879556E-004  6.962482246633955E-004
  -34.8599989791667       6.779369168181450E-004  7.024256772672889E-004
  -34.6919987361111       6.881914564742435E-004  7.082503407329677E-004
  -34.5239984930556       6.993378157818341E-004  7.134905168641032E-004
  -34.3560014791667       7.113140920910819E-004  7.180281239160001E-004
  -34.1880012361111       7.240293746364710E-004  7.219076389273529E-004
  -34.0200009930556       7.373673500570695E-004  7.253501308434439E-004
  -33.8520007500000       7.511933799015433E-004  7.287163128466089E-004
  -33.6840005000000       7.653636990096061E-004  7.324208769534444E-004
  -33.5160002569444       7.797352916090207E-004  7.368277498126711E-004
  -33.3480000138889       7.941746437030981E-004  7.421712590589268E-004
  -33.1799997708333       8.085633726239624E-004  7.485366447923824E-004
  -33.0119995277778       8.228009529161215E-004  7.558936163720419E-004
  -32.8439992777778       8.368037198682745E-004  7.641438133440602E-004
  -32.6759990347222       8.505011977124227E-004  7.731417144622068E-004
  -32.5079987916667       8.638315103841827E-004  7.826855286799850E-004
  -32.3399985486111       8.767364019706018E-004  7.925098656308591E-004
  -32.1720015347222       8.891578398357836E-004  8.023160818461646E-004
  -32.0040012916667       9.010364225696171E-004  8.118355298119596E-004
  -31.8360010486111       9.123122568712298E-004  8.208890361700435E-004
  -31.6680008055556       9.229276012519273E-004  8.294073293425614E-004
  -31.5000005555556       9.328311938144949E-004  8.374103966160216E-004
  -31.3320003125000       9.419826051969940E-004  8.449665215935400E-004
  -31.1640000694444       9.503569100107116E-004  8.521567056934508E-004
  -30.9959998263889       9.579478323370670E-004  8.590579425949146E-004
  -30.8279995833333       9.647696695027523E-004  8.657428915578817E-004
  -30.6599993333333       9.708578965593538E-004  8.722824829643411E-004
  -30.4919990902778       9.762680344359234E-004  8.787404433080940E-004
  -30.3239988472222       9.810736532691107E-004  8.851617752278367E-004
  -30.1559986041667       9.853630716558214E-004  8.915663772291050E-004
  -29.9880015902778       9.892360885324933E-004  8.979524868252089E-004
  -29.8200013472222       9.928002946882272E-004  9.043051550025825E-004
  -29.6520011041667       9.961674166302599E-004  9.106035740777305E-004
  -29.4840008611111       9.994498838263393E-004  9.168262764952627E-004
  -29.3160006111111       1.002757685022880E-003  9.229514373472692E-004
  -29.1480003680556       1.006194589418374E-003  9.289514845823401E-004
  -28.9800001250000       1.009854266831084E-003  9.347880167880021E-004
  -28.8119998819444       1.013815907116440E-003  9.404215234512330E-004
  -28.6439996388889       1.018139874364724E-003  9.458378735050350E-004
  -28.4759993958333       1.022863857830092E-003  9.510751346970789E-004
  -28.3079991458333       1.028000369248598E-003  9.562278527636603E-004
  -28.1399989027778       1.033536316697423E-003  9.614238300460720E-004
  -27.9719986597222       1.039434961857688E-003  9.667927171668158E-004
  -27.8039984166667       1.045640253162171E-003  9.724509587808417E-004
  -27.6360014027778       1.052083260892260E-003  9.785085248463765E-004
  -27.4680011597222       1.058689760721204E-003  9.850791412436750E-004
  -27.3000009166667       1.065388223874126E-003  9.922743030092265E-004
  -27.1320006736111       1.072116987415065E-003  1.000182727050906E-003
  -26.9640004236111       1.078829406845907E-003  1.008857036073922E-003
  -26.7960001805556       1.085496059282580E-003  1.018320531666944E-003
  -26.6279999375000       1.092104955744910E-003  1.028582041812676E-003
  -26.4599996944444       1.098658747718778E-003  1.039635434205087E-003
  -26.2919994513889       1.105171460627025E-003  1.051436396922556E-003
  -26.1239992013889       1.111664921273355E-003  1.063871879513148E-003
  -25.9560005763889       1.118165738498188E-003  1.076748254984019E-003
  -25.7880003333333       1.124703352099681E-003  1.089811058770934E-003
  -25.6200000902778       1.131308322012578E-003  1.102786595724405E-003
  -25.4519998402778       1.138010967651797E-003  1.115424500019825E-003
  -25.2839995972222       1.144839986927503E-003  1.127527702311776E-003
  -25.1159993541667       1.151820527039845E-003  1.138965959474380E-003
  -24.9480007291667       1.158972968750063E-003  1.149670630732103E-003
  -24.7800004791667       1.166311466527244E-003  1.159614648345171E-003
  -24.6120002361111       1.173843016881713E-003  1.168792233559598E-003
  -24.4439999930556       1.181567669153726E-003  1.177211549468166E-003
  -24.2759997500000       1.189479259972225E-003  1.184895245138562E-003
  -24.1079995069444       1.197568008508251E-003  1.191879457738686E-003
  -23.9399992569444       1.205823920406003E-003  1.198211437270531E-003
  -23.7720006319444       1.214241121794766E-003  1.203956774104026E-003
  -23.6040003888889       1.222821731866315E-003  1.209216233244220E-003
  -23.4360001458333       1.231578016968531E-003  1.214140476034362E-003
  -23.2679999027778       1.240532569995349E-003  1.218924327169603E-003
  -23.0999996527778       1.249716662697273E-003  1.223780890646945E-003
  -22.9319994097222       1.259167560671541E-003  1.228912517239372E-003
  -22.7640007847222       1.268925820623993E-003  1.234496858550314E-003
  -22.5960005416667       1.279033748391414E-003  1.240695205304055E-003
  -22.4280002916667       1.289534380911058E-003  1.247675448591510E-003
  -22.2600000486111       1.300471596112305E-003  1.255629284920894E-003
  -22.0919998055556       1.311889422196493E-003  1.264765963390440E-003
  -21.9239995625000       1.323831724874665E-003  1.275272148098390E-003
  -21.7559993194444       1.336340267915649E-003  1.287249182421414E-003
  -21.5880006875000       1.349451816293546E-003  1.300665479485235E-003
  -21.4200004444444       1.363193917527805E-003  1.315361252916236E-003
  -21.2520002013889       1.377579245665714E-003  1.331105987148283E-003
  -21.0839999583333       1.392599684776037E-003  1.347666948838186E-003
  -20.9159997083333       1.408220521879842E-003  1.364837460311525E-003
  -20.7479994652778       1.424376219703007E-003  1.382407991808309E-003
  -20.5799992222222       1.440968043944800E-003  1.400112205580247E-003
  -20.4120005972222       1.457864960659014E-003  1.417607850718584E-003
  -20.2440003472222       1.474907151500903E-003  1.434529859166705E-003
  -20.0760001041667       1.491913703643482E-003  1.450592066548915E-003
  -19.9079998611111       1.508693680826702E-003  1.465662580308740E-003
  -19.7399996180556       1.525061227106757E-003  1.479760532767113E-003
  -19.5719993750000       1.540852162973444E-003  1.492986675470485E-003
  -19.4040007430556       1.555941131543924E-003  1.505445886840937E-003
  -19.2360005000000       1.570255432992892E-003  1.517202512011731E-003
  -19.0680002569444       1.583783953175367E-003  1.528270272388122E-003
  -18.9000000138889       1.596579805956556E-003  1.538627263394327E-003
  -18.7319997638889       1.608756095476785E-003  1.548256561835621E-003
  -18.5639995208333       1.620477200199893E-003  1.557201015007670E-003
  -18.3959992777778       1.631944458032954E-003  1.565594337016326E-003
  -18.2280006527778       1.643380528076937E-003  1.573635674697589E-003
  -18.0600004097222       1.655012805726191E-003  1.581520724507380E-003
  -17.8920001597222       1.667059029657458E-003  1.589376410814047E-003
  -17.7239999166667       1.679716536598359E-003  1.597241997653772E-003
  -17.5559996736111       1.693156783060453E-003  1.605106238881869E-003
  -17.3879994305556       1.707522666361054E-003  1.612966118276096E-003
  -17.2200007986111       1.722928944588298E-003  1.620856942408676E-003
  -17.0520005555556       1.739461273063101E-003  1.628838216105785E-003
  -16.8840003125000       1.757174403610381E-003  1.636970764780326E-003
  -16.7160000694444       1.776089444771726E-003  1.645323353945518E-003
  -16.5479998263889       1.796190537438351E-003  1.653999882249643E-003
  -16.3799995763889       1.817424707197773E-003  1.663154996368249E-003
  -16.2119993333333       1.839705111101088E-003  1.672987181393859E-003
  -16.0440007083333       1.862918140849759E-003  1.683716425160712E-003
  -15.8760004652778       1.886933154726445E-003  1.695554242151478E-003
  -15.7080002152778       1.911612998129106E-003  1.708677073199320E-003
  -15.5399999722222       1.936823977772194E-003  1.723226286063118E-003
  -15.3719997291667       1.962444094782737E-003  1.739328893134932E-003
  -15.2039994861111       1.988369435589321E-003  1.757094213734549E-003
  -15.0359992430556       2.014519758352374E-003  1.776562629006644E-003
  -14.8680006111111       2.040841565620169E-003  1.797643852586708E-003
  -14.7000003680556       2.067311792715811E-003  1.820112531928326E-003
  -14.5320001250000       2.093939621530870E-003  1.843679834265331E-003
  -14.3639998819444       2.120767214134168E-003  1.868096481667552E-003
  -14.1959996319444       2.147867188714288E-003  1.893205192067338E-003
  -14.0279993888889       2.175340658724258E-003  1.918909908917798E-003
  -13.8600007638889       2.203315446387374E-003  1.945110788325717E-003
  -13.6920005208333       2.231927731016917E-003  1.971704520126843E-003
  -13.5240002708333       2.261302117667393E-003  1.998622003284385E-003
  -13.3560000277778       2.291577980467942E-003  2.025804008503788E-003
  -13.1879997847222       2.322939522621573E-003  2.053071705129105E-003
  -13.0200003472222       2.355315660579793E-003  2.080330327584255E-003
  -12.8520001041667       2.388073242238910E-003  2.108201134916795E-003
  -12.6839998611111       2.421701062023893E-003  2.139438154528780E-003
  -12.5159996180556       2.462720996407314E-003  2.192519429469078E-003
  -12.3480001805556       2.536463449656922E-003  2.577756163059592E-003
  -12.1799999375000       2.901249576958686E-003  7.002075890447504E-003
  -12.0119996944444       7.041155950458898E-003  1.793510034946084E-002
  -11.8440002569444       2.391016599322720E-002  3.181143417778245E-002
  -11.6760000138889       5.317711717306590E-002  5.221576832604959E-002
  -11.5079997638889       8.053716039907287E-002  7.782250279920257E-002
  -11.3400003333333       9.306866374001825E-002  8.827409660885266E-002
  -11.1720000833333       8.392902539659576E-002  7.427292659738899E-002
  -11.0039998402778       5.679821591213952E-002  4.874340652281065E-002
  -10.8359995972222       2.862569422857402E-002  2.753465069742020E-002
  -10.6680001597222       1.500040246065476E-002  1.798229227722844E-002
  -10.4999999166667       1.281557075193844E-002  1.485514967863052E-002
  -10.3319996736111       1.227047668130745E-002  1.405964216799749E-002
  -10.1640002361111       1.153291141970059E-002  1.320125812249152E-002
  -9.99599999305556       1.076183495388015E-002  1.235882620082517E-002
  -9.82799975000000       1.004336040159714E-002  1.160557809375569E-002
  -9.66000031250000       9.404583108799420E-003  1.096742133702195E-002
  -9.49200006944444       8.821596657258559E-003  1.038428105826283E-002
  -9.32399981944444       8.279306618716807E-003  9.816123515003416E-003
  -9.15600038888889       7.778892108431988E-003  9.282788599227418E-003
  -8.98800013888889       7.334695065856082E-003  8.805801302114445E-003
  -8.81999989583333       6.954913300583185E-003  8.366889768710282E-003
  -8.65199965277778       6.634182824988255E-003  7.960065109340404E-003
  -8.48400021527778       6.354960874759008E-003  7.611130690256839E-003
  -8.31599997222222       6.108930037623618E-003  7.320156820532097E-003
  -8.14799972916667       5.897183123012054E-003  7.059958358283764E-003
  -7.98000029166667       5.714398033520030E-003  6.812603743414743E-003
  -7.81200004861111       5.556277464812182E-003  6.588672436888100E-003
  -7.64399980555556       5.422866755196576E-003  6.397051268004291E-003
  -7.47600036805556       5.313098705376003E-003  6.238696861023523E-003
  -7.30800012500000       5.230990255394760E-003  6.114857166931804E-003
  -7.13999988194444       5.179861531889113E-003  6.011530901419111E-003
  -6.97199963194444       5.151496198230612E-003  5.919732350332243E-003
  -6.80400019791667       5.140797496246849E-003  5.849146100801724E-003
  -6.63599995347222       5.147599744535882E-003  5.811375200159972E-003
  -6.46800011388889       5.167704112857912E-003  5.794995713123631E-003
  -6.29999986944444       5.201438747337625E-003  5.782860905161568E-003
  -6.13200002916667       5.252690116648989E-003  5.776945357014009E-003
  -5.96400018888889       5.323275973798228E-003  5.784314393748220E-003
  -5.79599994444444       5.415630934994948E-003  5.807351173170481E-003
  -5.62800010416667       5.529952297995434E-003  5.851927009213281E-003
  -5.45999985972222       5.661336114766318E-003  5.921830454755297E-003
  -5.29200001944444       5.803137048910469E-003  6.012538060370277E-003
  -5.12400017916667       5.952800947586374E-003  6.118305693305209E-003
  -4.95599993472222       6.110717648308103E-003  6.237075375933666E-003
  -4.78800009444444       6.277197720702857E-003  6.369998340816410E-003
  -4.61999985000000       6.452472908267182E-003  6.516630621567644E-003
  -4.45200000972222       6.637507102365248E-003  6.677761442122242E-003
  -4.28400016944444       6.834408359655405E-003  6.856331529600429E-003
  -4.11599992500000       7.042195854507684E-003  7.050495674569709E-003
  -3.94800008541667       7.257088884705232E-003  7.257748850628733E-003
  -3.77999984097222       7.477892951673405E-003  7.480397237875190E-003
  -3.61200000069444       7.706294541874388E-003  7.715973351638229E-003
  -3.44400016041667       7.944433996280226E-003  7.955331212677901E-003
  -3.27599991597222       8.192978040452032E-003  8.194218604066477E-003
  -3.10800007569444       8.451343469384597E-003  8.440425328468332E-003
  -2.94000003333333       8.719874133240324E-003  8.705490645448443E-003
  -2.77199999097222       9.000765554393948E-003  8.989041684745442E-003
  -2.60399994861111       9.295154301247248E-003  9.280051976784156E-003
  -2.43599990625000       9.599521004976080E-003  9.571515989763238E-003
  -2.26800006597222       9.909723049608609E-003  9.868467047659361E-003
  -2.10000002361111       1.022635809944549E-002  1.018078933871155E-002
  -1.93199998125000       1.055298137973965E-002  1.050942994787715E-002
  -1.76399993888889       1.089155998872343E-002  1.084557580405903E-002
  -1.59599999791667       1.124047976721528E-002  1.118322351900102E-002
  -1.42799995555556       1.159645079228173E-002  1.152665054928901E-002
  -1.26000001458333       1.195726928321477E-002  1.188473992022944E-002
  -1.09199997222222       1.232328537440844E-002  1.226033749324954E-002
 -0.924000030555556       1.269631933307037E-002  1.264823334669957E-002
 -0.755999988194444       1.307866134707958E-002  1.304550887277726E-002
 -0.587999996527778       1.347260938937356E-002  1.345700634942497E-002
 -0.420000004722222       1.388122779395537E-002  1.388851870672306E-002
 -0.251999987708333       1.430723756084414E-002  1.433927950507790E-002
 -8.400000222222222E-002  1.475115239246864E-002  1.480554278614707E-002
  8.400000222222222E-002  1.521084227788922E-002  1.528707725555883E-002
  0.251999987708333       1.568329749799281E-002  1.578786939219645E-002
  0.420000004722222       1.616796913829060E-002  1.631024310734232E-002
  0.587999996527778       1.666690424190924E-002  1.685124892326712E-002
  0.755999988194444       1.718307428451288E-002  1.740775535672106E-002
  0.924000030555556       1.771838251484385E-002  1.798226033179141E-002
   1.09199997222222       1.827343539394661E-002  1.858323139374599E-002
   1.26000001458333       1.884894082467309E-002  1.921617584123262E-002
   1.42799995555556       1.944642222999182E-002  1.987924473574127E-002
   1.59599999791667       2.006804703290619E-002  2.056893259234486E-002
   1.76399993888889       2.071615301888424E-002  2.128712156832426E-002
   1.93199998125000       2.139288984859147E-002  2.204166442674539E-002
   2.10000002361111       2.210104546095565E-002  2.284366530584110E-002
   2.26800006597222       2.284480232051100E-002  2.370264058649260E-002
   2.43599990625000       2.362970732554096E-002  2.462821727924538E-002
   2.60399994861111       2.446348388409383E-002  2.562086022919428E-002
   2.77199999097222       2.535414224364206E-002  2.666888316175252E-002
   2.94000003333333       2.631558959009126E-002  2.777144506547062E-002
   3.10800007569444       2.736923430673902E-002  2.894106515848605E-002
   3.27599991597222       2.852991782588549E-002  3.016809188744244E-002
   3.44400016041667       2.979978581466489E-002  3.146412756703918E-002
   3.61200000069444       3.120267516511201E-002  3.287096943175589E-002
   3.77999984097222       3.274105089327584E-002  3.444220860991705E-002
   3.94800008541667       3.434813614321467E-002  3.621747253607141E-002
   4.11599992500000       3.601994356677081E-002  3.816385964141016E-002
   4.28400016944444       3.785852037051043E-002  4.024168767804792E-002
   4.45200000972222       3.995185336557037E-002  4.246508630420219E-002
   4.61999985000000       4.230822774195000E-002  4.488480276653808E-002
   4.78800009444444       4.489420660806905E-002  4.752508287568957E-002
   4.95599993472222       4.767304336155639E-002  5.041553492408486E-002
   5.12400017916667       5.069371202000962E-002  5.356032682700448E-002
   5.29200001944444       5.403512750618161E-002  5.691856009567908E-002
   5.45999985972222       5.764528411957821E-002  6.048322593171733E-002
   5.62800010416667       6.136987678449887E-002  6.422294862075605E-002
   5.79599994444444       6.512512218420533E-002  6.796955491337539E-002
   5.96400018888889       6.895722098883512E-002  7.173701175108819E-002
   6.13200002916667       7.296363245037622E-002  7.559660195548401E-002
   6.29999986944444       7.722131203254591E-002  7.955081726220899E-002
   6.46800011388889       8.165351694860667E-002  8.358116401107582E-002
   6.63599995347222       8.615533352964973E-002  8.769580648024078E-002
   6.80400019791667       9.067373355231698E-002  9.187990117933489E-002
   6.97199963194444       9.509112233484687E-002  9.602892924699925E-002
   7.13999988194444       9.939755985588325E-002  0.100219440775995     
   7.30800012500000       0.103466271105109       0.104333602952676     
   7.47600036805556       0.107190989059951       0.108239367436297     
   7.64399980555556       0.110644612698418       0.111806969452860     
   7.81200004861111       0.113971408198735       0.115103890783725     
   7.98000029166667       0.117184393339829       0.118241806347814     
   8.14799972916667       0.120245209777896       0.121229525232058     
   8.31599997222222       0.123069868747893       0.123962338722256     
   8.48400021527778       0.125542709444445       0.126429841048003     
   8.65199965277778       0.127831071184938       0.128592517432246     
   8.81999989583333       0.130008430049645       0.130374574803194     
   8.98800013888889       0.132005785324690       0.131887318104340     
   9.15600038888889       0.133862604073653       0.133356490454819     
   9.32399981944444       0.135476325858974       0.134746473879175     
   9.49200006944444       0.136771197158993       0.135862987294620     
   9.66000031250000       0.137889977329663       0.136603692573345     
   9.82799975000000       0.138911023192019       0.137228692931905     
   9.99599999305556       0.139764676105214       0.137930453120908     
   10.1640002361111       0.140211212903452       0.138549721872830     
   10.3319996736111       0.140308435392159       0.138875358162733     
   10.4999999166667       0.140284388249158       0.138831586600893     
   10.6680001597222       0.139966623426986       0.138506346137083     
   10.8359995972222       0.139270715214489       0.137966427014877     
   11.0039998402778       0.138461202615899       0.137059678609680     
   11.1720000833333       0.137607058335058       0.135957021310934     
   11.3400003333333       0.136473774813130       0.134762133871518     
   11.5079997638889       0.135055381171669       0.133440413822871     
   11.6760000138889       0.133400221044861       0.131989498643338     
   11.8440002569444       0.131544756827491       0.130532212397407     
   12.0119996944444       0.129617657681888       0.129047550641522     
   12.1799999375000       0.127727382717892       0.127350136681596     
   12.3480001805556       0.125800902689150       0.125440211529328     
   12.5159996180556       0.123726749918569       0.123429637798916     
   12.6839998611111       0.121364038307734       0.121137335652747     
   12.8520001041667       0.118685568000212       0.118439695263832     
   13.0200003472222       0.116012394220068       0.115434231832549     
   13.1879997847222       0.113272082339418       0.112438626886537     
   13.3560000277778       0.110460291351435       0.109572582168375     
   13.5240002708333       0.107560141476594       0.106617716896617     
   13.6920005208333       0.104494939086558       0.103552141188509     
   13.8600007638889       0.101198837122078       0.100187439872129     
   14.0279993888889       9.781145039143375E-002  9.667415845786685E-002
   14.1959996319444       9.451443233016688E-002  9.337659844225071E-002
   14.3639998819444       9.112471849748398E-002  9.028113460456069E-002
   14.5320001250000       8.754896601938707E-002  8.715894210589060E-002
   14.7000003680556       8.384223023804326E-002  8.393502891064250E-002
   14.8680006111111       8.021429466049050E-002  8.051883821770478E-002
   15.0359992430556       7.669067876463916E-002  7.700175742171605E-002
   15.2039994861111       7.324801444664465E-002  7.343056632897514E-002
   15.3719997291667       6.990467945632972E-002  6.994091026311113E-002
   15.5399999722222       6.661569009990519E-002  6.660528815177405E-002
   15.7080002152778       6.336212239654820E-002  6.348115500545473E-002
   15.8760004652778       6.027140439639334E-002  6.059012209556851E-002
   16.0440007083333       5.731468727860518E-002  5.781143346317250E-002
   16.2119993333333       5.445444992201864E-002  5.507881225783511E-002
   16.3799995763889       5.163267827924662E-002  5.234340788582958E-002
   16.5479998263889       4.891697543176295E-002  4.959835806362441E-002
   16.7160000694444       4.637187861531162E-002  4.680091853248157E-002
   16.8840003125000       4.398580580330234E-002  4.407214511923555E-002
   17.0520005555556       4.177389725195080E-002  4.151557423369029E-002
   17.2200007986111       3.963885706272157E-002  3.913716760876518E-002
   17.3879994305556       3.752019131906979E-002  3.689483998183686E-002
   17.5559996736111       3.554075769847218E-002  3.482116266388316E-002
   17.7239999166667       3.382207768201411E-002  3.295566570422947E-002
   17.8920001597222       3.225891424137835E-002  3.128342970190569E-002
   18.0600004097222       3.076489370541241E-002  2.976549462353571E-002
   18.2280006527778       2.940443774113402E-002  2.834044581697476E-002
   18.3959992777778       2.811570192046964E-002  2.699062384209379E-002
   18.5639995208333       2.684818497607132E-002  2.573614740990124E-002
   18.7319997638889       2.563622830497861E-002  2.456098959829125E-002
   18.9000000138889       2.451888720768086E-002  2.342513085939724E-002
   19.0680002569444       2.353321067614786E-002  2.234983468690613E-002
   19.2360005000000       2.264440115906464E-002  2.138579905923458E-002
   19.4040007430556       2.180499261670957E-002  2.053415530468461E-002
   19.5719993750000       2.099710441397828E-002  1.976978173523421E-002
   19.7399996180556       2.023335431616947E-002  1.907047938635360E-002
   19.9079998611111       1.952131347046788E-002  1.842168689284016E-002
   20.0760001041667       1.886239205333640E-002  1.781974220433068E-002
   20.2440003472222       1.825884666685865E-002  1.726692760091392E-002
   20.4120005972222       1.770347406310242E-002  1.674894047015761E-002
   20.5799992222222       1.718211886117702E-002  1.625416009666355E-002
   20.7479994652778       1.668465642757567E-002  1.577712174565188E-002
   20.9159997083333       1.620874090665590E-002  1.531639048025881E-002
   21.0839999583333       1.575605581889389E-002  1.487150123405380E-002
   21.2520002013889       1.532737203603710E-002  1.444386248921971E-002
   21.4200004444444       1.492021560638522E-002  1.403624747858199E-002
   21.5880006875000       1.453111729322396E-002  1.364861667385822E-002
   21.7559993194444       1.415732265327646E-002  1.327840180657078E-002
   21.9239995625000       1.379748769793521E-002  1.292241794350825E-002
   22.0919998055556       1.345171934947270E-002  1.257850064589321E-002
   22.2600000486111       1.312036146971470E-002  1.224555973380938E-002
   22.4280002916667       1.280260072512204E-002  1.192274069749972E-002
   22.5960005416667       1.249641175211794E-002  1.160986633482731E-002
   22.7640007847222       1.219965361644284E-002  1.130775522659647E-002
   22.9319994097222       1.191089626847243E-002  1.101715023314891E-002
   23.0999996527778       1.162915900947367E-002  1.073762651000805E-002
   23.2679999027778       1.135361666622988E-002  1.046776472913974E-002
   23.4360001458333       1.108375116206443E-002  1.020568494261004E-002
   23.6040003888889       1.081972621384216E-002  9.949899532297038E-003
   23.7720006319444       1.056230453596506E-002  9.700789307149077E-003
   23.9399992569444       1.031246559092512E-002  9.460730732642385E-003
   24.1079995069444       1.007100408423437E-002  9.231742186612170E-003
   24.2759997500000       9.838220985457996E-003  9.013532177259573E-003
   24.4439999930556       9.613575541640454E-003  8.804468706950581E-003
   24.6120002361111       9.395941349558458E-003  8.603704548745459E-003
   24.7800004791667       9.184773393724229E-003  8.411400885037265E-003
   24.9480007291667       8.980742030659489E-003  8.227363566416925E-003
   25.1159993541667       8.784912326375544E-003  8.050782348958336E-003
   25.2839995972222       8.597531878331090E-003  7.880901253493706E-003
   25.4519998402778       8.417693759387578E-003  7.716478167473632E-003
   25.6200000902778       8.243723996892157E-003  7.555217896422195E-003
   25.7880003333333       8.074109229955245E-003  7.395156826186637E-003
   25.9560005763889       7.908367746831658E-003  7.236281306581544E-003
   26.1239992013889       7.746803778330071E-003  7.080325506495904E-003
   26.2919994513889       7.589486557026519E-003  6.929585629696569E-003
   26.4599996944444       7.435939379346650E-003  6.786022235196484E-003
   26.6279999375000       7.285750385738629E-003  6.650815410520108E-003
   26.7960001805556       7.138892845644933E-003  6.523669827607926E-003
   26.9640004236111       6.995848135735224E-003  6.402204907437695E-003
   27.1320006736111       6.857095759556642E-003  6.282336410408288E-003
   27.3000009166667       6.722817976589369E-003  6.160934181514676E-003
   27.4680011597222       6.592913556181450E-003  6.038875850350627E-003
   27.6360014027778       6.467518844687594E-003  5.920776809086721E-003
   27.8039984166667       6.347649222087789E-003  5.811298623176716E-003
   27.9719986597222       6.234402565514389E-003  5.711231062444298E-003
   28.1399989027778       6.128537366616422E-003  5.617381080116404E-003
   28.3079991458333       6.029126200630519E-003  5.526931235355635E-003
   28.4759993958333       5.934004340853946E-003  5.440515735357406E-003
   28.6439996388889       5.840964761643114E-003  5.361155215165717E-003
   28.8119998819444       5.749372977392612E-003  5.291700648214392E-003
   28.9800001250000       5.659705322028568E-003  5.232063442391301E-003
   29.1480003680556       5.572715647037252E-003  5.179140147378324E-003
   29.3160006111111       5.488663111847914E-003  5.128236866128284E-003
   29.4840008611111       5.407382253722326E-003  5.075205497460084E-003
   29.6520011041667       5.328443694463982E-003  5.017710046602270E-003
   29.8200013472222       5.251628396600790E-003  4.956335665827586E-003
   29.9880015902778       5.177342762616421E-003  4.895334718876664E-003
   30.1559986041667       5.106039447154677E-003  4.840093717781093E-003
   30.3239988472222       5.037923698771194E-003  4.793208736560694E-003
   30.4919990902778       4.972657173989708E-003  4.752580432216604E-003
   30.6599993333333       4.909893009081782E-003  4.714578276246149E-003
   30.8279995833333       4.849450155081413E-003  4.677566859321572E-003
   30.9959998263889       4.791690995253005E-003  4.641997204232601E-003
   31.1640000694444       4.736877258138488E-003  4.608168573579183E-003
   31.3320003125000       4.684363295157593E-003  4.574390189882721E-003
   31.5000005555556       4.632731209826483E-003  4.538733771423691E-003
   31.6680008055556       4.581540373511967E-003  4.502311457020709E-003
   31.8360010486111       4.532308338963384E-003  4.469197938581213E-003
   32.0040012916667       4.487441739604411E-003  4.442702228997102E-003
   32.1720015347222       4.448272893219436E-003  4.422714226370347E-003
   32.3399985486111       4.414264571166536E-003  4.406601263115297E-003
   32.5079987916667       4.383650347517694E-003  4.391159200375866E-003
   32.6759990347222       4.355136645097362E-003  4.374280854854103E-003
   32.8439992777778       4.328701630371923E-003  4.355858357002494E-003
   33.0119995277778       4.304716247893881E-003  4.337533209794716E-003
   33.1799997708333       4.282726772788941E-003  4.322548232861931E-003
   33.3480000138889       4.261599874301922E-003  4.315311575967796E-003
   33.5160002569444       4.239888623410233E-003  4.317794693681622E-003
   33.6840005000000       4.216584840092007E-003  4.325978794784698E-003
   33.8520007500000       4.191463510770183E-003  4.333191359663435E-003
   34.0200009930556       4.164841702396429E-003  4.335980933114290E-003
   34.1880012361111       4.136833267326424E-003  4.335237339518175E-003
   34.3560014791667       4.107025050493586E-003  4.331762868817415E-003
   34.5239984930556       4.075129657197070E-003  4.323558007683347E-003
   34.6919987361111       4.041802904923254E-003  4.308976443836500E-003
   34.8599989791667       4.008681144788982E-003  4.289650875212342E-003
   35.0279992222222       3.977563026010874E-003  4.269362641685066E-003
   35.1959994652778       3.949938786299456E-003  4.250968575890331E-003
   35.3639997152778       3.926841005699452E-003  4.236009752505769E-003
   35.5319999583333       3.908155891390289E-003  4.225603113288395E-003
   35.7000002013889       3.892894792275907E-003  4.219878771617084E-003
   35.8680004444444       3.879930409147642E-003  4.218101090343063E-003
   36.0360006875000       3.868337207235121E-003  4.219934336313160E-003
   36.2040009375000       3.857254318903098E-003  4.225742929626694E-003
   36.3720011805556       3.845819241491848E-003  4.234482442015589E-003
   36.5400014236111       3.833520094570684E-003  4.243097151888766E-003
   36.7079984375000       3.820234180477839E-003  4.248016628139886E-003
   36.8759986805556       3.805591649084537E-003  4.246901144402516E-003
   37.0439989236111       3.788483838254851E-003  4.238456411885264E-003
   37.2119991666667       3.767558034075697E-003  4.221340097608425E-003
   37.3799994097222       3.742305817691137E-003  4.194835011164891E-003
   37.5479996597222       3.713867402066056E-003  4.160754406139681E-003
   37.7159999027778       3.684602302298481E-003  4.124561961030304E-003
   37.8840001458333       3.656832025729214E-003  4.092666455008326E-003
   38.0520003888889       3.631691180848380E-003  4.069080802225533E-003
   38.2200006319444       3.608737713941794E-003  4.054633590394940E-003
   38.3880008819444       3.586748224850747E-003  4.047874512644406E-003
   38.5560011250000       3.564730684498376E-003  4.045635741697946E-003
   38.7240013680556       3.542630207960497E-003  4.043111151618184E-003
   38.8920016111111       3.520910815327097E-003  4.036238833483564E-003
   39.0599986250000       3.499973195846912E-003  4.023908441070912E-003
   39.2279988680556       3.479812230628425E-003  4.008069437739080E-003
   39.3959991111111       3.460029882859570E-003  3.991768424981430E-003
   39.5639993541667       3.440052176521569E-003  3.975903050565575E-003
   39.7319995972222       3.419105180350365E-003  3.958623274254757E-003
   39.8999998472222       3.396602571035603E-003  3.937443979602192E-003
   40.0680000902778       3.372283652874035E-003  3.911437087450442E-003
   40.2360003333333       3.346610528294850E-003  3.882431492006199E-003
   40.4040005763889       3.320723199473190E-003  3.853991221056354E-003
   40.5720008194444       3.295874317675417E-003  3.828863041988146E-003
   40.7400010694444       3.273074670095735E-003  3.807286299220217E-003
   40.9080013125000       3.252830833290755E-003  3.788712300918851E-003
   41.0760015555556       3.234724274334389E-003  3.773431361362909E-003
   41.2439985694444       3.217408709313662E-003  3.762078439454644E-003
   41.4119988125000       3.199358957962862E-003  3.753642596409220E-003
   41.5799990555556       3.179789627835507E-003  3.745296261072653E-003
   41.7479992986111       3.158776503635205E-003  3.734134618601965E-003
   41.9159995416667       3.136806750056178E-003  3.719102949383483E-003
   42.0839997916667       3.114252673163561E-003  3.701496812135549E-003
   42.2520000347222       3.091296660130842E-003  3.683067160357819E-003
   42.4200002777778       3.067896527629851E-003  3.663788351422217E-003
   42.5880005208333       3.043854014459793E-003  3.642352012558153E-003
   42.7560007638889       3.019396033914160E-003  3.618280336693312E-003
   42.9240010138889       2.995432455112266E-003  3.592760109727562E-003
   43.0920012569444       2.973066769993372E-003  3.567504147522463E-003
   43.2600015000000       2.953019783427152E-003  3.543745236910071E-003
   43.4279985138889       2.935633583699794E-003  3.521615485113940E-003
   43.5959987569444       2.921135876177923E-003  3.500660012326396E-003
   43.7639990000000       2.909410621668690E-003  3.479948086712119E-003
   43.9319992430556       2.899395010541022E-003  3.458246870561588E-003
   44.0999994861111       2.889079652863077E-003  3.434032922351153E-003
   44.2679997361111       2.876472728109090E-003  3.405295209896457E-003
   44.4359999791667       2.860023550502911E-003  3.370505389456083E-003
   44.6040002222222       2.838502778004155E-003  3.330364316783896E-003
   44.7720004652778       2.810969028288093E-003  3.288632743996737E-003
   44.9400007083333       2.777626600066068E-003  3.250234767300647E-003
   45.1080009513889       2.740245796446918E-003  3.217930816770769E-003
   45.2760012013889       2.701497160925442E-003  3.191296538683469E-003
   45.4440014444444       2.663924925141611E-003  3.168479770144473E-003
   45.6119984513889       2.629319825952223E-003  3.148417190754587E-003
   45.7799987013889       2.598956183221136E-003  3.130354929121411E-003
   45.9479989444444       2.573523804356282E-003  3.112278389707219E-003
   46.1159991875000       2.552731285219783E-003  3.090965960711298E-003
   46.2839994305556       2.535458606268410E-003  3.063517772939388E-003
   46.4519996736111       2.519992053138841E-003  3.028979408355365E-003
   46.6199999236111       2.504423685893944E-003  2.988990809469037E-003
   46.7880001666667       2.487018834354219E-003  2.947109516932890E-003
   46.9560004097222       2.466804054318822E-003  2.906873646549258E-003
   47.1240006527778       2.443810684866161E-003  2.869823690877417E-003
   47.2920008958333       2.418753226802794E-003  2.835243332490007E-003
   47.4600011458333       2.392638558274807E-003  2.802356906422940E-003
   47.6280013888889       2.366598932458721E-003  2.771600046795608E-003
   47.7959983958333       2.341991290034928E-003  2.743578642583058E-003
   47.9639986458333       2.320284523498483E-003  2.717267032945113E-003
   48.1319988888889       2.302428162971030E-003  2.690240648315564E-003
   48.2999991319444       2.288380756158028E-003  2.660699024131182E-003
   48.4679993750000       2.276908195735981E-003  2.628405126394422E-003
   48.6359996180556       2.265919250510762E-003  2.593929987930605E-003
   48.8039998680556       2.253192428364588E-003  2.557372812715338E-003
   48.9720001111111       2.237374617173510E-003  2.518842196560130E-003
   49.1400003541667       2.218198352318982E-003  2.480107278558874E-003
   49.3080005972222       2.196406303145478E-003  2.444314190762510E-003
   49.4760008402778       2.173148888141822E-003  2.413465145802516E-003
   49.6440010902778       2.149722490927464E-003  2.386380227359965E-003
   49.8120013333333       2.127282965333111E-003  2.360360872764255E-003
   49.9800015763889       2.106708727352987E-003  2.333894724983868E-003
   50.1479985833333       2.088408117936724E-003  2.307785033025172E-003
   50.3159988333333       2.072002936594760E-003  2.283434175949097E-003
   50.4839990763889       2.056486102342642E-003  2.260335247508584E-003
   50.6519993194444       2.040519253912040E-003  2.236337558969804E-003
   50.8199995625000       2.023005856242000E-003  2.210617339094833E-003
   50.9879998055556       2.003655645837868E-003  2.185360334044461E-003
   51.1560000555556       1.982949899986636E-003  2.163765569666936E-003
   51.3240002986111       1.961814700794769E-003  2.147398679391465E-003
   51.4920005416667       1.940991951044184E-003  2.135414664119053E-003
   51.6600007847222       1.920713323494902E-003  2.125732167238039E-003
   51.8280010277778       1.900946649565116E-003  2.116134556379215E-003
   51.9960012777778       1.881731554105307E-003  2.104642199667211E-003
   52.1640015208333       1.863190221721918E-003  2.089210110546258E-003
   52.3319985277778       1.845058371293286E-003  2.068269732436012E-003
   52.4999987777778       1.826789963244386E-003  2.042069693964186E-003
   52.6679990208333       1.807772159541272E-003  2.013084241188066E-003
   52.8359992638889       1.787827003396220E-003  1.984817444378970E-003
   53.0039995069444       1.767396496454921E-003  1.959990259455698E-003
   53.1719997500000       1.747311783929410E-003  1.939544718721590E-003
   53.3400000000000       1.728612560454315E-003  1.922919452024423E-003
   53.5080002430556       1.712076521470473E-003  1.908611173943551E-003
   53.6760004861111       1.698197893359900E-003  1.894757449560088E-003
   53.8440007291667       1.686960268681838E-003  1.879631427310860E-003
   54.0120009722222       1.678081832688008E-003  1.862554525153499E-003
   54.1800012222222       1.671149035064736E-003  1.844450567553703E-003
   54.3480014652778       1.665722693932146E-003  1.827601829368217E-003
   54.5160017083333       1.661429996031134E-003  1.814500251761900E-003
   54.6840019513889       1.657918992770242E-003  1.806134377336833E-003
   54.8520021944444       1.654930378405650E-003  1.801455143230602E-003
   55.0200024444444       1.652321626893697E-003  1.798182085579420E-003
   55.1880026875000       1.650215041914019E-003  1.794979287248653E-003
   55.3560029305556       1.648856063799432E-003  1.792103205178528E-003
   55.5240031736111       1.648407525172569E-003  1.790495451797214E-003
   55.6919969513889       1.648672439174605E-003  1.790870204584057E-003
   55.8599971944444       1.649275535026327E-003  1.793613520530786E-003
   56.0279974375000       1.649913610274188E-003  1.799292765115247E-003
   56.1959976875000       1.650618429799041E-003  1.807611375167682E-003
   56.3639979305556       1.651303675421592E-003  1.817269416434518E-003
   56.5319981736111       1.651632192647922E-003  1.826662125159282E-003
   56.6999984166667       1.650990580018391E-003  1.835016536133023E-003
   56.8679986597222       1.648887160877203E-003  1.842085052578561E-003
   57.0359989097222       1.644924372391963E-003  1.847471244331261E-003
   57.2039991527778       1.638643493026772E-003  1.850532338771425E-003
   57.3719993958333       1.629417435683106E-003  1.850419003322242E-003
   57.5399996388889       1.616305002514987E-003  1.845866770764659E-003
   57.7079998819444       1.598422275259548E-003  1.835240506999350E-003
   57.8760001319444       1.574745032962394E-003  1.817196294725362E-003
   58.0440003750000       1.544213712510405E-003  1.791305924880578E-003
   58.2120006180556       1.505872023998109E-003  1.758230770921919E-003
   58.3800008611111       1.458576282575044E-003  1.718440494286834E-003
   58.5480011041667       1.401692715706156E-003  1.671784130656956E-003
   58.7160013541667       1.333298679290095E-003  1.616106991122820E-003
   58.8840015972222       1.252680696616258E-003  1.549341077575994E-003
   59.0520018402778       1.156309183575843E-003  1.466752020215184E-003
   59.2200020833333       1.044562869478558E-003  1.365544054624008E-003
   59.3880023263889       9.123600730641713E-004  1.236224865327170E-003
   59.5560025763889       7.639812046198544E-004  1.074954877433380E-003
   59.7240028194444       5.934367865502383E-004  8.641363138668159E-004
   59.8920030625000       4.156621388712270E-004  6.193121777406518E-004
   60.0599968402778       0.000000000000000E+000  0.000000000000000E+000
