  -60.0599968402778       1.124919036302717E-017  1.150955550818150E-017
  -59.8920030625000                          NaN                     NaN
  -59.7240028194444                          NaN                     NaN
  -59.5560025763889                          NaN                     NaN
  -59.3880023263889                          NaN                     NaN
  -59.2200020833333                          NaN                     NaN
  -59.0520018402778                          NaN                     NaN
  -58.8840015972222                          NaN                     NaN
  -58.7160013541667                          NaN                     NaN
  -58.5480011041667                          NaN                     NaN
  -58.3800008611111                          NaN                     NaN
  -58.2120006180556                          NaN                     NaN
  -58.0440003750000                          NaN                     NaN
  -57.8760001319444                          NaN                     NaN
  -57.7079998819444                          NaN                     NaN
  -57.5399996388889                          NaN                     NaN
  -57.3719993958333                          NaN                     NaN
  -57.2039991527778                          NaN                     NaN
  -57.0359989097222                          NaN                     NaN
  -56.8679986597222                          NaN                     NaN
  -56.6999984166667                          NaN                     NaN
  -56.5319981736111                          NaN                     NaN
  -56.3639979305556                          NaN                     NaN
  -56.1959976875000                          NaN                     NaN
  -56.0279974375000                          NaN                     NaN
  -55.8599971944444                          NaN                     NaN
  -55.6919969513889                          NaN  1.345236309792012E-006
  -55.5240031736111                          NaN  1.194721743123374E-005
  -55.3560029305556                          NaN  1.749963865809780E-005
  -55.1880026875000                          NaN  2.074756789817888E-005
  -55.0200024444444                          NaN  2.250872197839585E-005
  -54.8520021944444                          NaN  2.333816164027965E-005
  -54.6840019513889                          NaN  2.308561635118201E-005
  -54.5160017083333                          NaN  2.156096220657498E-005
  -54.3480014652778                          NaN  1.954290026358392E-005
  -54.1800012222222                          NaN  1.878521164701288E-005
  -54.0120009722222                          NaN  2.020327654032239E-005
  -53.8440007291667                          NaN  2.268651410738613E-005
  -53.6760004861111                          NaN  2.486796642746177E-005
  -53.5080002430556                          NaN  2.637919429302192E-005
  -53.3400000000000                          NaN  2.753415576036730E-005
  -53.1719997500000                          NaN  2.866376607912748E-005
  -53.0039995069444                          NaN  2.982025467339532E-005
  -52.8359992638889                          NaN  3.086576537085837E-005
  -52.6679990208333                          NaN  3.158415245069570E-005
  -52.4999987777778                          NaN  3.173934132627771E-005
  -52.3319985277778                          NaN  3.120623165615599E-005
  -52.1640015208333                          NaN  3.008814584569046E-005
  -51.9960012777778                          NaN  2.863756888717177E-005
  -51.8280010277778                          NaN  2.703068376909773E-005
  -51.6600007847222       1.070500761242314E-006  2.528242843744497E-005
  -51.4920005416667       3.880345517895272E-006  2.345571864339216E-005
  -51.3240002986111       5.072160714027484E-006  2.191859753392039E-005
  -51.1560000555556       6.119880895390548E-006  2.123510535497395E-005
  -50.9879998055556       7.188035268034189E-006  2.164330030595880E-005
  -50.8199995625000       8.059677006682684E-006  2.279511804122248E-005
  -50.6519993194444       8.514021170344783E-006  2.416351504978819E-005
  -50.4839990763889       8.519883355496755E-006  2.546153717871614E-005
  -50.3159988333333       8.224111344506026E-006  2.664881591640333E-005
  -50.1479985833333       7.818345488769460E-006  2.775830063135579E-005
  -49.9800015763889       7.394065089443573E-006  2.879711819834763E-005
  -49.8120013333333       6.905451905284106E-006  2.974465641052283E-005
  -49.6440010902778       6.252545234337018E-006  3.057147670064397E-005
  -49.4760008402778       5.373672016128355E-006  3.124984433655702E-005
  -49.3080005972222       4.271760590595935E-006  3.176105258927169E-005
  -49.1400003541667       2.980302548690898E-006  3.208973953225062E-005
  -48.9720001111111       1.395191594477086E-006  3.220086205183033E-005
  -48.8039998680556                          NaN  3.202430313701107E-005
  -48.6359996180556                          NaN  3.147116262763598E-005
  -48.4679993750000                          NaN  3.047071734636825E-005
  -48.2999991319444                          NaN  2.899650837941270E-005
  -48.1319988888889                          NaN  2.706560118589919E-005
  -47.9639986458333                          NaN  2.472156685899915E-005
  -47.7959983958333                          NaN  2.202092446954251E-005
  -47.6280013888889                          NaN  1.903246924570877E-005
  -47.4600011458333                          NaN  1.584447486909789E-005
  -47.2920008958333                          NaN  1.257096149791949E-005
  -47.1240006527778                          NaN  9.353436403342040E-006
  -46.9560004097222                          NaN  6.349786093337944E-006
  -46.7880001666667                          NaN  3.644364608483537E-006
  -46.6199999236111                          NaN                     NaN
  -46.4519996736111                          NaN                     NaN
  -46.2839994305556                          NaN                     NaN
  -46.1159991875000                          NaN                     NaN
  -45.9479989444444                          NaN                     NaN
  -45.7799987013889                          NaN                     NaN
  -45.6119984513889                          NaN                     NaN
  -45.4440014444444                          NaN                     NaN
  -45.2760012013889                          NaN                     NaN
  -45.1080009513889                          NaN                     NaN
  -44.9400007083333                          NaN                     NaN
  -44.7720004652778                          NaN                     NaN
  -44.6040002222222                          NaN                     NaN
  -44.4359999791667                          NaN                     NaN
  -44.2679997361111       6.615815166932674E-007                     NaN
  -44.0999994861111       2.694890316449002E-006                     NaN
  -43.9319992430556       3.506116813244147E-006                     NaN
  -43.7639990000000       3.907217011045827E-006                     NaN
  -43.5959987569444       4.001272360410623E-006                     NaN
  -43.4279985138889       3.803008793001530E-006                     NaN
  -43.2600015000000       3.269630409742139E-006                     NaN
  -43.0920012569444       2.213282291122449E-006                     NaN
  -42.9240010138889                          NaN                     NaN
  -42.7560007638889                          NaN                     NaN
  -42.5880005208333                          NaN                     NaN
  -42.4200002777778                          NaN  6.625212756064869E-006
  -42.2520000347222                          NaN  1.065471745231405E-005
  -42.0839997916667                          NaN  1.347679989258184E-005
  -41.9159995416667                          NaN  1.561648470425154E-005
  -41.7479992986111                          NaN  1.720662296422055E-005
  -41.5799990555556                          NaN  1.827361180550588E-005
  -41.4119988125000                          NaN  1.881687920943153E-005
  -41.2439985694444                          NaN  1.886131952757162E-005
  -41.0760015555556                          NaN  1.849571316475119E-005
  -40.9080013125000                          NaN  1.788517959116751E-005
  -40.7400010694444       2.666421998594139E-006  1.723762787484402E-005
  -40.5720008194444       4.565174179352911E-006  1.672000262372661E-005
  -40.4040005763889       5.779452661704567E-006  1.637231264576704E-005
  -40.2360003333333       6.633967810850360E-006  1.610376089174170E-005
  -40.0680000902778       7.219455634167225E-006  1.579144489684708E-005
  -39.8999998472222       7.580664777485920E-006  1.539895211067681E-005
  -39.7319995972222       7.748412913314701E-006  1.502092602474152E-005
  -39.5639993541667       7.747815613529089E-006  1.482021673216904E-005
  -39.3959991111111       7.599684786637772E-006  1.489739618932980E-005
  -39.2279988680556       7.319423339538726E-006  1.520125861495661E-005
  -39.0599986250000       6.915079379825762E-006  1.556287362679494E-005
  -38.8920016111111       6.385190215465564E-006  1.580149955149982E-005
  -38.7240013680556       5.715869075275843E-006  1.579926036090146E-005
  -38.5560011250000       4.873692408137921E-006  1.551687870657004E-005
  -38.3880008819444       3.779204368894163E-006  1.498627158420242E-005
  -38.2200006319444       2.141002249345592E-006  1.431302060452919E-005
  -38.0520003888889                          NaN  1.368301191301566E-005
  -37.8840001458333                          NaN  1.333180603717750E-005
  -37.7159999027778                          NaN  1.344539765453419E-005
  -37.5479996597222                          NaN  1.404996853583070E-005
  -37.3799994097222                          NaN  1.501072844414897E-005
  -37.2119991666667                          NaN  1.613749762090964E-005
  -37.0439989236111                          NaN  1.727350951166210E-005
  -36.8759986805556                          NaN  1.830973646633144E-005
  -36.7079984375000                          NaN  1.915939174547251E-005
  -36.5400014236111                          NaN  1.973800840449846E-005
  -36.3720011805556                          NaN  1.996205932940204E-005
  -36.2040009375000                          NaN  1.975320036507941E-005
  -36.0360006875000                          NaN  1.903649025016251E-005
  -35.8680004444444                          NaN  1.773641231819788E-005
  -35.7000002013889                          NaN  1.577807484555712E-005
  -35.5319999583333                          NaN  1.307957904881895E-005
  -35.3639997152778                          NaN  9.456865130863382E-006
  -35.1959994652778                          NaN  3.630050625368570E-006
  -35.0279992222222                          NaN                     NaN
  -34.8599989791667                          NaN                     NaN
  -34.6919987361111                          NaN                     NaN
  -34.5239984930556                          NaN                     NaN
  -34.3560014791667                          NaN                     NaN
  -34.1880012361111                          NaN                     NaN
  -34.0200009930556                          NaN                     NaN
  -33.8520007500000                          NaN                     NaN
  -33.6840005000000                          NaN                     NaN
  -33.5160002569444                          NaN                     NaN
  -33.3480000138889                          NaN                     NaN
  -33.1799997708333                          NaN  2.902472763688978E-006
  -33.0119995277778                          NaN  5.728683766776529E-006
  -32.8439992777778                          NaN  6.616689511213668E-006
  -32.6759990347222                          NaN  5.931290393341165E-006
  -32.5079987916667                          NaN  2.247997343115531E-006
  -32.3399985486111                          NaN                     NaN
  -32.1720015347222                          NaN                     NaN
  -32.0040012916667                          NaN                     NaN
  -31.8360010486111                          NaN                     NaN
  -31.6680008055556                          NaN                     NaN
  -31.5000005555556                          NaN                     NaN
  -31.3320003125000                          NaN                     NaN
  -31.1640000694444                          NaN                     NaN
  -30.9959998263889                          NaN                     NaN
  -30.8279995833333                          NaN                     NaN
  -30.6599993333333                          NaN  5.163225823947913E-006
  -30.4919990902778                          NaN  7.197428925156821E-006
  -30.3239988472222                          NaN  7.259205905982235E-006
  -30.1559986041667                          NaN  5.228402298260468E-006
  -29.9880015902778                          NaN                     NaN
  -29.8200013472222                          NaN                     NaN
  -29.6520011041667                          NaN                     NaN
  -29.4840008611111                          NaN                     NaN
  -29.3160006111111                          NaN                     NaN
  -29.1480003680556                          NaN                     NaN
  -28.9800001250000                          NaN                     NaN
  -28.8119998819444                          NaN                     NaN
  -28.6439996388889                          NaN                     NaN
  -28.4759993958333                          NaN                     NaN
  -28.3079991458333                          NaN                     NaN
  -28.1399989027778                          NaN                     NaN
  -27.9719986597222                          NaN                     NaN
  -27.8039984166667                          NaN                     NaN
  -27.6360014027778                          NaN                     NaN
  -27.4680011597222                          NaN                     NaN
  -27.3000009166667                          NaN                     NaN
  -27.1320006736111                          NaN                     NaN
  -26.9640004236111                          NaN                     NaN
  -26.7960001805556                          NaN                     NaN
  -26.6279999375000                          NaN                     NaN
  -26.4599996944444                          NaN                     NaN
  -26.2919994513889                          NaN                     NaN
  -26.1239992013889                          NaN                     NaN
  -25.9560005763889       3.667554079771588E-006                     NaN
  -25.7880003333333       6.558591040915883E-006                     NaN
  -25.6200000902778       8.287231009668670E-006                     NaN
  -25.4519998402778       9.398332483319495E-006                     NaN
  -25.2839995972222       1.002325743992959E-005                     NaN
  -25.1159993541667       1.021653002100436E-005                     NaN
  -24.9480007291667       1.000723511095595E-005                     NaN
  -24.7800004791667       9.410265390219344E-006                     NaN
  -24.6120002361111       8.425697496931634E-006                     NaN
  -24.4439999930556       7.024706273524674E-006                     NaN
  -24.2759997500000       5.080384876083101E-006                     NaN
  -24.1079995069444       1.608958639305150E-006                     NaN
  -23.9399992569444                          NaN                     NaN
  -23.7720006319444                          NaN                     NaN
  -23.6040003888889                          NaN                     NaN
  -23.4360001458333                          NaN                     NaN
  -23.2679999027778                          NaN                     NaN
  -23.0999996527778                          NaN                     NaN
  -22.9319994097222                          NaN                     NaN
  -22.7640007847222                          NaN                     NaN
  -22.5960005416667                          NaN                     NaN
  -22.4280002916667                          NaN                     NaN
  -22.2600000486111                          NaN                     NaN
  -22.0919998055556                          NaN                     NaN
  -21.9239995625000                          NaN                     NaN
  -21.7559993194444                          NaN                     NaN
  -21.5880006875000                          NaN                     NaN
  -21.4200004444444                          NaN                     NaN
  -21.2520002013889                          NaN  3.488465636018122E-006
  -21.0839999583333                          NaN  1.422524001220902E-005
  -20.9159997083333                          NaN  1.960831007779912E-005
  -20.7479994652778                          NaN  2.313246385751740E-005
  -20.5799992222222                          NaN  2.515594760711402E-005
  -20.4120005972222                          NaN  2.584119890781810E-005
  -20.2440003472222                          NaN  2.547187419284605E-005
  -20.0760001041667                          NaN  2.451190891642100E-005
  -19.9079998611111                          NaN  2.351864263070173E-005
  -19.7399996180556                          NaN  2.297990632756992E-005
  -19.5719993750000                          NaN  2.319003338282166E-005
  -19.4040007430556                          NaN  2.424418774783753E-005
  -19.2360005000000                          NaN  2.608545625374714E-005
  -19.0680002569444                          NaN  2.851269988331919E-005
  -18.9000000138889                          NaN  3.119204035918555E-005
  -18.7319997638889                          NaN  3.373641296551078E-005
  -18.5639995208333                          NaN  3.581557331705159E-005
  -18.3959992777778                          NaN  3.722436881695147E-005
  -18.2280006527778                          NaN  3.788548093124703E-005
  -18.0600004097222                          NaN  3.781569789255603E-005
  -17.8920001597222                          NaN  3.710465035535413E-005
  -17.7239999166667                          NaN  3.592940496749890E-005
  -17.5559996736111                          NaN  3.456616186001151E-005
  -17.3879994305556                          NaN  3.331571507923368E-005
  -17.2200007986111                          NaN  3.232238581191738E-005
  -17.0520005555556                          NaN  3.143409959727852E-005
  -16.8840003125000                          NaN  3.028308638360883E-005
  -16.7160000694444                          NaN  2.851211409934249E-005
  -16.5479998263889                          NaN  2.587514724676123E-005
  -16.3799995763889                          NaN  2.205271943108158E-005
  -16.2119993333333                          NaN  1.610785539145759E-005
  -16.0440007083333                          NaN                     NaN
  -15.8760004652778                          NaN                     NaN
  -15.7080002152778                          NaN                     NaN
  -15.5399999722222                          NaN                     NaN
  -15.3719997291667                          NaN                     NaN
  -15.2039994861111                          NaN                     NaN
  -15.0359992430556                          NaN                     NaN
  -14.8680006111111                          NaN                     NaN
  -14.7000003680556                          NaN                     NaN
  -14.5320001250000                          NaN                     NaN
  -14.3639998819444                          NaN                     NaN
  -14.1959996319444                          NaN                     NaN
  -14.0279993888889                          NaN                     NaN
  -13.8600007638889                          NaN                     NaN
  -13.6920005208333                          NaN                     NaN
  -13.5240002708333                          NaN                     NaN
  -13.3560000277778                          NaN                     NaN
  -13.1879997847222                          NaN                     NaN
  -13.0200003472222                          NaN                     NaN
  -12.8520001041667                          NaN                     NaN
  -12.6839998611111                          NaN                     NaN
  -12.5159996180556                          NaN                     NaN
  -12.3480001805556                          NaN                     NaN
  -12.1799999375000                          NaN                     NaN
  -12.0119996944444                          NaN                     NaN
  -11.8440002569444                          NaN  8.672287069460051E-005
  -11.6760000138889                          NaN  2.856287379327260E-004
  -11.5079997638889                          NaN  4.358710427034771E-004
  -11.3400003333333       1.226796780866698E-004  5.751994211117866E-004
  -11.1720000833333       4.459104347987343E-004  4.109362832226540E-004
  -11.0039998402778       5.245669290278674E-004                     NaN
  -10.8359995972222       5.703655674657796E-004                     NaN
  -10.6680001597222       5.058105730446911E-004  3.169491958431095E-004
  -10.4999999166667       4.507416880941946E-004  3.200650176022666E-004
  -10.3319996736111       4.283133556664917E-004  3.254486330548598E-004
  -10.1640002361111       4.020991242196326E-004  4.091200806613199E-004
  -9.99599999305556       3.641760898937576E-004  4.257206091737123E-004
  -9.82799975000000       3.054201198779078E-004  4.244732011493654E-004
  -9.66000031250000       3.101762130084363E-004  4.567098869408153E-004
  -9.49200006944444       3.461899003539691E-004  5.144177793309166E-004
  -9.32399981944444       3.908083800379736E-004  5.161750825522214E-004
  -9.15600038888889       4.435586741351530E-004  5.316544042552678E-004
  -8.98800013888889       4.880952688700469E-004  5.795317218575119E-004
  -8.81999989583333       5.322695036947780E-004  5.906791633959612E-004
  -8.65199965277778       5.540532696018852E-004  5.910739218443916E-004
  -8.48400021527778       5.783785603835628E-004  5.791760049007128E-004
  -8.31599997222222       5.883791402160342E-004  5.634657686804891E-004
  -8.14799972916667       5.970228953061498E-004  5.664296609158420E-004
  -7.98000029166667       6.001058354310390E-004  5.737038595509768E-004
  -7.81200004861111       6.101109642788081E-004  5.841397931363319E-004
  -7.64399980555556       6.342000151615662E-004  5.928044383408656E-004
  -7.47600036805556       6.590593340743623E-004  5.934096559381902E-004
  -7.30800012500000       6.683225775962003E-004  5.936115158182279E-004
  -7.13999988194444       6.601418187159685E-004  6.078088959991714E-004
  -6.97199963194444       6.471701832103011E-004  6.207586598212135E-004
  -6.80400019791667       6.438367171273323E-004  6.226592864018283E-004
  -6.63599995347222       6.511864470704389E-004  5.904272086436632E-004
  -6.46800011388889       6.498813462716081E-004  5.419762237463566E-004
  -6.29999986944444       6.307129196212154E-004  5.038495141240601E-004
  -6.13200002916667       6.117007043182612E-004  4.480785627482101E-004
  -5.96400018888889       6.037075248259203E-004  3.736245223488474E-004
  -5.79599994444444       6.001349013043667E-004  2.941320786015547E-004
  -5.62800010416667       6.024250640344791E-004  2.303278750108811E-004
  -5.45999985972222       5.999255163194890E-004  1.909315686014495E-004
  -5.29200001944444       5.899912734679394E-004  1.937876865403475E-004
  -5.12400017916667       5.749825524367225E-004  2.113523837515650E-004
  -4.95599993472222       5.499577666122113E-004  1.885383838067791E-004
  -4.78800009444444       5.195537806750839E-004                     NaN
  -4.61999985000000       4.894241892287486E-004                     NaN
  -4.45200000972222       4.679430787134268E-004                     NaN
  -4.28400016944444       4.579283454192704E-004                     NaN
  -4.11599992500000       4.591934624095992E-004                     NaN
  -3.94800008541667       4.651154799946486E-004                     NaN
  -3.77999984097222       4.699108235169698E-004                     NaN
  -3.61200000069444       4.710204132406543E-004  1.588346261046796E-004
  -3.44400016041667       4.714201284955606E-004  2.908894266351493E-004
  -3.27599991597222       4.698617258220405E-004  3.709847673268512E-004
  -3.10800007569444       4.719340936049735E-004  4.235760100925009E-004
  -2.94000003333333       4.689926758545410E-004  4.614003737274415E-004
  -2.77199999097222       4.526204943732544E-004  4.884298829505104E-004
  -2.60399994861111       4.287056392905279E-004  5.109856938534916E-004
  -2.43599990625000       4.039230311166877E-004  5.099453663916378E-004
  -2.26800006597222       3.869051946526907E-004  4.854383868087512E-004
  -2.10000002361111       3.629819775721720E-004  4.464854304983755E-004
  -1.93199998125000       3.357305556222202E-004  4.124982891603965E-004
  -1.76399993888889       2.983627786870277E-004  3.882574873924245E-004
  -1.59599999791667       2.728777344215971E-004  3.720026814334226E-004
  -1.42799995555556       2.612339197767116E-004  3.618060565388168E-004
  -1.26000001458333       2.561815426686708E-004  3.678851880631778E-004
  -1.09199997222222       2.511970764680094E-004  3.918525581900681E-004
 -0.924000030555556       2.462252716193887E-004  4.129200089322599E-004
 -0.755999988194444       2.410432643071398E-004  4.234939223605900E-004
 -0.587999996527778       2.321837388635478E-004  4.212121192147828E-004
 -0.420000004722222       2.330271172536063E-004  4.109705372930985E-004
 -0.251999987708333       2.282209130762159E-004  3.972819076298693E-004
 -8.400000222222222E-002  2.242240584887819E-004  3.740021077496259E-004
  8.400000222222222E-002  2.176956766692727E-004  3.568164729427631E-004
  0.251999987708333       2.126897853847300E-004  3.458826864189592E-004
  0.420000004722222       2.046886645902582E-004  3.411373718385186E-004
  0.587999996527778       2.032019610057474E-004  3.460815124283244E-004
  0.755999988194444       2.017308165716631E-004  3.585276013651713E-004
  0.924000030555556       1.959354008012254E-004  3.756529261965267E-004
   1.09199997222222       2.013492772025260E-004  3.965415577313028E-004
   1.26000001458333       2.000932155490843E-004  4.112589151288431E-004
   1.42799995555556       2.199876153092688E-004  4.278569222794496E-004
   1.59599999791667       2.409017466733646E-004  4.381957597245781E-004
   1.76399993888889       2.622711971830744E-004  4.449002164729972E-004
   1.93199998125000       2.774750364575207E-004  4.573993861357929E-004
   2.10000002361111       2.872725389068205E-004  5.766009763584469E-004
   2.26800006597222       3.006550480811432E-004  8.404178326967266E-004
   2.43599990625000       3.236189252762050E-004  1.091565887162113E-003
   2.60399994861111       3.147603889682878E-004  1.363253978651901E-003
   2.77199999097222       9.242653572719584E-005  1.849363446318608E-003
   2.94000003333333                          NaN  2.340546321148807E-003
   3.10800007569444                          NaN  2.608011486568888E-003
   3.27599991597222                          NaN  2.800982977172742E-003
   3.44400016041667                          NaN  3.208440867802188E-003
   3.61200000069444                          NaN  3.764103870559039E-003
   3.77999984097222                          NaN  4.024060943458233E-003
   3.94800008541667       1.240667525399375E-003  3.991557581338091E-003
   4.11599992500000       1.447952657810883E-003  4.043948013638007E-003
   4.28400016944444       8.137474078799210E-004  4.228935689564737E-003
   4.45200000972222       1.232422160046378E-003  4.283942524175858E-003
   4.61999985000000       2.943562170339687E-003  4.365354131242774E-003
   4.78800009444444       4.015286029791829E-003  4.491443594651103E-003
   4.95599993472222       4.616999593471781E-003  4.850811206432137E-003
   5.12400017916667       5.223443026172687E-003  5.210393362709541E-003
   5.29200001944444       5.440497736133245E-003  4.887652313100953E-003
   5.45999985972222       4.658208519036236E-003  4.660946903679440E-003
   5.62800010416667       2.333982369167102E-003  5.958673385117708E-003
   5.79599994444444                          NaN  7.737143565562198E-003
   5.96400018888889                          NaN  9.087875854442047E-003
   6.13200002916667                          NaN  9.639888257853356E-003
   6.29999986944444                          NaN  9.681269123763360E-003
   6.46800011388889                          NaN  9.560844846457755E-003
   6.63599995347222                          NaN  8.590359782891193E-003
   6.80400019791667       3.088859495331650E-003  5.682695815873429E-003
   6.97199963194444                          NaN                     NaN
   7.13999988194444                          NaN                     NaN
   7.30800012500000                          NaN                     NaN
   7.47600036805556                          NaN                     NaN
   7.64399980555556                          NaN                     NaN
   7.81200004861111                          NaN                     NaN
   7.98000029166667                          NaN                     NaN
   8.14799972916667                          NaN                     NaN
   8.31599997222222                          NaN                     NaN
   8.48400021527778                          NaN                     NaN
   8.65199965277778                          NaN                     NaN
   8.81999989583333       5.359383345243708E-003                     NaN
   8.98800013888889       7.257238214584561E-003                     NaN
   9.15600038888889       7.544834783121569E-003                     NaN
   9.32399981944444       9.718064422515023E-003                     NaN
   9.49200006944444       1.287008731454647E-002                     NaN
   9.66000031250000       1.435099664577506E-002                     NaN
   9.82799975000000       1.401846658826996E-002                     NaN
   9.99599999305556       1.162897974069576E-002                     NaN
   10.1640002361111       3.941942394036032E-003                     NaN
   10.3319996736111                          NaN                     NaN
   10.4999999166667                          NaN                     NaN
   10.6680001597222                          NaN  5.073249472507124E-003
   10.8359995972222                          NaN  1.044083765859931E-002
   11.0039998402778                          NaN  1.173733162029091E-002
   11.1720000833333                          NaN  9.237147128418064E-003
   11.3400003333333                          NaN  8.021831170664073E-003
   11.5079997638889                          NaN  8.085935958746468E-003
   11.6760000138889                          NaN  9.170477428137699E-003
   11.8440002569444                          NaN  1.067971118754481E-002
   12.0119996944444                          NaN  1.169997333566826E-002
   12.1799999375000                          NaN  1.106127552332216E-002
   12.3480001805556                          NaN  9.461911565099726E-003
   12.5159996180556       3.337650798762940E-003  7.445673271746579E-003
   12.6839998611111       3.524192872316057E-003  5.208270010354891E-003
   12.8520001041667                          NaN                     NaN
   13.0200003472222                          NaN                     NaN
   13.1879997847222                          NaN  4.620483522063063E-003
   13.3560000277778                          NaN  9.024252484198785E-003
   13.5240002708333                          NaN  9.762394690242695E-003
   13.6920005208333                          NaN  9.023508772007797E-003
   13.8600007638889                          NaN  9.200310758201616E-003
   14.0279993888889       6.434647375040879E-004  8.540619146709026E-003
   14.1959996319444       4.814999426366362E-003  7.400867163234739E-003
   14.3639998819444       7.427841152053341E-003  5.890305356390183E-003
   14.5320001250000       8.228647077722572E-003  5.145671451749629E-003
   14.7000003680556       6.293016176749766E-003  4.101690188028892E-003
   14.8680006111111       3.273376168961291E-003                     NaN
   15.0359992430556       3.443152977306270E-003                     NaN
   15.2039994861111       3.901627331197317E-003  4.253033259973707E-003
   15.3719997291667       1.229699263724750E-003  3.147027955931274E-003
   15.5399999722222                          NaN                     NaN
   15.7080002152778                          NaN                     NaN
   15.8760004652778                          NaN                     NaN
   16.0440007083333                          NaN                     NaN
   16.2119993333333       2.130795213889773E-003                     NaN
   16.3799995763889       4.102667200638992E-003                     NaN
   16.5479998263889       5.217891695323339E-003                     NaN
   16.7160000694444       6.230440970287723E-003                     NaN
   16.8840003125000       6.478014921708135E-003  2.239660698509960E-003
   17.0520005555556       6.064340192277390E-003  3.846186314192242E-003
   17.2200007986111       5.717357909881413E-003  3.646224273681549E-003
   17.3879994305556       5.186409262077377E-003  3.753502297490487E-003
   17.5559996736111       4.477652793874521E-003  4.137054328294027E-003
   17.7239999166667       3.754611791955376E-003  4.122701085399721E-003
   17.8920001597222       3.139029916915078E-003  3.633918490628988E-003
   18.0600004097222       2.969722546159540E-003  2.901912839880848E-003
   18.2280006527778       3.214106208870394E-003  1.731872283700491E-003
   18.3959992777778       3.417612035630423E-003                     NaN
   18.5639995208333       3.050973309066869E-003                     NaN
   18.7319997638889       2.411890670748413E-003  1.216068376190461E-003
   18.9000000138889       2.176168174858133E-003  1.420386433431220E-003
   19.0680002569444       1.751585177458821E-003  7.914796677356837E-004
   19.2360005000000       1.232592817225322E-003                     NaN
   19.4040007430556       1.238900211493473E-003                     NaN
   19.5719993750000       1.421200924146139E-003                     NaN
   19.7399996180556       1.546449396692415E-003                     NaN
   19.9079998611111       1.313849767275251E-003                     NaN
   20.0760001041667       7.904632256512978E-004                     NaN
   20.2440003472222       3.027665857070831E-004                     NaN
   20.4120005972222       2.740441004104953E-004                     NaN
   20.5799992222222       3.422856461215668E-004                     NaN
   20.7479994652778       3.050527652753527E-004                     NaN
   20.9159997083333       2.702023835779402E-004                     NaN
   21.0839999583333       2.343888138805370E-004                     NaN
   21.2520002013889       1.568391600483156E-004                     NaN
   21.4200004444444       1.265915667961746E-004                     NaN
   21.5880006875000       1.444492566698940E-004                     NaN
   21.7559993194444       1.593870537185863E-004                     NaN
   21.9239995625000       1.633656595213790E-004                     NaN
   22.0919998055556       1.555445837166031E-004                     NaN
   22.2600000486111       1.330887464587757E-004                     NaN
   22.4280002916667       8.909159006394556E-005                     NaN
   22.5960005416667                          NaN                     NaN
   22.7640007847222                          NaN                     NaN
   22.9319994097222                          NaN                     NaN
   23.0999996527778                          NaN                     NaN
   23.2679999027778                          NaN                     NaN
   23.4360001458333                          NaN                     NaN
   23.6040003888889                          NaN                     NaN
   23.7720006319444                          NaN                     NaN
   23.9399992569444                          NaN                     NaN
   24.1079995069444                          NaN                     NaN
   24.2759997500000                          NaN                     NaN
   24.4439999930556       4.479566213943225E-005                     NaN
   24.6120002361111       1.009845142091470E-004                     NaN
   24.7800004791667       1.288179376114407E-004                     NaN
   24.9480007291667       1.396131189635773E-004                     NaN
   25.1159993541667       1.346217836643098E-004                     NaN
   25.2839995972222       1.226106110133963E-004                     NaN
   25.4519998402778       9.736169620407080E-005                     NaN
   25.6200000902778       5.001026001193396E-005                     NaN
   25.7880003333333                          NaN                     NaN
   25.9560005763889                          NaN                     NaN
   26.1239992013889                          NaN                     NaN
   26.2919994513889                          NaN                     NaN
   26.4599996944444                          NaN                     NaN
   26.6279999375000                          NaN                     NaN
   26.7960001805556                          NaN                     NaN
   26.9640004236111                          NaN                     NaN
   27.1320006736111                          NaN                     NaN
   27.3000009166667                          NaN                     NaN
   27.4680011597222                          NaN                     NaN
   27.6360014027778                          NaN                     NaN
   27.8039984166667                          NaN                     NaN
   27.9719986597222                          NaN                     NaN
   28.1399989027778                          NaN                     NaN
   28.3079991458333                          NaN                     NaN
   28.4759993958333                          NaN                     NaN
   28.6439996388889                          NaN                     NaN
   28.8119998819444                          NaN                     NaN
   28.9800001250000       6.107254588698971E-005                     NaN
   29.1480003680556       9.286350544813642E-005                     NaN
   29.3160006111111       9.996600160455992E-005                     NaN
   29.4840008611111       1.019394553140302E-004                     NaN
   29.6520011041667       7.505076789002272E-005                     NaN
   29.8200013472222       3.687032832257096E-005                     NaN
   29.9880015902778                          NaN                     NaN
   30.1559986041667                          NaN                     NaN
   30.3239988472222                          NaN                     NaN
   30.4919990902778                          NaN                     NaN
   30.6599993333333                          NaN                     NaN
   30.8279995833333       2.289565301575445E-005                     NaN
   30.9959998263889       8.622405377272059E-005                     NaN
   31.1640000694444       1.150457544154562E-004                     NaN
   31.3320003125000       1.317290961697671E-004                     NaN
   31.5000005555556       1.367322850117448E-004  7.209463836075478E-005
   31.6680008055556       1.340501155112147E-004  9.640625246892018E-005
   31.8360010486111       1.268753978742042E-004  1.212669852779537E-004
   32.0040012916667       1.190634905547829E-004  1.187456323719685E-004
   32.1720015347222       1.215654648354934E-004  1.256039017495853E-004
   32.3399985486111       1.268341157410678E-004  1.218199928107284E-004
   32.5079987916667       1.334619078013073E-004  1.253102506514111E-004
   32.6759990347222       1.323862489753820E-004  1.272783334184382E-004
   32.8439992777778       1.318215595708566E-004  1.312809425291465E-004
   33.0119995277778       1.220428728104439E-004  1.290876839641952E-004
   33.1799997708333       1.208866276607971E-004  1.331050644618545E-004
   33.3480000138889       1.200304904780787E-004  1.396389018327211E-004
   33.5160002569444       1.308714699178090E-004  1.616949637211864E-004
   33.6840005000000       1.398914865398038E-004  1.781381216046572E-004
   33.8520007500000       1.544669256644085E-004  1.825940554296070E-004
   34.0200009930556       1.614358299317988E-004  1.628553174555966E-004
   34.1880012361111       1.656300564386733E-004  1.380194403760715E-004
   34.3560014791667       1.620333651024724E-004  1.102152186799738E-004
   34.5239984930556       1.533215738897645E-004  1.130329319384174E-004
   34.6919987361111       1.436278729445776E-004  1.305721489966053E-004
   34.8599989791667       1.332525343248626E-004  1.619301997503451E-004
   35.0279992222222       1.280883780996986E-004  1.718478255978084E-004
   35.1959994652778       1.241449628043278E-004  1.799124499064668E-004
   35.3639997152778       1.247592914072345E-004  1.776804974122096E-004
   35.5319999583333       1.250743550906744E-004  1.839317741352270E-004
   35.7000002013889       1.315992661643446E-004  1.832359782186082E-004
   35.8680004444444       1.388605328012497E-004  1.817103402738372E-004
   36.0360006875000       1.455356396835668E-004  1.635947067136681E-004
   36.2040009375000       1.552321917804898E-004  1.357687694943144E-004
   36.3720011805556       1.589105096784140E-004  9.600227601910719E-005
   36.5400014236111       1.597060089688388E-004  6.298534575303698E-005
   36.7079984375000       1.442401595326368E-004  4.926379460900665E-005
   36.8759986805556       1.229113388540735E-004  7.129123590143073E-005
   37.0439989236111       7.549356681313644E-005  8.751598272132443E-005
   37.2119991666667                          NaN  1.015704955384802E-004
   37.3799994097222                          NaN  9.430470192981634E-005
   37.5479996597222                          NaN  7.637403694706615E-005
   37.7159999027778                          NaN  5.095953510847506E-005
   37.8840001458333                          NaN  4.970678907190274E-005
   38.0520003888889                          NaN  6.973125989293378E-005
   38.2200006319444                          NaN  9.676672689333268E-005
   38.3880008819444                          NaN  1.195607820767382E-004
   38.5560011250000                          NaN  1.332016182886735E-004
   38.7240013680556                          NaN  1.346667659113416E-004
   38.8920016111111                          NaN  1.257827504373760E-004
   39.0599986250000                          NaN  1.077940653862204E-004
   39.2279988680556                          NaN  7.852124525681993E-005
   39.3959991111111                          NaN  3.657077840668644E-005
   39.5639993541667                          NaN                     NaN
   39.7319995972222                          NaN                     NaN
   39.8999998472222                          NaN                     NaN
   40.0680000902778                          NaN                     NaN
   40.2360003333333                          NaN                     NaN
   40.4040005763889                          NaN                     NaN
   40.5720008194444                          NaN                     NaN
   40.7400010694444                          NaN                     NaN
   40.9080013125000                          NaN                     NaN
   41.0760015555556                          NaN  8.996815132250457E-005
   41.2439985694444                          NaN  1.306627963300035E-004
   41.4119988125000                          NaN  1.575181763657126E-004
   41.5799990555556                          NaN  1.612544744814624E-004
   41.7479992986111                          NaN  1.575612481949763E-004
   41.9159995416667                          NaN  1.415657117408141E-004
   42.0839997916667                          NaN  1.286955038811216E-004
   42.2520000347222                          NaN  1.162529516127757E-004
   42.4200002777778                          NaN  9.610650850008680E-005
   42.5880005208333                          NaN  7.680969882216898E-005
   42.7560007638889                          NaN                     NaN
   42.9240010138889                          NaN                     NaN
   43.0920012569444                          NaN                     NaN
   43.2600015000000                          NaN  9.089149958765077E-005
   43.4279985138889                          NaN  1.318940367375168E-004
   43.5959987569444                          NaN  1.795281380753037E-004
   43.7639990000000                          NaN  2.078636342874729E-004
   43.9319992430556                          NaN  2.275281890572137E-004
   44.0999994861111                          NaN  2.340058699244889E-004
   44.2679997361111                          NaN  2.288298583443141E-004
   44.4359999791667                          NaN  2.167838114443429E-004
   44.6040002222222                          NaN  1.944679678586877E-004
   44.7720004652778                          NaN  1.732668992194172E-004
   44.9400007083333                          NaN  1.461804555641462E-004
   45.1080009513889                          NaN  1.322065121023219E-004
   45.2760012013889                          NaN  1.263956171309726E-004
   45.4440014444444                          NaN  1.369708675444270E-004
   45.6119984513889                          NaN  1.476708989408223E-004
   45.7799987013889                          NaN  1.563535457873960E-004
   45.9479989444444                          NaN  1.572657814430910E-004
   46.1159991875000                          NaN  1.522346707732569E-004
   46.2839994305556                          NaN  1.401419782859902E-004
   46.4519996736111                          NaN  1.214759319313516E-004
   46.6199999236111                          NaN  9.533989009176825E-005
   46.7880001666667                          NaN  6.399321343060969E-005
   46.9560004097222                          NaN                     NaN
   47.1240006527778                          NaN                     NaN
   47.2920008958333                          NaN                     NaN
   47.4600011458333                          NaN                     NaN
   47.6280013888889                          NaN                     NaN
   47.7959983958333                          NaN                     NaN
   47.9639986458333                          NaN                     NaN
   48.1319988888889                          NaN                     NaN
   48.2999991319444                          NaN                     NaN
   48.4679993750000                          NaN                     NaN
   48.6359996180556                          NaN                     NaN
   48.8039998680556                          NaN                     NaN
   48.9720001111111                          NaN                     NaN
   49.1400003541667                          NaN                     NaN
   49.3080005972222                          NaN                     NaN
   49.4760008402778                          NaN                     NaN
   49.6440010902778                          NaN                     NaN
   49.8120013333333                          NaN                     NaN
   49.9800015763889                          NaN                     NaN
   50.1479985833333                          NaN                     NaN
   50.3159988333333                          NaN                     NaN
   50.4839990763889                          NaN                     NaN
   50.6519993194444                          NaN                     NaN
   50.8199995625000                          NaN                     NaN
   50.9879998055556                          NaN                     NaN
   51.1560000555556                          NaN                     NaN
   51.3240002986111                          NaN                     NaN
   51.4920005416667                          NaN                     NaN
   51.6600007847222                          NaN                     NaN
   51.8280010277778                          NaN                     NaN
   51.9960012777778                          NaN                     NaN
   52.1640015208333                          NaN                     NaN
   52.3319985277778                          NaN                     NaN
   52.4999987777778                          NaN                     NaN
   52.6679990208333                          NaN                     NaN
   52.8359992638889                          NaN                     NaN
   53.0039995069444                          NaN                     NaN
   53.1719997500000                          NaN                     NaN
   53.3400000000000                          NaN                     NaN
   53.5080002430556                          NaN                     NaN
   53.6760004861111                          NaN                     NaN
   53.8440007291667                          NaN  2.334834367238831E-005
   54.0120009722222                          NaN  4.187768393741811E-005
   54.1800012222222                          NaN  5.257414959232266E-005
   54.3480014652778       2.102771806622368E-005  4.970680511600499E-005
   54.5160017083333       2.789769552088325E-005  4.876936381599344E-005
   54.6840019513889       3.175214712048880E-005  3.711109488556842E-005
   54.8520021944444       3.462187344783057E-005  3.003100827099188E-005
   55.0200024444444       3.493235784930856E-005  1.183469865113894E-005
   55.1880026875000       3.299440733212109E-005                     NaN
   55.3560029305556       2.873745427790367E-005  7.953891105761376E-006
   55.5240031736111       2.323467327538579E-005  1.605910583592246E-005
   55.6919969513889       1.411486172755418E-005  2.230951717323282E-005
   55.8599971944444                          NaN  2.230963252515008E-005
   56.0279974375000                          NaN  2.423663865887160E-005
   56.1959976875000                          NaN  2.847202852454009E-005
   56.3639979305556                          NaN  4.042378364931254E-005
   56.5319981736111                          NaN  4.959858590899465E-005
   56.6999984166667                          NaN  6.147973225030809E-005
   56.8679986597222                          NaN  6.926343587664571E-005
   57.0359989097222                          NaN  7.555720412320165E-005
   57.2039991527778                          NaN  7.809966608255521E-005
   57.3719993958333                          NaN  7.259124896281833E-005
   57.5399996388889                          NaN  6.559435277744100E-005
   57.7079998819444                          NaN  4.412690810288168E-005
   57.8760001319444                          NaN  2.365706287152615E-005
   58.0440003750000                          NaN                     NaN
   58.2120006180556                          NaN                     NaN
   58.3800008611111                          NaN                     NaN
   58.5480011041667                          NaN                     NaN
   58.7160013541667                          NaN                     NaN
   58.8840015972222                          NaN                     NaN
   59.0520018402778                          NaN                     NaN
   59.2200020833333                          NaN                     NaN
   59.3880023263889                          NaN                     NaN
   59.5560025763889                          NaN                     NaN
   59.7240028194444                          NaN                     NaN
   59.8920030625000                          NaN                     NaN
   60.0599968402778       0.000000000000000E+000  0.000000000000000E+000
