  -60.0599968402778       8.940047793520630E-006  1.048253337989204E-005
  -59.8920030625000       1.206102395138755E-005  2.381364122901534E-005
  -59.7240028194444       2.051591500638047E-005  3.994740290848584E-005
  -59.5560025763889       2.695299120347120E-005  4.855453450393997E-005
  -59.3880023263889       2.968891348640822E-005  5.189933558551960E-005
  -59.2200020833333       2.778976254455490E-005  5.106127025513831E-005
  -59.0520018402778       2.316274239866341E-005  4.784960636677941E-005
  -58.8840015972222       1.895872558362135E-005  4.538385352257957E-005
  -58.7160013541667       1.794870990964828E-005  4.621245017969203E-005
  -58.5480011041667       2.149407167876523E-005  5.133717472112143E-005
  -58.3800008611111       2.688651881578639E-005  5.846542099187748E-005
  -58.2120006180556       3.149178718879679E-005  6.476710689085584E-005
  -58.0440003750000       3.415751806259913E-005  6.870341216430926E-005
  -57.8760001319444       3.470213383177125E-005  7.010083705629674E-005
  -57.7079998819444       3.349416782314012E-005  6.989927305030562E-005
  -57.5399996388889       3.123865988052545E-005  6.943439070248370E-005
  -57.3719993958333       2.890652338445160E-005  6.958494774303525E-005
  -57.2039991527778       2.763327958751490E-005  7.043761476557084E-005
  -57.0359989097222       2.816075834356331E-005  7.178743558485998E-005
  -56.8679986597222       3.028123655351388E-005  7.388484065755039E-005
  -56.6999984166667       3.300338104821568E-005  7.722414823817139E-005
  -56.5319981736111       3.516426817705618E-005  8.149365087893998E-005
  -56.3639979305556       3.596403928629315E-005  8.529351232358728E-005
  -56.1959976875000       3.528089214405660E-005  8.722409459053594E-005
  -56.0279974375000       3.367527503447871E-005  8.713138618270238E-005
  -55.8599971944444       3.213091090242444E-005  8.628063596007218E-005
  -55.6919969513889       3.163081131450467E-005  8.622765517083454E-005
  -55.5240031736111       3.260618505400438E-005  8.742145683304958E-005
  -55.3560029305556       3.460451171443697E-005  8.914070525560812E-005
  -55.1880026875000       3.667328402942289E-005  9.070498012845750E-005
  -55.0200024444444       3.810448493682026E-005  9.227194237106374E-005
  -54.8520021944444       3.875188187396507E-005  9.435906237415601E-005
  -54.6840019513889       3.874585765685306E-005  9.688322186624104E-005
  -54.5160017083333       3.812285703405441E-005  9.901058751177289E-005
  -54.3480014652778       3.693307488021435E-005  9.997686939842442E-005
  -54.1800012222222       3.565262983686168E-005  9.991815862438472E-005
  -54.0120009722222       3.512432305173113E-005  9.986449406067401E-005
  -53.8440007291667       3.572480899282930E-005  1.007817774888715E-004
  -53.6760004861111       3.680961819320913E-005  1.025632668474848E-004
  -53.5080002430556       3.737621886823627E-005  1.042256892078516E-004
  -53.3400000000000       3.700095985638246E-005  1.050794287912237E-004
  -53.1719997500000       3.603553940638903E-005  1.053563345909176E-004
  -53.0039995069444       3.517825967901008E-005  1.056639694710238E-004
  -52.8359992638889       3.493342435341931E-005  1.061833998184395E-004
  -52.6679990208333       3.532563863245183E-005  1.066450381605048E-004
  -52.4999987777778       3.596504011149860E-005  1.068286724192752E-004
  -52.3319985277778       3.636059570367193E-005  1.067885957922120E-004
  -52.1640015208333       3.625021952276880E-005  1.067214958302948E-004
  -51.9960012777778       3.571492738602127E-005  1.068157512525089E-004
  -51.8280010277778       3.504969284916806E-005  1.071930048019693E-004
  -51.6600007847222       3.456910892428628E-005  1.078974733941171E-004
  -51.4920005416667       3.447453338076325E-005  1.088968418119039E-004
  -51.3240002986111       3.476941235857892E-005  1.100648402955531E-004
  -51.1560000555556       3.527863516369837E-005  1.112081578892530E-004
  -50.9879998055556       3.582475796802621E-005  1.121974521880477E-004
  -50.8199995625000       3.637815624426164E-005  1.130675579404202E-004
  -50.6519993194444       3.700870908332724E-005  1.139491804090866E-004
  -50.4839990763889       3.774507151705798E-005  1.149249349935528E-004
  -50.3159988333333       3.851976514995720E-005  1.159605903032668E-004
  -50.1479985833333       3.921561255810182E-005  1.169288201097660E-004
  -49.9800015763889       3.973730501360583E-005  1.176828436070004E-004
  -49.8120013333333       4.005418657570175E-005  1.181394676158788E-004
  -49.6440010902778       4.019665937107856E-005  1.183217953195944E-004
  -49.4760008402778       4.022636360583902E-005  1.183449980673285E-004
  -49.3080005972222       4.021465695096153E-005  1.183731782482552E-004
  -49.1400003541667       4.023862634675000E-005  1.185712646688776E-004
  -48.9720001111111       4.038068521867878E-005  1.190576985281085E-004
  -48.8039998680556       4.072051323596118E-005  1.198687759801121E-004
  -48.6359996180556       4.131990911737304E-005  1.209534551394259E-004
  -48.4679993750000       4.220844974570654E-005  1.222057186706715E-004
  -48.2999991319444       4.337756567170952E-005  1.235166800676187E-004
  -48.1319988888889       4.478460864916204E-005  1.248160350897642E-004
  -47.9639986458333       4.636274939532675E-005  1.260839309730619E-004
  -47.7959983958333       4.803176471547654E-005  1.273359363853656E-004
  -47.6280013888889       4.970708032090128E-005  1.285968268256458E-004
  -47.4600011458333       5.130678924392743E-005  1.298784972284263E-004
  -47.2920008958333       5.275724309781245E-005  1.311698607361140E-004
  -47.1240006527778       5.399764619481286E-005  1.324384532828738E-004
  -46.9560004097222       5.498367018324738E-005  1.336388391409858E-004
  -46.7880001666667       5.568999302279981E-005  1.347228148568235E-004
  -46.6199999236111       5.611153579769525E-005  1.356492568578307E-004
  -46.4519996736111       5.626317874945421E-005  1.363935968696421E-004
  -46.2839994305556       5.617770150401917E-005  1.369546377358057E-004
  -46.1159991875000       5.590186861027903E-005  1.373530697466973E-004
  -45.9479989444444       5.549082390523864E-005  1.376170387596653E-004
  -45.7799987013889       5.500148980989632E-005  1.377582479053980E-004
  -45.6119984513889       5.448596217145174E-005  1.377516915014626E-004
  -45.4440014444444       5.398623671728317E-005  1.375343744760608E-004
  -45.2760012013889       5.353131962244570E-005  1.370291610650542E-004
  -45.1080009513889       5.313724658001907E-005  1.361856292057865E-004
  -44.9400007083333       5.280969835184077E-005  1.350194976229912E-004
  -44.7720004652778       5.254812689560824E-005  1.336325179545584E-004
  -44.6040002222222       5.234996921615605E-005  1.322027988936800E-004
  -44.4359999791667       5.221361723212714E-005  1.309480108756370E-004
  -44.2679997361111       5.213942080261314E-005  1.300738523055454E-004
  -44.0999994861111       5.212863908470954E-005  1.297253858557956E-004
  -43.9319992430556       5.218105679617256E-005  1.299563384567129E-004
  -43.7639990000000       5.229227032172509E-005  1.307222121356908E-004
  -43.5959987569444       5.245173978550230E-005  1.318918534991153E-004
  -43.4279985138889       5.264238472284010E-005  1.332672177151263E-004
  -43.2600015000000       5.284191916693399E-005  1.346062415690583E-004
  -43.0920012569444       5.302560103007360E-005  1.356521942595529E-004
  -42.9240010138889       5.316966108990783E-005  1.361743231928839E-004
  -42.7560007638889       5.325463913575824E-005  1.360166591101271E-004
  -42.5880005208333       5.326790837211183E-005  1.351420360597307E-004
  -42.4200002777778       5.320499420322603E-005  1.336555272360723E-004
  -42.2520000347222       5.306955012649360E-005  1.317958155076722E-004
  -42.0839997916667       5.287213584736450E-005  1.298908420715055E-004
  -41.9159995416667       5.262811484274824E-005  1.282839122390495E-004
  -41.7479992986111       5.235514730937126E-005  1.272478291258859E-004
  -41.5799990555556       5.207080462362874E-005  1.269149754012397E-004
  -41.4119988125000       5.179074561985751E-005  1.272508310398348E-004
  -41.2439985694444       5.152786554930710E-005  1.280802565111349E-004
  -41.0760015555556       5.129248184379217E-005  1.291503543481714E-004
  -40.9080013125000       5.109339008575730E-005  1.302000742580733E-004
  -40.7400010694444       5.093936289674862E-005  1.310136721918129E-004
  -40.5720008194444       5.084049011691630E-005  1.314508186106877E-004
  -40.4040005763889       5.080874369843852E-005  1.314578590031640E-004
  -40.2360003333333       5.085736399493222E-005  1.310671690438885E-004
  -40.0680000902778       5.099891280643016E-005  1.303884242798743E-004
  -39.8999998472222       5.124229672354026E-005  1.295916175720845E-004
  -39.7319995972222       5.158940599315372E-005  1.288797951564385E-004
  -39.5639993541667       5.203219473976602E-005  1.284515602336438E-004
  -39.3959991111111       5.255109673191957E-005  1.284575201304047E-004
  -39.2279988680556       5.311534584745416E-005  1.289603650105320E-004
  -39.0599986250000       5.368531761365362E-005  1.299112219884219E-004
  -38.8920016111111       5.421659640771956E-005  1.311524998875022E-004
  -38.7240013680556       5.466508946307311E-005  1.324485298619284E-004
  -38.5560011250000       5.499233920498486E-005  1.335352850172191E-004
  -38.3880008819444       5.517033036132952E-005  1.341757566651788E-004
  -38.2200006319444       5.518509091972877E-005  1.342090210072387E-004
  -38.0520003888889       5.503876001018144E-005  1.335845625768232E-004
  -37.8840001458333       5.474990792948906E-005  1.323762679862734E-004
  -37.7159999027778       5.435206563776925E-005  1.307727569149333E-004
  -37.5479996597222       5.389066940789493E-005  1.290440835473704E-004
  -37.3799994097222       5.341860305001405E-005  1.274888419973954E-004
  -37.2119991666667       5.299081251901690E-005  1.263709370510620E-004
  -37.0439989236111       5.265855760111625E-005  1.258615122700316E-004
  -36.8759986805556       5.246404752417426E-005  1.260049160427187E-004
  -36.7079984375000       5.243633898484146E-005  1.267209596914499E-004
  -36.5400014236111       5.258918422230742E-005  1.278397892835497E-004
  -36.3720011805556       5.292119955229677E-005  1.291513251680856E-004
  -36.2040009375000       5.341811572127652E-005  1.304498507194395E-004
  -36.0360006875000       5.405643151365295E-005  1.315641143825405E-004
  -35.8680004444444       5.480751563384932E-005  1.323738157676375E-004
  -35.7000002013889       5.564126060578611E-005  1.328170338801929E-004
  -35.5319999583333       5.652877219254061E-005  1.328909710652685E-004
  -35.3639997152778       5.744390375221973E-005  1.326455630921650E-004
  -35.1959994652778       5.836364783177294E-005  1.321706254443000E-004
  -35.0279992222222       5.926761498273130E-005  1.315797170203738E-004
  -34.8599989791667       6.013682973091427E-005  1.309946075149633E-004
  -34.6919987361111       6.095228968630101E-005  1.305313481512891E-004
  -34.5239984930556       6.169375252258971E-005  1.302865071928685E-004
  -34.3560014791667       6.233936270026590E-005  1.303228270656678E-004
  -34.1880012361111       6.286633366798502E-005  1.306569817527296E-004
  -34.0200009930556       6.325263386238208E-005  1.312534085787244E-004
  -33.8520007500000       6.347925177591115E-005  1.320268766184883E-004
  -33.6840005000000       6.353255687288152E-005  1.328535017410330E-004
  -33.5160002569444       6.340634414097011E-005  1.335879351276878E-004
  -33.3480000138889       6.310346825888891E-005  1.340837993312637E-004
  -33.1799997708333       6.263695971076457E-005  1.342155525497493E-004
  -33.0119995277778       6.203061571871722E-005  1.339000364408307E-004
  -32.8439992777778       6.131887518651743E-005  1.331145637506975E-004
  -32.6759990347222       6.054581413520904E-005  1.319069421036071E-004
  -32.5079987916667       5.976309403365629E-005  1.303937455950191E-004
  -32.3399985486111       5.902682747413704E-005  1.287459859989237E-004
  -32.1720015347222       5.839359336797459E-005  1.271635212967299E-004
  -32.0040012916667       5.791594573345993E-005  1.258421567899034E-004
  -31.8360010486111       5.763801561394559E-005  1.249400125133907E-004
  -31.6680008055556       5.759184488847293E-005  1.245518560815910E-004
  -31.5000005555556       5.779505065704294E-005  1.246985469102138E-004
  -31.3320003125000       5.825015807798860E-005  1.253331896950459E-004
  -31.1640000694444       5.894563286478105E-005  1.263592195755344E-004
  -30.9959998263889       5.985829000331084E-005  1.276534180708463E-004
  -30.8279995833333       6.095655182036066E-005  1.290887252189407E-004
  -30.6599993333333       6.220392890474705E-005  1.305542691722280E-004
  -30.4919990902778       6.356227385993344E-005  1.319698437197948E-004
  -30.3239988472222       6.499441146085925E-005  1.332911111548143E-004
  -30.1559986041667       6.646607536916971E-005  1.345047041260729E-004
  -29.9880015902778       6.794708717563259E-005  1.356178265989776E-004
  -29.8200013472222       6.941189915712506E-005  1.366491632641557E-004
  -29.6520011041667       7.083964811923949E-005  1.376233545159300E-004
  -29.4840008611111       7.221385842520178E-005  1.385669056446356E-004
  -29.3160006111111       7.352208731673005E-005  1.395040827217207E-004
  -29.1480003680556       7.475564656620567E-005  1.404547976227400E-004
  -28.9800001250000       7.590959595326469E-005  1.414359598302623E-004
  -28.8119998819444       7.698300201763819E-005  1.424635437452218E-004
  -28.6439996388889       7.797934081676326E-005  1.435503725876979E-004
  -28.4759993958333       7.890677378797232E-005  1.446975860932635E-004
  -28.3079991458333       7.977794068543601E-005  1.458834399557465E-004
  -28.1399989027778       8.060904859347359E-005  1.470566319768332E-004
  -27.9719986597222       8.141814858827569E-005  1.481407927099332E-004
  -27.8039984166667       8.222281486767368E-005  1.490513948345773E-004
  -27.6360014027778       8.303767561919286E-005  1.497184933501173E-004
  -27.4680011597222       8.387236344320796E-005  1.501046150905178E-004
  -27.3000009166667       8.473040259355711E-005  1.502108445650845E-004
  -27.1320006736111       8.560933472606792E-005  1.500716029816626E-004
  -26.9640004236111       8.650211424491949E-005  1.497434942150995E-004
  -26.7960001805556       8.739943016052308E-005  1.492935497554881E-004
  -26.6279999375000       8.829252783875351E-005  1.487903723864135E-004
  -26.4599996944444       8.917586247628605E-005  1.482988867504717E-004
  -26.2919994513889       9.004914320455719E-005  1.478774515869002E-004
  -26.1239992013889       9.091835441293968E-005  1.475756433526490E-004
  -25.9560005763889       9.179568843133010E-005  1.474312103529245E-004
  -25.7880003333333       9.269844536444455E-005  1.474674291427479E-004
  -25.6200000902778       9.364709021227194E-005  1.476948579148274E-004
  -25.4519998402778       9.466266151223177E-005  1.481191871168423E-004
  -25.2839995972222       9.576373907095301E-005  1.487510041473240E-004
  -25.1159993541667       9.696329501530317E-005  1.496098475580433E-004
  -24.9480007291667       9.826598424947406E-005  1.507196220277233E-004
  -24.7800004791667       9.966645156988685E-005  1.520983438533674E-004
  -24.6120002361111       1.011491916919210E-004  1.537482113564975E-004
  -24.4439999930556       1.026903112945478E-004  1.556494010332910E-004
  -24.2759997500000       1.042608859652402E-004  1.577591555637632E-004
  -24.1079995069444       1.058314057291359E-004  1.600176618454404E-004
  -23.9399992569444       1.073765133943941E-004  1.623607933374023E-004
  -23.7720006319444       1.088792671231963E-004  1.647338756118439E-004
  -23.6040003888889       1.103342470787757E-004  1.670979161029805E-004
  -23.4360001458333       1.117491910410241E-004  1.694268546664169E-004
  -23.2679999027778       1.131448642136099E-004  1.717031654527564E-004
  -23.0999996527778       1.145531649683106E-004  1.739180097091317E-004
  -22.9319994097222       1.160136372669574E-004  1.760740569989489E-004
  -22.7640007847222       1.175685889965002E-004  1.781850526022214E-004
  -22.5960005416667       1.192575614778471E-004  1.802702454055931E-004
  -22.4280002916667       1.211118043796830E-004  1.823462662728545E-004
  -22.2600000486111       1.231496736677714E-004  1.844206387386486E-004
  -22.0919998055556       1.253737202003277E-004  1.864907627548217E-004
  -21.9239995625000       1.277699147826866E-004  1.885502016556136E-004
  -21.7559993194444       1.303090921081094E-004  1.905997423666558E-004
  -21.5880006875000       1.329503181913541E-004  1.926572898475540E-004
  -21.4200004444444       1.356455360599107E-004  1.947599166721896E-004
  -21.2520002013889       1.383447171668438E-004  1.969544479048909E-004
  -21.0839999583333       1.410006745392249E-004  1.992792381829251E-004
  -20.9159997083333       1.435730727634342E-004  2.017480607302017E-004
  -20.7479994652778       1.460313102019417E-004  2.043479791009577E-004
  -20.5799992222222       1.483562673100873E-004  2.070508811441140E-004
  -20.4120005972222       1.505410333247037E-004  2.098262640053382E-004
  -20.2440003472222       1.525908640215476E-004  2.126440886080940E-004
  -20.0760001041667       1.545222426532635E-004  2.154694453967454E-004
  -19.9079998611111       1.563612657844051E-004  2.182599446366439E-004
  -19.7399996180556       1.581411930008208E-004  2.209732107618656E-004
  -19.5719993750000       1.598993015743659E-004  2.235805105023280E-004
  -19.4040007430556       1.616732766905861E-004  2.260760913275097E-004
  -19.2360005000000       1.634976998045696E-004  2.284793059804065E-004
  -19.0680002569444       1.654011617650059E-004  2.308337351691442E-004
  -18.9000000138889       1.674046494551829E-004  2.332030051785367E-004
  -18.7319997638889       1.695214903423210E-004  2.356578387649508E-004
  -18.5639995208333       1.717586166644376E-004  2.382566876559130E-004
  -18.3959992777778       1.741185502316732E-004  2.410319702822634E-004
  -18.2280006527778       1.766012655046615E-004  2.439897031757561E-004
  -18.0600004097222       1.792051813295623E-004  2.471177456213615E-004
  -17.8920001597222       1.819270268296149E-004  2.503920965694464E-004
  -17.7239999166667       1.847610035444093E-004  2.537772421221521E-004
  -17.5559996736111       1.876976566090987E-004  2.572244139802963E-004
  -17.3879994305556       1.907232629748343E-004  2.606731048524099E-004
  -17.2200007986111       1.938197162589808E-004  2.640582842482417E-004
  -17.0520005555556       1.969650109588676E-004  2.673206102058883E-004
  -16.8840003125000       2.001339097710665E-004  2.704146376311696E-004
  -16.7160000694444       2.032991047337003E-004  2.733147641635588E-004
  -16.5479998263889       2.064329110925821E-004  2.760234214769148E-004
  -16.3799995763889       2.095095853291108E-004  2.785795182638047E-004
  -16.2119993333333       2.125084394231447E-004  2.810557310508316E-004
  -16.0440007083333       2.154170184446866E-004  2.835410330598502E-004
  -15.8760004652778       2.182339462130197E-004  2.861197087379642E-004
  -15.7080002152778       2.209706237524576E-004  2.888586119096243E-004
  -15.5399999722222       2.236514347516726E-004  2.918017664352851E-004
  -15.3719997291667       2.263120501297206E-004  2.949651914714209E-004
  -15.2039994861111       2.289959409701916E-004  2.983319361806085E-004
  -15.0359992430556       2.317491982195467E-004  3.018518615198071E-004
  -14.8680006111111       2.346145647334921E-004  3.054503440774561E-004
  -14.7000003680556       2.376254590547762E-004  3.090464382763677E-004
  -14.5320001250000       2.408012748947302E-004  3.125742445187253E-004
  -14.3639998819444       2.441446986611017E-004  3.159978263869069E-004
  -14.1959996319444       2.476415190965546E-004  3.193168226054763E-004
  -14.0279993888889       2.512629119132982E-004  3.225649271860273E-004
  -13.8600007638889       2.549696660466806E-004  3.258013007892251E-004
  -13.6920005208333       2.587175880970237E-004  3.290947072204250E-004
  -13.5240002708333       2.624629277740880E-004  3.325077276236672E-004
  -13.3560000277778       2.661668901543633E-004  3.360899745708267E-004
  -13.1879997847222       2.697975238531519E-004  3.398784417918015E-004
  -13.0200003472222       2.733307498214021E-004  3.438974596531758E-004
  -12.8520001041667       2.767476313257276E-004  3.481521552658988E-004
  -12.6839998611111       2.800408316622247E-004  3.526005859265607E-004
  -12.5159996180556       2.832019090289549E-004  3.571588974794807E-004
  -12.3480001805556       2.862418038692261E-004  3.615954012405309E-004
  -12.1799999375000       2.892765384540020E-004  3.676282594465388E-004
  -12.0119996944444       2.964866378531444E-004  3.904555709823637E-004
  -11.8440002569444       3.528841025468884E-004  4.527375200735083E-004
  -11.6760000138889       5.383873587025399E-004  6.038271688509499E-004
  -11.5079997638889       7.941110191414555E-004  9.025400623930752E-004
  -11.3400003333333       1.066960924412904E-003  1.315495252093589E-003
  -11.1720000833333       1.306801846678949E-003  1.705371897624311E-003
  -11.0039998402778       1.510926382618809E-003  1.926394807933624E-003
  -10.8359995972222       1.654120590865805E-003  2.052762312406100E-003
  -10.6680001597222       1.735080026802643E-003  2.149093518090465E-003
  -10.4999999166667       1.789917675277515E-003  2.268533916433644E-003
  -10.3319996736111       1.846845897639013E-003  2.406552583720833E-003
  -10.1640002361111       1.909031490862060E-003  2.552185859519447E-003
  -9.99599999305556       1.978692557750110E-003  2.691730627640906E-003
  -9.82799975000000       2.049614061597624E-003  2.806823175979618E-003
  -9.66000031250000       2.121716531655157E-003  2.909438202419801E-003
  -9.49200006944444       2.194941213091011E-003  3.002766660999881E-003
  -9.32399981944444       2.264109786492460E-003  3.090335439284698E-003
  -9.15600038888889       2.331158038369726E-003  3.175230906183372E-003
  -8.98800013888889       2.393286722683285E-003  3.253858414211018E-003
  -8.81999989583333       2.453435239105700E-003  3.325719509440644E-003
  -8.65199965277778       2.509810692287335E-003  3.384227126126155E-003
  -8.48400021527778       2.562821740805148E-003  3.430972717417273E-003
  -8.31599997222222       2.612076334729172E-003  3.474207015428093E-003
  -8.14799972916667       2.660808617604960E-003  3.519235943994548E-003
  -7.98000029166667       2.707516896800623E-003  3.564710081410958E-003
  -7.81200004861111       2.749922919401566E-003  3.612515591089709E-003
  -7.64399980555556       2.792418767075245E-003  3.666291463228920E-003
  -7.47600036805556       2.830837661572102E-003  3.717553371749322E-003
  -7.30800012500000       2.868499999678228E-003  3.767026897159667E-003
  -7.13999988194444       2.906733652433757E-003  3.813909166068999E-003
  -6.97199963194444       2.944648531633986E-003  3.858245146806374E-003
  -6.80400019791667       2.984005535405709E-003  3.896808197512748E-003
  -6.63599995347222       3.023284584398469E-003  3.928351513356442E-003
  -6.46800011388889       3.060748875811370E-003  3.959885912310316E-003
  -6.29999986944444       3.093764437048503E-003  3.993016495128637E-003
  -6.13200002916667       3.122684418971241E-003  4.030434650737297E-003
  -5.96400018888889       3.146099153002521E-003  4.068319315966054E-003
  -5.79599994444444       3.164575112435310E-003  4.103733466559937E-003
  -5.62800010416667       3.176456407928546E-003  4.129967788004747E-003
  -5.45999985972222       3.184385730588376E-003  4.142714123236241E-003
  -5.29200001944444       3.186027455147403E-003  4.142870000195417E-003
  -5.12400017916667       3.183115084889419E-003  4.130267325976048E-003
  -4.95599993472222       3.177154598822916E-003  4.109507331590076E-003
  -4.78800009444444       3.166160268947176E-003  4.086513359533602E-003
  -4.61999985000000       3.151727072175096E-003  4.061623732510561E-003
  -4.45200000972222       3.135807605880446E-003  4.037805560148808E-003
  -4.28400016944444       3.115961903809671E-003  4.013419761490947E-003
  -4.11599992500000       3.095437176196709E-003  3.993603534888476E-003
  -3.94800008541667       3.073018875647481E-003  3.976687842666107E-003
  -3.77999984097222       3.050776265635716E-003  3.962949526977153E-003
  -3.61200000069444       3.027818194140281E-003  3.949908760541286E-003
  -3.44400016041667       3.004420078003625E-003  3.935555174825423E-003
  -3.27599991597222       2.981032761441428E-003  3.918186460743572E-003
  -3.10800007569444       2.959211948801312E-003  3.897212904567394E-003
  -2.94000003333333       2.937568705651115E-003  3.873000312411500E-003
  -2.77199999097222       2.918303099590417E-003  3.847046498594937E-003
  -2.60399994861111       2.899988818599090E-003  3.819959750627946E-003
  -2.43599990625000       2.883586151639900E-003  3.792927562316016E-003
  -2.26800006597222       2.869559418560896E-003  3.767035417773039E-003
  -2.10000002361111       2.857154175146797E-003  3.742222226879687E-003
  -1.93199998125000       2.846364576696874E-003  3.719191740433208E-003
  -1.76399993888889       2.836376551763229E-003  3.699810465099645E-003
  -1.59599999791667       2.826611053074487E-003  3.684022287186164E-003
  -1.42799995555556       2.817247093336097E-003  3.671517950064830E-003
  -1.26000001458333       2.807448384473997E-003  3.659656993623507E-003
  -1.09199997222222       2.798239997292444E-003  3.647455148778231E-003
 -0.924000030555556       2.788135967818650E-003  3.634214603697293E-003
 -0.755999988194444       2.778662614938478E-003  3.618849992233722E-003
 -0.587999996527778       2.769579507820656E-003  3.601611320521190E-003
 -0.420000004722222       2.761786828200939E-003  3.583852276970132E-003
 -0.251999987708333       2.754908200377035E-003  3.566313561805384E-003
 -8.400000222222222E-002  2.749969113338241E-003  3.550942413062108E-003
  8.400000222222222E-002  2.746738500691200E-003  3.537584083490092E-003
  0.251999987708333       2.746640654865130E-003  3.526053935272537E-003
  0.420000004722222       2.750705147688795E-003  3.517492532629936E-003
  0.587999996527778       2.759344902663616E-003  3.512668638375269E-003
  0.755999988194444       2.773448658777473E-003  3.513761280567724E-003
  0.924000030555556       2.794433694289599E-003  3.522255606945031E-003
   1.09199997222222       2.822548410428427E-003  3.539241049219408E-003
   1.26000001458333       2.860297072798089E-003  3.566537951711561E-003
   1.42799995555556       2.907520002677164E-003  3.606711312881067E-003
   1.59599999791667       2.968101947381758E-003  3.662443092762972E-003
   1.76399993888889       3.043558736240185E-003  3.738812464277800E-003
   1.93199998125000       3.138606140752280E-003  3.843792568348975E-003
   2.10000002361111       3.256265478099996E-003  3.982215855502378E-003
   2.26800006597222       3.402201640737228E-003  4.181422602903562E-003
   2.43599990625000       3.582472142020249E-003  4.473215871967219E-003
   2.60399994861111       3.807128543008824E-003  4.788811755459357E-003
   2.77199999097222       4.091242012372804E-003  5.021247919922252E-003
   2.94000003333333       4.441613224697241E-003  5.338828530889271E-003
   3.10800007569444       4.852644780604408E-003  5.846933708624273E-003
   3.27599991597222       5.439279440501780E-003  6.395870407736580E-003
   3.44400016041667       6.156262925330109E-003  6.937969036988519E-003
   3.61200000069444       6.873984214739852E-003  7.731379585287539E-003
   3.77999984097222       7.886125217312211E-003  8.923993943147638E-003
   3.94800008541667       9.257792805094273E-003  1.038656710206933E-002
   4.11599992500000       1.081064317955164E-002  1.170992611293412E-002
   4.28400016944444       1.240913935229889E-002  1.295219502977398E-002
   4.45200000972222       1.396838470311472E-002  1.450636725696885E-002
   4.61999985000000       1.590380212538586E-002  1.646354685680171E-002
   4.78800009444444       1.828367875929468E-002  1.882196235692322E-002
   4.95599993472222       2.082459152732454E-002  2.148316841570989E-002
   5.12400017916667       2.376983945283341E-002  2.437729711279004E-002
   5.29200001944444       2.747428098650602E-002  2.788185263393736E-002
   5.45999985972222       3.178281183413290E-002  3.200532726071135E-002
   5.62800010416667       3.642941863960077E-002  3.599370542298189E-002
   5.79599994444444       4.139011700977226E-002  3.980356617570997E-002
   5.96400018888889       4.647622156652830E-002  4.407910309449893E-002
   6.13200002916667       5.171158328692040E-002  4.901386348586983E-002
   6.29999986944444       5.681056064376581E-002  5.426905185489925E-002
   6.46800011388889       6.178560496297597E-002  5.898133419890526E-002
   6.63599995347222       6.710571396452128E-002  6.344588026227693E-002
   6.80400019791667       7.249235011819360E-002  6.827918033533217E-002
   6.97199963194444       7.763200524365216E-002  7.383343248057928E-002
   7.13999988194444       8.265788128973968E-002  7.925939249014657E-002
   7.30800012500000       8.788166181219240E-002  8.420474365318108E-002
   7.47600036805556       9.324745179603731E-002  8.918683333084222E-002
   7.64399980555556       9.869247157583561E-002  9.447542520869993E-002
   7.81200004861111       0.104493659573950       9.986359792992516E-002
   7.98000029166667       0.110432100549166       0.105111592211792     
   8.14799972916667       0.115811651750553       0.109856872347800     
   8.31599997222222       0.120352914361508       0.113965430059460     
   8.48400021527778       0.124623259476725       0.117719937703035     
   8.65199965277778       0.128475152262456       0.121774879621587     
   8.81999989583333       0.131644105636472       0.126222574852327     
   8.98800013888889       0.134740325970476       0.130048111822636     
   9.15600038888889       0.137835312112396       0.133250755201387     
   9.32399981944444       0.140909908926959       0.135744266649477     
   9.49200006944444       0.143475693135063       0.138437631378840     
   9.66000031250000       0.145348709711102       0.141014740661128     
   9.82799975000000       0.146881417824846       0.143375209745041     
   9.99599999305556       0.148232937879110       0.145560262702875     
   10.1640002361111       0.149495195380410       0.146711858709337     
   10.3319996736111       0.150228160205254       0.146942120041003     
   10.4999999166667       0.150597666217090       0.146518014757313     
   10.6680001597222       0.150134363308739       0.145950534973679     
   10.8359995972222       0.149589288778072       0.145186853647141     
   11.0039998402778       0.148858544837860       0.143918952979754     
   11.1720000833333       0.147667672294383       0.142631252599196     
   11.3400003333333       0.146387648334319       0.141601357155763     
   11.5079997638889       0.144853807623440       0.140293656578343     
   11.6760000138889       0.143101461659088       0.138243903917545     
   11.8440002569444       0.141423025506359       0.136150250660518     
   12.0119996944444       0.139393774057000       0.134085657084918     
   12.1799999375000       0.136550385026879       0.132445588970186     
   12.3480001805556       0.133899046779341       0.130372852773917     
   12.5159996180556       0.131082973844397       0.127419378715746     
   12.6839998611111       0.127937532113854       0.123842204978063     
   12.8520001041667       0.124103128098856       0.119769764535665     
   13.0200003472222       0.119830974311758       0.116063586360259     
   13.1879997847222       0.115978055032775       0.112344569068698     
   13.3560000277778       0.111683926437610       0.108534105290496     
   13.5240002708333       0.107442319941200       0.104580438633076     
   13.6920005208333       0.103332137854028       0.100327837672770     
   13.8600007638889       9.923275306498978E-002  9.654062029482595E-002
   14.0279993888889       9.499627329588475E-002  9.304404097587982E-002
   14.1959996319444       9.049804196365360E-002  8.897160072578707E-002
   14.3639998819444       8.613404775359700E-002  8.436481815987916E-002
   14.5320001250000       8.155934503329641E-002  7.958429470315978E-002
   14.7000003680556       7.698252143584912E-002  7.478744160279334E-002
   14.8680006111111       7.233894543673039E-002  7.038531459124499E-002
   15.0359992430556       6.756639362700056E-002  6.594128513336228E-002
   15.2039994861111       6.276677290543305E-002  6.147069325004124E-002
   15.3719997291667       5.856695727928494E-002  5.747803902852239E-002
   15.5399999722222       5.441538665754674E-002  5.413519915129654E-002
   15.7080002152778       5.033241786132107E-002  5.026228806308207E-002
   15.8760004652778       4.629752153780024E-002  4.626415612548320E-002
   16.0440007083333       4.251223675229467E-002  4.248337972459882E-002
   16.2119993333333       3.904340280097389E-002  3.903531354063344E-002
   16.3799995763889       3.601295800571550E-002  3.593109138222468E-002
   16.5479998263889       3.315517658504341E-002  3.288663917013926E-002
   16.7160000694444       3.026294991470293E-002  3.001996676830182E-002
   16.8840003125000       2.733151678665763E-002  2.731850447231345E-002
   17.0520005555556       2.487336069201501E-002  2.490389983253728E-002
   17.2200007986111       2.282753523292584E-002  2.250105988686638E-002
   17.3879994305556       2.096081088066016E-002  2.016669339742120E-002
   17.5559996736111       1.903885848136241E-002  1.777502674637838E-002
   17.7239999166667       1.685575934687314E-002  1.566236380829938E-002
   17.8920001597222       1.473397786055271E-002  1.388871424847786E-002
   18.0600004097222       1.308326547829766E-002  1.235465102130876E-002
   18.2280006527778       1.181261485941256E-002  1.063498208679521E-002
   18.3959992777778       1.076635698615609E-002  9.107915676727054E-003
   18.5639995208333       9.811515292988064E-003  8.067423468156016E-003
   18.7319997638889       8.663635252790462E-003  7.357612046691385E-003
   18.9000000138889       7.605091799362562E-003  6.644693356673327E-003
   19.0680002569444       6.736150277235333E-003  5.804994646610884E-003
   19.2360005000000       6.145934715832475E-003  5.072293917757513E-003
   19.4040007430556       5.455442707144089E-003  4.441248449006168E-003
   19.5719993750000       4.874835610991325E-003  3.899750335102846E-003
   19.7399996180556       4.471057086003985E-003  3.439294097853620E-003
   19.9079998611111       3.792502976393142E-003  3.084173251854809E-003
   20.0760001041667       3.216408555678638E-003  2.858505768667758E-003
   20.2440003472222       2.912417461227098E-003  2.607704722024683E-003
   20.4120005972222       2.621129172292167E-003  2.412327432506686E-003
   20.5799992222222       2.386776982317937E-003  2.286960077518379E-003
   20.7479994652778       2.196113263995325E-003  2.206287902728699E-003
   20.9159997083333       2.048299888684893E-003  2.118273920613858E-003
   21.0839999583333       1.931395291875226E-003  2.036142285624299E-003
   21.2520002013889       1.831799214610404E-003  1.976849912032443E-003
   21.4200004444444       1.754460004412676E-003  1.931515494074749E-003
   21.5880006875000       1.694691075420929E-003  1.892480762430091E-003
   21.7559993194444       1.648222365093942E-003  1.858306724742950E-003
   21.9239995625000       1.611761387211704E-003  1.827776853800515E-003
   22.0919998055556       1.583321962474003E-003  1.802963961474547E-003
   22.2600000486111       1.560697116793036E-003  1.782187002699537E-003
   22.4280002916667       1.542476144314977E-003  1.767588178430979E-003
   22.5960005416667       1.527647272373373E-003  1.758946313322146E-003
   22.7640007847222       1.515616959143113E-003  1.755039070216688E-003
   22.9319994097222       1.505301465179803E-003  1.753407260560235E-003
   23.0999996527778       1.496590575474538E-003  1.754320925466561E-003
   23.2679999027778       1.488587272360191E-003  1.756286849098723E-003
   23.4360001458333       1.480833631035363E-003  1.758512475021769E-003
   23.6040003888889       1.472961062789710E-003  1.759900304114114E-003
   23.7720006319444       1.464889337703095E-003  1.761849194284524E-003
   23.9399992569444       1.456057697295361E-003  1.763893165271944E-003
   24.1079995069444       1.447670742888032E-003  1.765792898212551E-003
   24.2759997500000       1.439393147240720E-003  1.766217709539224E-003
   24.4439999930556       1.431838235567749E-003  1.765708478469200E-003
   24.6120002361111       1.425676240433333E-003  1.764944509259080E-003
   24.7800004791667       1.421720237061922E-003  1.763534505383971E-003
   24.9480007291667       1.419269021699244E-003  1.762903763498367E-003
   25.1159993541667       1.418648006316377E-003  1.762503464095516E-003
   25.2839995972222       1.419412806689100E-003  1.763652190542530E-003
   25.4519998402778       1.420755852827764E-003  1.763645635433297E-003
   25.6200000902778       1.421774238508609E-003  1.762862564800948E-003
   25.7880003333333       1.422506189150098E-003  1.760046824034174E-003
   25.9560005763889       1.422335990593677E-003  1.757848131675153E-003
   26.1239992013889       1.421615480751883E-003  1.756137149762545E-003
   26.2919994513889       1.420817596780806E-003  1.755616162439871E-003
   26.4599996944444       1.420267549704165E-003  1.756064425030306E-003
   26.6279999375000       1.419403320509824E-003  1.756963703949674E-003
   26.7960001805556       1.418551700081421E-003  1.758294355538072E-003
   26.9640004236111       1.416499625201691E-003  1.758446268623007E-003
   27.1320006736111       1.414043111217707E-003  1.758476974459329E-003
   27.3000009166667       1.410685969898683E-003  1.758370004544485E-003
   27.4680011597222       1.406635743656833E-003  1.757751646366053E-003
   27.6360014027778       1.401407560578818E-003  1.757763948936726E-003
   27.8039984166667       1.395557056092654E-003  1.756340282029593E-003
   27.9719986597222       1.388875191120721E-003  1.753507087211360E-003
   28.1399989027778       1.382537509270653E-003  1.748601634214147E-003
   28.3079991458333       1.376934538334189E-003  1.742392167589333E-003
   28.4759993958333       1.373052062737035E-003  1.734336052045396E-003
   28.6439996388889       1.370746847434809E-003  1.726542734955559E-003
   28.8119998819444       1.369721503267492E-003  1.717262396348921E-003
   28.9800001250000       1.369356839740483E-003  1.706485598773591E-003
   29.1480003680556       1.367875935624077E-003  1.694321459427067E-003
   29.3160006111111       1.365831369783021E-003  1.682710837579747E-003
   29.4840008611111       1.361888830417777E-003  1.673225688100839E-003
   29.6520011041667       1.357244029979622E-003  1.666687284201144E-003
   29.8200013472222       1.351453835805479E-003  1.662841187594994E-003
   29.9880015902778       1.345804224078373E-003  1.659852176357858E-003
   30.1559986041667       1.340549015107333E-003  1.655196055754921E-003
   30.3239988472222       1.334859975484908E-003  1.649095091858381E-003
   30.4919990902778       1.330162971714538E-003  1.642188833812497E-003
   30.6599993333333       1.324815025165768E-003  1.637755315128021E-003
   30.8279995833333       1.320519570195359E-003  1.636174449155218E-003
   30.9959998263889       1.314344907039646E-003  1.637120975492723E-003
   31.1640000694444       1.309496429895721E-003  1.637952287150851E-003
   31.3320003125000       1.302393101441656E-003  1.637302240764924E-003
   31.5000005555556       1.296438615641578E-003  1.633777930450899E-003
   31.6680008055556       1.288936646287462E-003  1.627640553477253E-003
   31.8360010486111       1.282061073327314E-003  1.618405891665815E-003
   32.0040012916667       1.273810684222761E-003  1.606672385317193E-003
   32.1720015347222       1.264378828273857E-003  1.593391735148355E-003
   32.3399985486111       1.253919830004711E-003  1.580976090440682E-003
   32.5079987916667       1.241921273395114E-003  1.568889784073893E-003
   32.6759990347222       1.230583600473643E-003  1.557525279272617E-003
   32.8439992777778       1.218035377787814E-003  1.545402014873168E-003
   33.0119995277778       1.208405402597213E-003  1.533361099197010E-003
   33.1799997708333       1.198787414299800E-003  1.520937408351279E-003
   33.3480000138889       1.192153922808009E-003  1.508496060349317E-003
   33.5160002569444       1.185297554792972E-003  1.496231789668280E-003
   33.6840005000000       1.179757648223682E-003  1.484775536401946E-003
   33.8520007500000       1.172429359763875E-003  1.474896039620962E-003
   34.0200009930556       1.164810673787543E-003  1.465521894525955E-003
   34.1880012361111       1.155806297149218E-003  1.457509566195042E-003
   34.3560014791667       1.146395161619996E-003  1.449781986015521E-003
   34.5239984930556       1.136924547630200E-003  1.444431922910704E-003
   34.6919987361111       1.127585178576691E-003  1.439233072654982E-003
   34.8599989791667       1.118661047513823E-003  1.436274725646576E-003
   35.0279992222222       1.109140685203693E-003  1.430617162560818E-003
   35.1959994652778       1.099785813584957E-003  1.425297408890714E-003
   35.3639997152778       1.090102114713868E-003  1.416734847018267E-003
   35.5319999583333       1.080538002708734E-003  1.407442875237532E-003
   35.7000002013889       1.071485359759324E-003  1.394877366158849E-003
   35.8680004444444       1.062713348488857E-003  1.382490829287535E-003
   36.0360006875000       1.054406447217213E-003  1.369389019832878E-003
   36.2040009375000       1.045153054753010E-003  1.356209229383090E-003
   36.3720011805556       1.035849564219656E-003  1.343317906311445E-003
   36.5400014236111       1.024479901110604E-003  1.330873361810248E-003
   36.7079984375000       1.012501851354353E-003  1.319937979595047E-003
   36.8759986805556       9.987226992338976E-004  1.309861300792049E-003
   37.0439989236111       9.856519912923582E-004  1.299877321331007E-003
   37.2119991666667       9.718777445928666E-004  1.289320416105231E-003
   37.3799994097222       9.600874709481216E-004  1.277150206526459E-003
   37.5479996597222       9.491677603803271E-004  1.263942614706083E-003
   37.7159999027778       9.397133926861707E-004  1.249499961411532E-003
   37.8840001458333       9.312733194298915E-004  1.235381228854574E-003
   38.0520003888889       9.236448094282825E-004  1.221455742186058E-003
   38.2200006319444       9.173171347297539E-004  1.208914366042382E-003
   38.3880008819444       9.115136934425129E-004  1.198236068571310E-003
   38.5560011250000       9.065204345686036E-004  1.188580360679362E-003
   38.7240013680556       9.007202860022508E-004  1.181065230936579E-003
   38.8920016111111       8.943599469593494E-004  1.172677932539611E-003
   39.0599986250000       8.859717713544347E-004  1.165140718757291E-003
   39.2279988680556       8.762051155282482E-004  1.154801575031629E-003
   39.3959991111111       8.651288069219232E-004  1.144146871475861E-003
   39.5639993541667       8.526245371096693E-004  1.130711142983649E-003
   39.7319995972222       8.401714047379095E-004  1.118147614745806E-003
   39.8999998472222       8.271424739376809E-004  1.103758078637844E-003
   40.0680000902778       8.162611627999511E-004  1.090182024587538E-003
   40.2360003333333       8.054269982898573E-004  1.075587186323542E-003
   40.4040005763889       7.967037205273569E-004  1.062441960561043E-003
   40.5720008194444       7.880388244815145E-004  1.049960397700480E-003
   40.7400010694444       7.804175311305615E-004  1.039700287521606E-003
   40.9080013125000       7.731875831316936E-004  1.030793038935303E-003
   41.0760015555556       7.657341214567830E-004  1.022987277664361E-003
   41.2439985694444       7.586783904092243E-004  1.016174014386040E-003
   41.4119988125000       7.505541620911116E-004  1.009346830740530E-003
   41.5799990555556       7.431324138672187E-004  1.002919754389034E-003
   41.7479992986111       7.340752807028558E-004  9.965098120788877E-004
   41.9159995416667       7.258161458602851E-004  9.907972337537252E-004
   42.0839997916667       7.163487872653699E-004  9.838322884684375E-004
   42.2520000347222       7.079175162217352E-004  9.750355456429750E-004
   42.4200002777778       6.998239951850226E-004  9.641161371359969E-004
   42.5880005208333       6.925577974695420E-004  9.529749449959409E-004
   42.7560007638889       6.864341268455854E-004  9.416334542785117E-004
   42.9240010138889       6.803743098435283E-004  9.309684370164145E-004
   43.0920012569444       6.753437299115982E-004  9.195187417662154E-004
   43.2600015000000       6.691822969561067E-004  9.081556312086990E-004
   43.4279985138889       6.625635658712439E-004  8.971820352450874E-004
   43.5959987569444       6.544513338719875E-004  8.863250871038079E-004
   43.7639990000000       6.447277432856333E-004  8.763613343024788E-004
   43.9319992430556       6.347282679774398E-004  8.665926976313357E-004
   44.0999994861111       6.232561625277695E-004  8.576757470290983E-004
   44.2679997361111       6.134483873422330E-004  8.490931400158924E-004
   44.4359999791667       6.037924241669961E-004  8.414430305516746E-004
   44.6040002222222       5.967928480854054E-004  8.352409722484350E-004
   44.7720004652778       5.899867207377250E-004  8.290211437094125E-004
   44.9400007083333       5.853558443991547E-004  8.234417730102182E-004
   45.1080009513889       5.808541053707639E-004  8.155608373240992E-004
   45.2760012013889       5.766589404749288E-004  8.082953286929443E-004
   45.4440014444444       5.724007772153673E-004  7.997108783386067E-004
   45.6119984513889       5.670898309046612E-004  7.915666569709370E-004
   45.7799987013889       5.615332155105779E-004  7.825218193858340E-004
   45.9479989444444       5.542494026630206E-004  7.742808979894429E-004
   46.1159991875000       5.473322498743699E-004  7.666214291496648E-004
   46.2839994305556       5.398575311774597E-004  7.598229695724852E-004
   46.4519996736111       5.336152789035204E-004  7.539857955956613E-004
   46.6199999236111       5.280802388348540E-004  7.480877606859010E-004
   46.7880001666667       5.237843673067968E-004  7.416935840578624E-004
   46.9560004097222       5.204568999611683E-004  7.349381452634605E-004
   47.1240006527778       5.177028690052819E-004  7.279268162231947E-004
   47.2920008958333       5.150107991639961E-004  7.212842345158070E-004
   47.4600011458333       5.120938794174263E-004  7.159986422693204E-004
   47.6280013888889       5.088853398083317E-004  7.115897823827862E-004
   47.7959983958333       5.055248966973780E-004  7.074656164837751E-004
   47.9639986458333       5.018607893409778E-004  7.037097205380556E-004
   48.1319988888889       4.984165283602117E-004  7.001841711062515E-004
   48.2999991319444       4.945849085827541E-004  6.971650051883349E-004
   48.4679993750000       4.913191599982721E-004  6.939673884347001E-004
   48.6359996180556       4.878039227060607E-004  6.900050229925234E-004
   48.8039998680556       4.847129610433082E-004  6.850744530256061E-004
   48.9720001111111       4.814210515326570E-004  6.790281652707949E-004
   49.1400003541667       4.781849491110701E-004  6.724773715889923E-004
   49.3080005972222       4.739684371815574E-004  6.648271183185590E-004
   49.4760008402778       4.696028739914727E-004  6.564623031108979E-004
   49.6440010902778       4.643749829146535E-004  6.484177649371653E-004
   49.8120013333333       4.587474448208146E-004  6.399182480804257E-004
   49.9800015763889       4.522164367745474E-004  6.332976667653404E-004
   50.1479985833333       4.452490029611217E-004  6.268417299765487E-004
   50.3159988333333       4.380654382736165E-004  6.212628494727587E-004
   50.4839990763889       4.308143061717870E-004  6.154143581311194E-004
   50.6519993194444       4.247808289675235E-004  6.092111679758496E-004
   50.8199995625000       4.184307084393791E-004  6.030684959752070E-004
   50.9879998055556       4.138145643910307E-004  5.954408501640794E-004
   51.1560000555556       4.080730923753781E-004  5.884586239364156E-004
   51.3240002986111       4.035649207576241E-004  5.792143102462805E-004
   51.4920005416667       3.978242842666028E-004  5.713549633900548E-004
   51.6600007847222       3.929715388517057E-004  5.629732037507653E-004
   51.8280010277778       3.873996539626261E-004  5.556958138280753E-004
   51.9960012777778       3.820136558565978E-004  5.487644566435024E-004
   52.1640015208333       3.771946272745298E-004  5.432235061554807E-004
   52.3319985277778       3.715781830977126E-004  5.384737165965338E-004
   52.4999987777778       3.678522715640569E-004  5.350176184529062E-004
   52.6679990208333       3.634329250990943E-004  5.330531794538399E-004
   52.8359992638889       3.618701559170507E-004  5.328753747910804E-004
   53.0039995069444       3.594886326348001E-004  5.340054055174184E-004
   53.1719997500000       3.597580850213488E-004  5.362773444886941E-004
   53.3400000000000       3.592206582538709E-004  5.381843394586665E-004
   53.5080002430556       3.599218986163080E-004  5.397065391754386E-004
   53.6760004861111       3.611662964383182E-004  5.410429284829317E-004
   53.8440007291667       3.621412516309613E-004  5.419722711865408E-004
   54.0120009722222       3.645383015238591E-004  5.431782495069160E-004
   54.1800012222222       3.661194010970439E-004  5.451376383299394E-004
   54.3480014652778       3.688487214541628E-004  5.466924118017737E-004
   54.5160017083333       3.707264900811357E-004  5.484442418991890E-004
   54.6840019513889       3.730775073545933E-004  5.489776538994771E-004
   54.8520021944444       3.747182551337213E-004  5.497625457088942E-004
   55.0200024444444       3.754665109053271E-004  5.488002690314730E-004
   55.1880026875000       3.751653938043250E-004  5.474024135749778E-004
   55.3560029305556       3.725679762595385E-004  5.431105453715222E-004
   55.5240031736111       3.683554950210543E-004  5.362143492165168E-004
   55.6919969513889       3.617040402770103E-004  5.264815303675574E-004
   55.8599971944444       3.537978176966360E-004  5.142728060249768E-004
   56.0279974375000       3.437111335212587E-004  5.007004175850844E-004
   56.1959976875000       3.330961177811472E-004  4.856182261916395E-004
   56.3639979305556       3.208584563382292E-004  4.706843669689200E-004
   56.5319981736111       3.083023010348693E-004  4.539574840165737E-004
   56.6999984166667       2.951728574832958E-004  4.381442333564800E-004
   56.8679986597222       2.823709218412604E-004  4.213430132151098E-004
   57.0359989097222       2.704431319834617E-004  4.062394023618198E-004
   57.2039991527778       2.590988505131169E-004  3.918153527587222E-004
   57.3719993958333       2.503876152817351E-004  3.805648750390760E-004
   57.5399996388889       2.426364137205094E-004  3.724813568129654E-004
   57.7079998819444       2.387899479311027E-004  3.678476845101264E-004
   57.8760001319444       2.376087258018062E-004  3.680943799359225E-004
   58.0440003750000       2.413622934547690E-004  3.707951684125130E-004
   58.2120006180556       2.483286522474229E-004  3.793521920456542E-004
   58.3800008611111       2.598549785454653E-004  3.893185295224976E-004
   58.5480011041667       2.745718873024182E-004  4.044374391774952E-004
   58.7160013541667       2.922363258140889E-004  4.204072371530994E-004
   58.8840015972222       3.122045257860104E-004  4.417258269511025E-004
   59.0520018402778       3.335907550033917E-004  4.659636494241572E-004
   59.2200020833333       3.559228194226735E-004  4.955133280768217E-004
   59.3880023263889       3.776108871412530E-004  5.295642103570477E-004
   59.5560025763889       3.985256084563041E-004  5.662229147272317E-004
   59.7240028194444       4.155171809998075E-004  5.997896463086840E-004
   59.8920030625000       4.294203287937335E-004  6.299289798941472E-004
   60.0599968402778       4.395351431950416E-004  6.498484099292602E-004
