  -60.0599968402778       0.000000000000000E+000  0.000000000000000E+000
  -59.8920030625000       1.912527381000000E-014  6.762458296000000E-014
  -59.7240028194444       2.253127968000000E-014  6.370080787000000E-014
  -59.5560025763889       1.900643847000000E-014  4.946376967000000E-014
  -59.3880023263889       1.592387551000000E-014  4.105241063000000E-014
  -59.2200020833333       1.247088556000000E-014  3.439139097000000E-014
  -59.0520018402778       1.058282117000000E-014  2.914932428000000E-014
  -58.8840015972222       1.070937298000000E-014  2.702621079000000E-014
  -58.7160013541667       1.031637595000000E-014  2.601662545000000E-014
  -58.5480011041667       8.373440762000000E-015  2.254839653000000E-014
  -58.3800008611111       6.708620797000000E-015  1.745488926000000E-014
  -58.2120006180556       6.283417034000000E-015  1.492177286000000E-014
  -58.0440003750000       5.799103500000000E-015  1.416583915000000E-014
  -57.8760001319444       4.541750853000000E-015  1.203147791000000E-014
  -57.7079998819444       3.583687980000000E-015  9.587792087999999E-015
  -57.5399996388889       3.502462390000000E-015  8.897364520999999E-015
  -57.3719993958333       3.497287019000000E-015  8.859131995000000E-015
  -57.2039991527778       2.998068035000000E-015  7.711548041000000E-015
  -57.0359989097222       2.365386092000000E-015  5.983861715000000E-015
  -56.8679986597222       1.993911958000000E-015  4.985988717000000E-015
  -56.6999984166667       1.746337145000000E-015  4.533229701000000E-015
  -56.5319981736111       1.371709295000000E-015  3.781322366000000E-015
  -56.3639979305556       9.836866784999999E-016  2.858967860000000E-015
  -56.1959976875000       8.402697597000000E-016  2.415398094000000E-015
  -56.0279974375000       8.702185684000000E-016  2.394120202000000E-015
  -55.8599971944444       7.980048274000000E-016  2.217608701000000E-015
  -55.6919969513889       5.950853264000000E-016  1.768910679000000E-015
  -55.5240031736111       4.269938350000000E-016  1.367409227000000E-015
  -55.3560029305556       3.256090470000000E-016  1.099091953000000E-015
  -55.1880026875000       2.314432825000000E-016  8.653051949000000E-016
  -55.0200024444444       1.670377295000000E-016  7.232753456000000E-016
  -54.8520021944444       1.626792685000000E-016  7.187773889000000E-016
  -54.6840019513889       1.729524150000000E-016  7.349534418000000E-016
  -54.5160017083333       1.535988900000000E-016  6.809076576000000E-016
  -54.3480014652778       1.156969185000000E-016  5.864661309000000E-016
  -54.1800012222222       8.644046666000000E-017  5.110074067000000E-016
  -54.0120009722222       7.271442348000000E-017  4.769703406000000E-016
  -53.8440007291667       6.757966343000000E-017  4.717860226000000E-016
  -53.6760004861111       6.721658408000000E-017  4.815642768000000E-016
  -53.5080002430556       7.025721398000001E-017  5.038174205000000E-016
  -53.3400000000000       7.038255501000000E-017  5.226611507000000E-016
  -53.1719997500000       6.362781135999999E-017  5.188309207000000E-016
  -53.0039995069444       5.574718226000000E-017  5.009191384000000E-016
  -52.8359992638889       5.258833501000000E-017  4.827349292000000E-016
  -52.6679990208333       5.319663701000000E-017  4.624599780000000E-016
  -52.4999987777778       5.497089310000000E-017  4.396139907000000E-016
  -52.3319985277778       5.648809785999999E-017  4.175986250000000E-016
  -52.1640015208333       5.702278740000000E-017  3.988534153000000E-016
  -51.9960012777778       5.712189026000000E-017  3.878573924000000E-016
  -51.8280010277778       5.775378346000000E-017  3.866400737000000E-016
  -51.6600007847222       5.910315326000000E-017  3.920376323000000E-016
  -51.4920005416667       6.090147038000000E-017  4.007260199000000E-016
  -51.3240002986111       6.293268186000000E-017  4.115183578000000E-016
  -51.1560000555556       6.503338974999999E-017  4.233557227000000E-016
  -50.9879998055556       6.700812795000000E-017  4.337511992000000E-016
  -50.8199995625000       6.863750169999999E-017  4.396174847000000E-016
  -50.6519993194444       6.979079662000000E-017  4.395497485000000E-016
  -50.4839990763889       7.056139807000000E-017  4.354766583000000E-016
  -50.3159988333333       7.130442464000000E-017  4.324454714000000E-016
  -50.1479985833333       7.255499599000000E-017  4.369322844000000E-016
  -49.9800015763889       7.488063745000000E-017  4.549470605000000E-016
  -49.8120013333333       7.871585043000000E-017  4.908504049000000E-016
  -49.6440010902778       8.420316809000001E-017  5.466754877000000E-016
  -49.4760008402778       9.107230089000000E-017  6.213321776000000E-016
  -49.3080005972222       9.862275258000000E-017  7.103736045000000E-016
  -49.1400003541667       1.058954767000000E-016  8.082361384000000E-016
  -48.9720001111111       1.120798363000000E-016  9.125610042000000E-016
  -48.8039998680556       1.170838555000000E-016  1.025084355000000E-015
  -48.6359996180556       1.220290986000000E-016  1.082757346000000E-015
  -48.4679993750000       1.293181082000000E-016  5.367356090000000E-016
  -48.2999991319444       1.420000708000000E-016  1.079028495000000E-015
  -48.1319988888889       1.052084337000000E-016  1.807341940000000E-015
  -47.9639986458333       1.174482914000000E-016  2.451187141000000E-015
  -47.7959983958333       2.210473824000000E-016  3.105229561000000E-015
  -47.6280013888889       2.615770355000000E-016  3.580177028000000E-015
  -47.4600011458333       2.937042540000000E-016  3.711985943000000E-015
  -47.2920008958333       3.186931288000000E-016  3.570752092000000E-015
  -47.1240006527778       3.361400753000000E-016  3.305145642000000E-015
  -46.9560004097222       3.479907015000000E-016  3.196996475000000E-015
  -46.7880001666667       3.573076668000000E-016  3.293641876000000E-015
  -46.6199999236111       3.681082634000000E-016  3.548818598000000E-015
  -46.4519996736111       3.792261267000000E-016  4.123691389000000E-015
  -46.2839994305556       3.802971204000000E-016  4.711707590000000E-015
  -46.1159991875000       3.706861817000000E-016  5.153789755000000E-015
  -45.9479989444444       3.557425088000000E-016  5.566453619000000E-015
  -45.7799987013889       3.470843762000000E-016  6.008721285000000E-015
  -45.6119984513889       3.510224442000000E-016  6.442301780000000E-015
  -45.4440014444444       3.592136233000000E-016  6.838625955000000E-015
  -45.2760012013889       3.701265576000000E-016  7.385584351999999E-015
  -45.1080009513889       3.828637891000000E-016  7.691159958000000E-015
  -44.9400007083333       3.979242466000000E-016  7.812798123999999E-015
  -44.7720004652778       4.142467039000000E-016  8.005982623000000E-015
  -44.6040002222222       4.255273298000000E-016  8.395256942000000E-015
  -44.4359999791667       4.371275784000000E-016  8.902196844000000E-015
  -44.2679997361111       4.603615598000000E-016  9.360160454000000E-015
  -44.0999994861111       4.845644145000000E-016  9.721331067000000E-015
  -43.9319992430556       5.084888072000000E-016  9.715120620999999E-015
  -43.7639990000000       5.310747819000000E-016  9.566980488000001E-015
  -43.5959987569444       5.493531706000000E-016  9.616233760000001E-015
  -43.4279985138889       5.618554298000000E-016  9.818954155000001E-015
  -43.2600015000000       5.716873118000000E-016  1.007762785000000E-014
  -43.0920012569444       5.843928590000000E-016  1.046035207000000E-014
  -42.9240010138889       6.018241088000000E-016  1.090861122000000E-014
  -42.7560007638889       6.271284769000000E-016  1.102989871000000E-014
  -42.5880005208333       6.537084767000000E-016  1.082853527000000E-014
  -42.4200002777778       6.779899996000000E-016  1.041414134000000E-014
  -42.2520000347222       6.956494190000000E-016  9.987997368000000E-015
  -42.0839997916667       6.954909179000000E-016  9.856426046000000E-015
  -41.9159995416667       6.583221064000000E-016  9.878614920999999E-015
  -41.7479992986111       5.621062575000000E-016  1.007773289000000E-014
  -41.5799990555556       4.699840658000000E-016  1.028827902000000E-014
  -41.4119988125000       7.130171943000000E-016  1.076234642000000E-014
  -41.2439985694444       1.194697515000000E-015  1.253873968000000E-014
  -41.0760015555556       1.380995529000000E-015  1.781020264000000E-014
  -40.9080013125000       1.407669020000000E-015  2.404980308000000E-014
  -40.7400010694444       1.440614896000000E-015  2.622548852000000E-014
  -40.5720008194444       1.497916357000000E-015  2.606418973000000E-014
  -40.4040005763889       1.590042096000000E-015  2.595102444000000E-014
  -40.2360003333333       1.729206962000000E-015  2.647364885000000E-014
  -40.0680000902778       1.925037803000000E-015  2.758228792000000E-014
  -39.8999998472222       2.179127994000000E-015  2.924306711000000E-014
  -39.7319995972222       2.483946776000000E-015  3.159553511000000E-014
  -39.5639993541667       2.831177980000000E-015  3.503746365000000E-014
  -39.3959991111111       3.227882473000000E-015  4.022127141000000E-014
  -39.2279988680556       3.709952640000000E-015  4.790789212000000E-014
  -39.0599986250000       4.340863013000000E-015  5.865428721000000E-014
  -38.8920016111111       5.194898382000000E-015  7.241507605000000E-014
  -38.7240013680556       6.338438600000000E-015  8.824911694000000E-014
  -38.5560011250000       7.822373831999999E-015  1.043332426000000E-013
  -38.3880008819444       9.678812554000000E-015  1.183623512000000E-013
  -38.2200006319444       1.189828113000000E-014  1.282266936000000E-013
  -38.0520003888889       1.437827078000000E-014  1.327079587000000E-013
  -37.8840001458333       1.687620482000000E-014  1.318920965000000E-013
  -37.7159999027778       1.902562885000000E-014  1.270954099000000E-013
  -37.5479996597222       2.044470211000000E-014  1.203257735000000E-013
  -37.3799994097222       2.089735821000000E-014  1.135459728000000E-013
  -37.2119991666667       2.041970956000000E-014  1.081009536000000E-013
  -37.0439989236111       1.933762327000000E-014  1.045340640000000E-013
  -36.8759986805556       1.816017124000000E-014  1.027575445000000E-013
  -36.7079984375000       1.739366064000000E-014  1.023569928000000E-013
  -36.5400014236111       1.735532054000000E-014  1.028164844000000E-013
  -36.3720011805556       1.806780738000000E-014  1.035935592000000E-013
  -36.2040009375000       1.928177161000000E-014  1.035926512000000E-013
  -36.0360006875000       2.055983083000000E-014  9.443177983000000E-014
  -35.8680004444444       2.101214134000000E-014  7.540506847000000E-014
  -35.7000002013889       1.827964016000000E-014  5.628837850000000E-014
  -35.5319999583333       1.346772645000000E-014  4.325298529000000E-014
  -35.3639997152778       1.018512142000000E-014  3.641244885000000E-014
  -35.1959994652778       9.054138461000001E-015  3.305954008000000E-014
  -35.0279992222222       8.969148022000000E-015  3.144713832000000E-014
  -34.8599989791667       8.970763314000000E-015  3.104774535000000E-014
  -34.6919987361111       8.927707782000000E-015  3.173643057000000E-014
  -34.5239984930556       9.091318125000001E-015  3.335037392000000E-014
  -34.3560014791667       9.607427158999999E-015  3.535252264000000E-014
  -34.1880012361111       1.043862059000000E-014  3.728901614000000E-014
  -34.0200009930556       1.137871705000000E-014  3.876773577000000E-014
  -33.8520007500000       1.214496169000000E-014  3.941103357000000E-014
  -33.6840005000000       1.241731497000000E-014  3.919294631000000E-014
  -33.5160002569444       1.203067238000000E-014  3.841968654000000E-014
  -33.3480000138889       1.108992455000000E-014  3.757937903000000E-014
  -33.1799997708333       9.889813544000000E-015  3.713672639000000E-014
  -33.0119995277778       8.863492521000000E-015  3.741440073000000E-014
  -32.8439992777778       8.372408229000001E-015  3.851819986000000E-014
  -32.6759990347222       8.512209323000000E-015  4.035336450000000E-014
  -32.5079987916667       9.145012391000001E-015  4.244514286000000E-014
  -32.3399985486111       1.001238514000000E-014  4.431372465000000E-014
  -32.1720015347222       1.089680697000000E-014  4.553075853000000E-014
  -32.0040012916667       1.158804684000000E-014  4.584805368000000E-014
  -31.8360010486111       1.189342848000000E-014  4.528812763000000E-014
  -31.6680008055556       1.171978757000000E-014  4.447325822000000E-014
  -31.5000005555556       1.111369145000000E-014  4.395505363000000E-014
  -31.3320003125000       1.041745917000000E-014  4.417476720000000E-014
  -31.1640000694444       1.001946972000000E-014  4.540597363000000E-014
  -30.9959998263889       1.014984249000000E-014  4.753316813000000E-014
  -30.8279995833333       1.071784754000000E-014  5.004782599000000E-014
  -30.6599993333333       1.147579973000000E-014  5.212104755000000E-014
  -30.4919990902778       1.225996758000000E-014  5.311810020000000E-014
  -30.3239988472222       1.295830305000000E-014  5.306600089000000E-014
  -30.1559986041667       1.334967039000000E-014  5.226422661000000E-014
  -29.9880015902778       1.323980683000000E-014  5.122871528000000E-014
  -29.8200013472222       1.258976833000000E-014  5.063044913000000E-014
  -29.6520011041667       1.168183456000000E-014  5.094523368000000E-014
  -29.4840008611111       1.096326602000000E-014  5.226552765000000E-014
  -29.3160006111111       1.078720683000000E-014  5.430209979000000E-014
  -29.1480003680556       1.110528888000000E-014  5.666957721000000E-014
  -28.9800001250000       1.159715922000000E-014  5.891000985000000E-014
  -28.8119998819444       1.210710185000000E-014  6.044013082000000E-014
  -28.6439996388889       1.258153433000000E-014  6.060169726999999E-014
  -28.4759993958333       1.296564090000000E-014  5.909295541000000E-014
  -28.3079991458333       1.307036297000000E-014  5.626976410000000E-014
  -28.1399989027778       1.268392706000000E-014  5.327013583000000E-014
  -27.9719986597222       1.179486603000000E-014  5.129064694000000E-014
  -27.8039984166667       1.079042132000000E-014  5.121205245000000E-014
  -27.6360014027778       1.021938220000000E-014  5.323820608000000E-014
  -27.4680011597222       1.029975886000000E-014  5.699358085999999E-014
  -27.3000009166667       1.080816328000000E-014  6.129812098000000E-014
  -27.1320006736111       1.143752146000000E-014  6.517289014000000E-014
  -26.9640004236111       1.206221080000000E-014  6.769712286000000E-014
  -26.7960001805556       1.262534795000000E-014  6.815351099000001E-014
  -26.6279999375000       1.299548441000000E-014  6.670004989000000E-014
  -26.4599996944444       1.297140411000000E-014  6.421047776000000E-014
  -26.2919994513889       1.236686822000000E-014  6.202637958000000E-014
  -26.1239992013889       1.138815808000000E-014  6.145373110000001E-014
  -25.9560005763889       1.052197371000000E-014  6.306501816000000E-014
  -25.7880003333333       1.033132608000000E-014  6.690207741000000E-014
  -25.6200000902778       1.083433575000000E-014  7.216984307000000E-014
  -25.4519998402778       1.168487626000000E-014  7.732635604000000E-014
  -25.2839995972222       1.249825066000000E-014  8.072513334000000E-014
  -25.1159993541667       1.309208682000000E-014  8.148656175000000E-014
  -24.9480007291667       1.340569908000000E-014  7.970433666000000E-014
  -24.7800004791667       1.337431735000000E-014  7.622208935000000E-014
  -24.6120002361111       1.296391634000000E-014  7.265488124000000E-014
  -24.4439999930556       1.223149711000000E-014  7.067443011999999E-014
  -24.2759997500000       1.156449085000000E-014  7.109062823000000E-014
  -24.1079995069444       1.138648434000000E-014  7.415984873000000E-014
  -23.9399992569444       1.186018413000000E-014  7.892732962000000E-014
  -23.7720006319444       1.274439589000000E-014  8.425285616000000E-014
  -23.6040003888889       1.375444880000000E-014  8.850652009000001E-014
  -23.4360001458333       1.471412273000000E-014  9.068616626000000E-014
  -23.2679999027778       1.540733449000000E-014  9.016286253000000E-014
  -23.0999996527778       1.561473898000000E-014  8.723976538000000E-014
  -22.9319994097222       1.524382664000000E-014  8.325890704000000E-014
  -22.7640007847222       1.434643250000000E-014  7.994755709000000E-014
  -22.5960005416667       1.332368681000000E-014  7.935690408000000E-014
  -22.4280002916667       1.281523326000000E-014  8.237488247000001E-014
  -22.2600000486111       1.326150019000000E-014  8.820666365000000E-014
  -22.0919998055556       1.436122170000000E-014  9.497903766000000E-014
  -21.9239995625000       1.555181629000000E-014  1.002110653000000E-013
  -21.7559993194444       1.660458168000000E-014  1.020918105000000E-013
  -21.5880006875000       1.744554649000000E-014  1.000212147000000E-013
  -21.4200004444444       1.797229764000000E-014  9.459972275000000E-014
  -21.2520002013889       1.794399149000000E-014  8.750416841000000E-014
  -21.0839999583333       1.707287740000000E-014  8.131610484000000E-014
  -20.9159997083333       1.553169079000000E-014  7.849113476000001E-014
  -20.7479994652778       1.404352590000000E-014  8.068837888000000E-014
  -20.5799992222222       1.327398969000000E-014  8.740869085000000E-014
  -20.4120005972222       1.337992810000000E-014  9.686808376000000E-014
  -20.2440003472222       1.391354615000000E-014  1.062901462000000E-013
  -20.0760001041667       1.437618199000000E-014  1.127875056000000E-013
  -19.9079998611111       1.463313791000000E-014  1.144034683000000E-013
  -19.7399996180556       1.476631859000000E-014  1.105891095000000E-013
  -19.5719993750000       1.471263703000000E-014  1.028036841000000E-013
  -19.4040007430556       1.432630531000000E-014  9.413744604999999E-014
  -19.2360005000000       1.348918095000000E-014  8.817587231000000E-014
  -19.0680002569444       1.242275122000000E-014  8.758831604999999E-014
  -18.9000000138889       1.179551401000000E-014  9.241343583999999E-014
  -18.7319997638889       1.208928028000000E-014  1.009458427000000E-013
  -18.5639995208333       1.304371955000000E-014  1.108061803000000E-013
  -18.3959992777778       1.418912324000000E-014  1.193065015000000E-013
  -18.2280006527778       1.525037759000000E-014  1.238056288000000E-013
  -18.0600004097222       1.604204677000000E-014  1.235045052000000E-013
  -17.8920001597222       1.637388718000000E-014  1.186793041000000E-013
  -17.7239999166667       1.617180883000000E-014  1.113366127000000E-013
  -17.5559996736111       1.540105290000000E-014  1.046213965000000E-013
  -17.3879994305556       1.427463460000000E-014  1.021329966000000E-013
  -17.2200007986111       1.345593914000000E-014  1.053398024000000E-013
  -17.0520005555556       1.356791182000000E-014  1.134039558000000E-013
  -16.8840003125000       1.460189595000000E-014  1.242765927000000E-013
  -16.7160000694444       1.613231677000000E-014  1.344098037000000E-013
  -16.5479998263889       1.773052903000000E-014  1.406331106000000E-013
  -16.3799995763889       1.896095789000000E-014  1.409833486000000E-013
  -16.2119993333333       1.944905215000000E-014  1.357394286000000E-013
  -16.0440007083333       1.901359421000000E-014  1.268970958000000E-013
  -15.8760004652778       1.772020539000000E-014  1.179600715000000E-013
  -15.7080002152778       1.589726682000000E-014  1.128555393000000E-013
  -15.5399999722222       1.434395070000000E-014  1.138838779000000E-013
  -15.3719997291667       1.390363925000000E-014  1.208467327000000E-013
  -15.2039994861111       1.480362192000000E-014  1.317633882000000E-013
  -15.0359992430556       1.646906488000000E-014  1.436896663000000E-013
  -14.8680006111111       1.815686951000000E-014  1.521732095000000E-013
  -14.7000003680556       1.943286874000000E-014  1.542099510000000E-013
  -14.5320001250000       2.004775706000000E-014  1.487226683000000E-013
  -14.3639998819444       1.980055727000000E-014  1.370684978000000E-013
  -14.1959996319444       1.865966827000000E-014  1.237204919000000E-013
  -14.0279993888889       1.699050006000000E-014  1.139804261000000E-013
  -13.8600007638889       1.552900739000000E-014  1.130113594000000E-013
  -13.6920005208333       1.492168307000000E-014  1.215518165000000E-013
  -13.5240002708333       1.552710665000000E-014  1.363153432000000E-013
  -13.3560000277778       1.696926494000000E-014  1.536522103000000E-013
  -13.1879997847222       1.844180970000000E-014  1.687731037000000E-013
  -13.0200003472222       1.947925735000000E-014  1.765727186000000E-013
  -12.8520001041667       2.002925786000000E-014  1.743711783000000E-013
  -12.6839998611111       2.007312570000000E-014  1.626518066000000E-013
  -12.5159996180556       1.955041658000000E-014  1.455593187000000E-013
  -12.3480001805556       1.840856365000000E-014  1.292170987000000E-013
  -12.1799999375000       1.682875742000000E-014  1.196723791000000E-013
  -12.0119996944444       1.529577178000000E-014  1.206250269000000E-013
  -11.8440002569444       1.503295271000000E-014  1.320918337000000E-013
  -11.6760000138889       1.649386092000000E-014  1.503183293000000E-013
  -11.5079997638889       1.877011120000000E-014  1.699607116000000E-013
  -11.3400003333333       2.072999636000000E-014  1.851001855000000E-013
  -11.1720000833333       2.175747443000000E-014  1.906542822000000E-013
  -11.0039998402778       2.180324301000000E-014  1.851922072000000E-013
  -10.8359995972222       2.105590414000000E-014  1.709818810000000E-013
  -10.6680001597222       1.980391152000000E-014  1.535884728000000E-013
  -10.4999999166667       1.819452859000000E-014  1.400956445000000E-013
  -10.3319996736111       1.660814430000000E-014  1.369366453000000E-013
  -10.1640002361111       1.617788714000000E-014  1.460089238000000E-013
  -9.99599999305556       1.754556414000000E-014  1.656113533000000E-013
  -9.82799975000000       2.011698506000000E-014  1.890228561000000E-013
  -9.66000031250000       2.273311070000000E-014  2.079350418000000E-013
  -9.49200006944444       2.466489977000000E-014  2.157691750000000E-013
  -9.32399981944444       2.540712934000000E-014  2.104831744000000E-013
  -9.15600038888889       2.476079237000000E-014  1.946304717000000E-013
  -8.98800013888889       2.295495371000000E-014  1.742079381000000E-013
  -8.81999989583333       2.065821032000000E-014  1.580505068000000E-013
  -8.65199965277778       1.877631826000000E-014  1.533911209000000E-013
  -8.48400021527778       1.825385817000000E-014  1.626239968000000E-013
  -8.31599997222222       1.947360764000000E-014  1.833902225000000E-013
  -8.14799972916667       2.208062428000000E-014  2.092357998000000E-013
  -7.98000029166667       2.496757514000000E-014  2.322702848000000E-013
  -7.81200004861111       2.727009021000000E-014  2.442276795000000E-013
  -7.64399980555556       2.853502550000000E-014  2.407363046000000E-013
  -7.47600036805556       2.853446646000000E-014  2.224666577000000E-013
  -7.30800012500000       2.715598302000000E-014  1.955466496000000E-013
  -7.13999988194444       2.469466282000000E-014  1.700203292000000E-013
  -6.97199963194444       2.207822040000000E-014  1.569570347000000E-013
  -6.80400019791667       2.059609909000000E-014  1.632469252000000E-013
  -6.63599995347222       2.150468253000000E-014  1.866535626000000E-013
  -6.46800011388889       2.491658037000000E-014  2.209036041000000E-013
  -6.29999986944444       2.936842799000000E-014  2.559695348000000E-013
  -6.13200002916667       3.303179467000000E-014  2.810862166000000E-013
  -5.96400018888889       3.514081523000000E-014  2.882130840000000E-013
  -5.79599994444444       3.541359372000000E-014  2.743192771000000E-013
  -5.62800010416667       3.382762617000000E-014  2.438772654000000E-013
  -5.45999985972222       3.066590967000000E-014  2.082417761000000E-013
  -5.29200001944444       2.652800803000000E-014  1.810600281000000E-013
  -5.12400017916667       2.250138281000000E-014  1.727100722000000E-013
  -4.95599993472222       2.116084475000000E-014  1.856796509000000E-013
  -4.78800009444444       2.360588667000000E-014  2.152173838000000E-013
  -4.61999985000000       2.845363918000000E-014  2.520443977000000E-013
  -4.45200000972222       3.331322644000000E-014  2.839279918000000E-013
  -4.28400016944444       3.632514686000000E-014  2.998471426000000E-013
  -4.11599992500000       3.682513008000000E-014  2.954154662000000E-013
  -3.94800008541667       3.513256851000000E-014  2.726829992000000E-013
  -3.77999984097222       3.209018202000000E-014  2.398106128000000E-013
  -3.61200000069444       2.839732674000000E-014  2.086856756000000E-013
  -3.44400016041667       2.510789292000000E-014  1.917506952000000E-013
  -3.27599991597222       2.388093690000000E-014  1.966641775000000E-013
  -3.10800007569444       2.543128672000000E-014  2.230393198000000E-013
  -2.94000003333333       2.902733460000000E-014  2.617928660000000E-013
  -2.77199999097222       3.309204920000000E-014  3.001945209000000E-013
  -2.60399994861111       3.630519076000000E-014  3.242419896000000E-013
  -2.43599990625000       3.800500293000000E-014  3.255711944000000E-013
  -2.26800006597222       3.780417480000000E-014  3.046306425000000E-013
  -2.10000002361111       3.552287452000000E-014  2.696159810000000E-013
  -1.93199998125000       3.166158335000000E-014  2.339526955000000E-013
  -1.76399993888889       2.743065886000000E-014  2.120746883000000E-013
  -1.59599999791667       2.543786308000000E-014  2.131129474000000E-013
  -1.42799995555556       2.709919284000000E-014  2.389195883000000E-013
  -1.26000001458333       3.184719198000000E-014  2.821424463000000E-013
  -1.09199997222222       3.750367462000000E-014  3.282334528000000E-013
 -0.924000030555556       4.183979891000000E-014  3.610343361000000E-013
 -0.755999988194444       4.388540719000000E-014  3.679731487000000E-013
 -0.587999996527778       4.356194902000000E-014  3.466752981000000E-013
 -0.420000004722222       4.109736436000000E-014  3.052889430000000E-013
 -0.251999987708333       3.686466957000000E-014  2.577648923000000E-013
 -8.400000222222222E-002  3.184951624000000E-014  2.216385848000000E-013
  8.400000222222222E-002  2.818896849000000E-014  2.092232095000000E-013
  0.251999987708333       2.873187257000000E-014  2.246722773000000E-013
  0.420000004722222       3.390767078000000E-014  2.625540844000000E-013
  0.587999996527778       4.099745513000000E-014  3.088524174000000E-013
  0.755999988194444       4.745194783000000E-014  3.518800377000000E-013
  0.924000030555556       5.099601500000000E-014  3.764549165000000E-013
   1.09199997222222       5.216914547000000E-014  3.756266674000000E-013
   1.26000001458333       5.064156221000000E-014  3.478139814000000E-013
   1.42799995555556       5.020490317000000E-014  3.077863756000000E-013
   1.59599999791667       5.259078831000000E-014  2.677027437000000E-013
   1.76399993888889       6.548234855000000E-014  2.491673046000000E-013
   1.93199998125000       9.767977171000000E-014  2.607754236000000E-013
   2.10000002361111       1.680203421000000E-013  3.169306722000000E-013
   2.26800006597222       3.184178724000000E-013  4.322009872000000E-013
   2.43599990625000       6.135481663000000E-013  6.440465565000000E-013
   2.60399994861111       1.218457626000000E-012  1.055710640000000E-012
   2.77199999097222       2.350768885000000E-012  1.793428145000000E-012
   2.94000003333333       4.311897627000000E-012  3.248920230000000E-012
   3.10800007569444       7.293065457000000E-012  5.819559678000000E-012
   3.27599991597222       1.198645263000000E-011  1.056117780000000E-011
   3.44400016041667       2.129516008000000E-011  1.936027207000000E-011
   3.61200000069444       4.270451007000000E-011  3.862429820000000E-011
   3.77999984097222       9.045107718000000E-011  8.914622512000000E-011
   3.94800008541667       1.897481755000000E-010  2.333374605000000E-010
   4.11599992500000       4.287888378000000E-010  5.951115711000000E-010
   4.28400016944444       9.750630303000000E-010  1.551899498000000E-009
   4.45200000972222       2.734604543000000E-009  5.630408584000000E-009
   4.61999985000000       3.430553264000000E-008  2.492888562000000E-008
   4.78800009444444       1.338449124000000E-006  4.498195665000000E-007
   4.95599993472222       7.452072168000000E-006  8.666735993999999E-006
   5.12400017916667       1.794494528000000E-005  2.101328209000000E-005
   5.29200001944444       3.244817708000000E-005  3.631952131000000E-005
   5.45999985972222       6.434375973000000E-005  7.040247147000000E-005
   5.62800010416667       1.166529037000000E-004  1.244153100000000E-004
   5.79599994444444       1.927170961000000E-004  2.153700916000000E-004
   5.96400018888889       3.494416887000000E-004  3.949153470000000E-004
   6.13200002916667       6.214430905000000E-004  6.307556177000000E-004
   6.29999986944444       1.067312085000000E-003  9.505474591000000E-004
   6.46800011388889       1.726619550000000E-003  1.517789438000000E-003
   6.63599995347222       2.549374942000000E-003  2.420444041000000E-003
   6.80400019791667       3.647732781000000E-003  3.659314709000000E-003
   6.97199963194444       5.231032148000000E-003  5.329420324000000E-003
   7.13999988194444       7.309394423000000E-003  7.613859139000000E-003
   7.30800012500000       9.859212674000001E-003  1.064561121000000E-002
   7.47600036805556       1.293311361000000E-002  1.430887077000000E-002
   7.64399980555556       1.631615497000000E-002  1.843215339000000E-002
   7.81200004861111       1.979649998000000E-002  2.270139568000000E-002
   7.98000029166667       2.330252714000000E-002  2.687413059000000E-002
   8.14799972916667       2.711012773000000E-002  3.105310351000000E-002
   8.31599997222222       3.125982359000000E-002  3.520913422000000E-002
   8.48400021527778       3.542700782000000E-002  3.949857503000000E-002
   8.65199965277778       3.926393390000000E-002  4.361866415000000E-002
   8.81999989583333       4.281302914000000E-002  4.709241912000000E-002
   8.98800013888889       4.635610059000000E-002  5.010519177000000E-002
   9.15600038888889       4.961640760000000E-002  5.233590677000000E-002
   9.32399981944444       5.241632462000000E-002  5.383124202000000E-002
   9.49200006944444       5.435359851000000E-002  5.531795695000000E-002
   9.66000031250000       5.570290238000000E-002  5.677482113000000E-002
   9.82799975000000       5.663360655000000E-002  5.779196694000000E-002
   9.99599999305556       5.748688057000000E-002  5.864500627000000E-002
   10.1640002361111       5.789285898000000E-002  5.936238915000000E-002
   10.3319996736111       5.822322145000000E-002  5.969666317000000E-002
   10.4999999166667       5.861604586000000E-002  5.956103280000000E-002
   10.6680001597222       5.882003158000000E-002  5.920602009000000E-002
   10.8359995972222       5.861506611000000E-002  5.865564942000000E-002
   11.0039998402778       5.840881914000000E-002  5.785208568000000E-002
   11.1720000833333       5.788077414000000E-002  5.702066049000000E-002
   11.3400003333333       5.737436563000000E-002  5.623029917000000E-002
   11.5079997638889       5.654162914000000E-002  5.534748361000000E-002
   11.6760000138889       5.529263616000000E-002  5.451965332000000E-002
   11.8440002569444       5.407349393000000E-002  5.377320945000000E-002
   12.0119996944444       5.291569978000000E-002  5.276691914000000E-002
   12.1799999375000       5.208173022000000E-002  5.172371492000000E-002
   12.3480001805556       5.122093111000000E-002  5.062399432000000E-002
   12.5159996180556       5.037821829000000E-002  4.968912154000000E-002
   12.6839998611111       4.941478744000000E-002  4.886478558000000E-002
   12.8520001041667       4.791434482000000E-002  4.776378348000000E-002
   13.0200003472222       4.620492458000000E-002  4.642205685000000E-002
   13.1879997847222       4.419411719000000E-002  4.500800744000000E-002
   13.3560000277778       4.210260138000000E-002  4.384845123000000E-002
   13.5240002708333       3.970432281000000E-002  4.228623956000000E-002
   13.6920005208333       3.750995919000000E-002  4.032275453000000E-002
   13.8600007638889       3.510187566000000E-002  3.824200109000000E-002
   14.0279993888889       3.271110356000000E-002  3.607868776000000E-002
   14.1959996319444       3.052192740000000E-002  3.371524438000000E-002
   14.3639998819444       2.794366144000000E-002  3.126012534000000E-002
   14.5320001250000       2.542067692000000E-002  2.872800454000000E-002
   14.7000003680556       2.288325690000000E-002  2.621392161000000E-002
   14.8680006111111       2.027450502000000E-002  2.351009846000000E-002
   15.0359992430556       1.772424392000000E-002  2.078595757000000E-002
   15.2039994861111       1.532291528000000E-002  1.806292124000000E-002
   15.3719997291667       1.315326430000000E-002  1.553607825000000E-002
   15.5399999722222       1.091258321000000E-002  1.310669072000000E-002
   15.7080002152778       8.762744255000000E-003  1.086489391000000E-002
   15.8760004652778       6.895070430000000E-003  8.916815743000000E-003
   16.0440007083333       5.397026427000000E-003  7.189438678000000E-003
   16.2119993333333       4.223228898000000E-003  5.669998936000000E-003
   16.3799995763889       3.257780336000000E-003  4.486524966000000E-003
   16.5479998263889       2.514701104000000E-003  3.533504438000000E-003
   16.7160000694444       1.908384264000000E-003  2.688160166000000E-003
   16.8840003125000       1.421796507000000E-003  1.934698084000000E-003
   17.0520005555556       1.039859490000000E-003  1.351399347000000E-003
   17.2200007986111       7.273336523000000E-004  9.240038344000000E-004
   17.3879994305556       4.714397946000000E-004  6.262941170000000E-004
   17.5559996736111       3.055070702000000E-004  4.394310236000000E-004
   17.7239999166667       1.966557757000000E-004  3.099866735000000E-004
   17.8920001597222       1.324295736000000E-004  2.065962617000000E-004
   18.0600004097222       7.930833817000000E-005  1.180323598000000E-004
   18.2280006527778       4.512575470000000E-005  5.230643001000000E-005
   18.3959992777778       2.539963498000000E-005  3.431506411000000E-005
   18.5639995208333       1.234305000000000E-005  2.993146154000000E-005
   18.7319997638889       3.639000170000000E-006  2.587284507000000E-005
   18.9000000138889       2.621136446000000E-007  2.024368405000000E-005
   19.0680002569444       1.274912509000000E-009  1.629247527000000E-005
   19.2360005000000       1.838191682000000E-010  1.140817949000000E-005
   19.4040007430556       6.607807357000000E-011  4.980752692000000E-006
   19.5719993750000       4.351789653000000E-013  8.733786672000000E-007
   19.7399996180556       1.604729330000000E-014  2.038971303000000E-008
   19.9079998611111       7.865824928000001E-015  2.441447322000000E-010
   20.0760001041667       1.234741632000000E-016  1.361026153000000E-010
   20.2440003472222       3.507740865000000E-018  3.829717793000000E-012
   20.4120005972222       5.029558494000000E-019  6.416881051000000E-015
   20.5799992222222       4.167394410000000E-020  4.062467847000000E-015
   20.7479994652778       3.001283287000000E-022  3.003169873000000E-016
   20.9159997083333       2.895433299000000E-022  1.878362149000000E-018
   21.0839999583333       3.643931931000000E-024  1.399537510000000E-019
   21.2520002013889       2.522294589000000E-024  2.179821570000000E-020
   21.4200004444444       2.474972974000000E-026  4.873130813000000E-022
   21.5880006875000       2.255361802000000E-026  1.421640695000000E-022
   21.7559993194444       3.287962286000000E-028  5.898661270000000E-024
   21.9239995625000       2.973615612000000E-028  1.184709039000000E-024
   22.0919998055556       1.144258175000000E-028  5.291644440000000E-026
   22.2600000486111       1.138908423000000E-028  9.396638391000000E-027
   22.4280002916667       1.120687561000000E-028  5.764349731000000E-028
   22.5960005416667       1.120083300000000E-028  1.749368993000000E-028
   22.7640007847222       1.119551743000000E-028  1.116386839000000E-028
   22.9319994097222       1.119246122000000E-028  1.125420533000000E-028
   23.0999996527778       1.118954585000000E-028  1.120277097000000E-028
   23.2679999027778       1.118581075000000E-028  1.119514669000000E-028
   23.4360001458333       1.118234167000000E-028  1.119042696000000E-028
   23.6040003888889       1.117992703000000E-028  1.118680380000000E-028
   23.7720006319444       1.117778082000000E-028  1.118348398000000E-028
   23.9399992569444       1.117438396000000E-028  1.118073351000000E-028
   24.1079995069444       1.117283479000000E-028  1.117826351000000E-028
   24.2759997500000       1.116927664000000E-028  1.117549619000000E-028
   24.4439999930556       1.116705219000000E-028  1.117462470000000E-028
   24.6120002361111       1.116569561000000E-028  1.117220526000000E-028
   24.7800004791667       1.116361200000000E-028  1.116905034000000E-028
   24.9480007291667       1.116307153000000E-028  1.116824867000000E-028
   25.1159993541667       1.115906801000000E-028  1.116539950000000E-028
   25.2839995972222       1.115837949000000E-028  1.116393579000000E-028
   25.4519998402778       1.115445901000000E-028  1.116165236000000E-028
   25.6200000902778       1.115511865000000E-028  1.116101921000000E-028
   25.7880003333333       1.115406781000000E-028  1.115905597000000E-028
   25.9560005763889       1.115268836000000E-028  1.115822782000000E-028
   26.1239992013889       1.115236216000000E-028  1.115696754000000E-028
   26.2919994513889       1.115268475000000E-028  1.115629226000000E-028
   26.4599996944444       1.115275216000000E-028  1.115665457000000E-028
   26.6279999375000       1.115314096000000E-028  1.115493809000000E-028
   26.7960001805556       1.115392818000000E-028  1.115540874000000E-028
   26.9640004236111       1.115385957000000E-028  1.115635365000000E-028
   27.1320006736111       1.115709633000000E-028  1.115751643000000E-028
   27.3000009166667       1.115826152000000E-028  1.115670032000000E-028
   27.4680011597222       1.115733106000000E-028  1.115855162000000E-028
   27.6360014027778       1.115996597000000E-028  1.115973967000000E-028
   27.8039984166667       1.116080616000000E-028  1.116148746000000E-028
   27.9719986597222       1.116395024000000E-028  1.116227709000000E-028
   28.1399989027778       1.116483737000000E-028  1.116279709000000E-028
   28.3079991458333       1.116594598000000E-028  1.116581117000000E-028
   28.4759993958333       1.116853395000000E-028  1.116607478000000E-028
   28.6439996388889       1.116943793000000E-028  1.116806932000000E-028
   28.8119998819444       1.117060553000000E-028  1.117133859000000E-028
   28.9800001250000       1.117325368000000E-028  1.117209813000000E-028
   29.1480003680556       1.117457174000000E-028  1.117510859000000E-028
   29.3160006111111       1.117674564000000E-028  1.117587897000000E-028
   29.4840008611111       1.117764360000000E-028  1.117789277000000E-028
   29.6520011041667       1.118108861000000E-028  1.118052407000000E-028
   29.8200013472222       1.118194926000000E-028  1.118170370000000E-028
   29.9880015902778       1.118493806000000E-028  1.118420621000000E-028
   30.1559986041667       1.118677371000000E-028  1.118626454000000E-028
   30.3239988472222       1.118906196000000E-028  1.118856242000000E-028
   30.4919990902778       1.118991418000000E-028  1.119056900000000E-028
   30.6599993333333       1.119132011000000E-028  1.119295956000000E-028
   30.8279995833333       1.119353373000000E-028  1.119344345000000E-028
   30.9959998263889       1.119547049000000E-028  1.119720744000000E-028
   31.1640000694444       1.119734586000000E-028  1.119955346000000E-028
   31.3320003125000       1.119954503000000E-028  1.120155884000000E-028
   31.5000005555556       1.120150708000000E-028  1.120268430000000E-028
   31.6680008055556       1.120393495000000E-028  1.120446699000000E-028
   31.8360010486111       1.120458014000000E-028  1.120789394000000E-028
   32.0040012916667       1.120658792000000E-028  1.120868959000000E-028
   32.1720015347222       1.120750394000000E-028  1.121093571000000E-028
   32.3399985486111       1.120984394000000E-028  1.121299043000000E-028
   32.5079987916667       1.121264738000000E-028  1.121498016000000E-028
   32.6759990347222       1.121282432000000E-028  1.121775470000000E-028
   32.8439992777778       1.121500183000000E-028  1.121779322000000E-028
   33.0119995277778       1.121599368000000E-028  1.122032461000000E-028
   33.1799997708333       1.121876702000000E-028  1.122177749000000E-028
   33.3480000138889       1.121881156000000E-028  1.122090480000000E-028
   33.5160002569444       1.121951693000000E-028  1.122394175000000E-028
   33.6840005000000       1.122044378000000E-028  1.122490592000000E-028
   33.8520007500000       1.122251536000000E-028  1.122711713000000E-028
   34.0200009930556       1.122332184000000E-028  1.122638166000000E-028
   34.1880012361111       1.122467481000000E-028  1.122884324000000E-028
   34.3560014791667       1.122522490000000E-028  1.122938732000000E-028
   34.5239984930556       1.122549694000000E-028  1.122947519000000E-028
   34.6919987361111       1.122573889000000E-028  1.123083658000000E-028
   34.8599989791667       1.122745537000000E-028  1.123100630000000E-028
   35.0279992222222       1.122749750000000E-028  1.123236288000000E-028
   35.1959994652778       1.122651889000000E-028  1.123249288000000E-028
   35.3639997152778       1.122788991000000E-028  1.123294788000000E-028
   35.5319999583333       1.122795130000000E-028  1.123301409000000E-028
   35.7000002013889       1.122857963000000E-028  1.123362316000000E-028
   35.8680004444444       1.122989288000000E-028  1.123395900000000E-028
   36.0360006875000       1.122929102000000E-028  1.123432251000000E-028
   36.2040009375000       1.123020945000000E-028  1.123567067000000E-028
   36.3720011805556       1.123154316000000E-028  1.123422381000000E-028
   36.5400014236111       1.123094491000000E-028  1.123509168000000E-028
   36.7079984375000       1.123175260000000E-028  1.123551900000000E-028
   36.8759986805556       1.123107251000000E-028  1.123606187000000E-028
   37.0439989236111       1.123161297000000E-028  1.123647835000000E-028
   37.2119991666667       1.123083899000000E-028  1.123566705000000E-028
   37.3799994097222       1.123105806000000E-028  1.123544678000000E-028
   37.5479996597222       1.123248205000000E-028  1.123630622000000E-028
   37.7159999027778       1.123130121000000E-028  1.123732215000000E-028
   37.8840001458333       1.123226899000000E-028  1.123706215000000E-028
   38.0520003888889       1.123232677000000E-028  1.123683946000000E-028
   38.2200006319444       1.123239418000000E-028  1.123800947000000E-028
   38.3880008819444       1.123186936000000E-028  1.123649400000000E-028
   38.5560011250000       1.123266140000000E-028  1.123711271000000E-028
   38.7240013680556       1.123148418000000E-028  1.123674317000000E-028
   38.8920016111111       1.123308029000000E-028  1.123661437000000E-028
   39.0599986250000       1.123319946000000E-028  1.123747141000000E-028
   39.2279988680556       1.123231714000000E-028  1.123668900000000E-028
   39.3959991111111       1.123278538000000E-028  1.123773863000000E-028
   39.5639993541667       1.123361835000000E-028  1.123796132000000E-028
   39.7319995972222       1.123235205000000E-028  1.123717409000000E-028
   39.8999998472222       1.123286964000000E-028  1.123794086000000E-028
   40.0680000902778       1.123313325000000E-028  1.123604863000000E-028
   40.2360003333333       1.123315853000000E-028  1.123859326000000E-028
   40.4040005763889       1.123412631000000E-028  1.123859688000000E-028
   40.5720008194444       1.123251696000000E-028  1.123789632000000E-028
   40.7400010694444       1.123333427000000E-028  1.123797817000000E-028
   40.9080013125000       1.123384344000000E-028  1.123929623000000E-028
   41.0760015555556       1.123467159000000E-028  1.123822613000000E-028
   41.2439985694444       1.123356418000000E-028  1.123880391000000E-028
   41.4119988125000       1.123372427000000E-028  1.123933354000000E-028
   41.5799990555556       1.123300205000000E-028  1.123874373000000E-028
   41.7479992986111       1.123315973000000E-028  1.123890864000000E-028
   41.9159995416667       1.123513502000000E-028  1.123866910000000E-028
   42.0839997916667       1.123511335000000E-028  1.124006058000000E-028
   42.2520000347222       1.123343899000000E-028  1.124053605000000E-028
   42.4200002777778       1.123555752000000E-028  1.123997512000000E-028
   42.5880005208333       1.123393853000000E-028  1.123968984000000E-028
   42.7560007638889       1.123441159000000E-028  1.124021827000000E-028
   42.9240010138889       1.123511816000000E-028  1.124028688000000E-028
   43.0920012569444       1.123486900000000E-028  1.123959475000000E-028
   43.2600015000000       1.123397103000000E-028  1.124014605000000E-028
   43.4279985138889       1.123413955000000E-028  1.124082975000000E-028
   43.5959987569444       1.123481483000000E-028  1.124045419000000E-028
   43.7639990000000       1.123425029000000E-028  1.124039882000000E-028
   43.9319992430556       1.123448742000000E-028  1.123986679000000E-028
   44.0999994861111       1.123448261000000E-028  1.124023271000000E-028
   44.2679997361111       1.123562974000000E-028  1.124254985000000E-028
   44.4359999791667       1.123461622000000E-028  1.124080086000000E-028
   44.6040002222222       1.123603539000000E-028  1.124119688000000E-028
   44.7720004652778       1.123468724000000E-028  1.124260401000000E-028
   44.9400007083333       1.123653372000000E-028  1.124050355000000E-028
   45.1080009513889       1.123472816000000E-028  1.124205031000000E-028
   45.2760012013889       1.123570918000000E-028  1.124122336000000E-028
   45.4440014444444       1.123500622000000E-028  1.124220077000000E-028
   45.6119984513889       1.123446335000000E-028  1.124131003000000E-028
   45.7799987013889       1.123573567000000E-028  1.124209725000000E-028
   45.9479989444444       1.123526261000000E-028  1.124286762000000E-028
   46.1159991875000       1.123529992000000E-028  1.124326244000000E-028
   46.2839994305556       1.123496289000000E-028  1.124282790000000E-028
   46.4519996736111       1.123536854000000E-028  1.124133892000000E-028
   46.6199999236111       1.123673715000000E-028  1.124212975000000E-028
   46.7880001666667       1.123507483000000E-028  1.124288207000000E-028
   46.9560004097222       1.123639048000000E-028  1.124266420000000E-028
   47.1240006527778       1.123625567000000E-028  1.124424707000000E-028
   47.2920008958333       1.123613891000000E-028  1.124479957000000E-028
   47.4600011458333       1.123599928000000E-028  1.124309151000000E-028
   47.6280013888889       1.123588011000000E-028  1.124304577000000E-028
   47.7959983958333       1.123652530000000E-028  1.124350920000000E-028
   47.9639986458333       1.123504113000000E-028  1.124381133000000E-028
   48.1319988888889       1.123607993000000E-028  1.124315290000000E-028
   48.2999991319444       1.123643020000000E-028  1.124401837000000E-028
   48.4679993750000       1.123651928000000E-028  1.124393892000000E-028
   48.6359996180556       1.123585604000000E-028  1.124371744000000E-028
   48.8039998680556       1.123708502000000E-028  1.124356457000000E-028
   48.9720001111111       1.123561770000000E-028  1.124331540000000E-028
   49.1400003541667       1.123716085000000E-028  1.124359346000000E-028
   49.3080005972222       1.123733659000000E-028  1.124461781000000E-028
   49.4760008402778       1.123734863000000E-028  1.124430365000000E-028
   49.6440010902778       1.123646632000000E-028  1.124310837000000E-028
   49.8120013333333       1.123665048000000E-028  1.124447337000000E-028
   49.9800015763889       1.123699835000000E-028  1.124518235000000E-028
   50.1479985833333       1.123728724000000E-028  1.124510772000000E-028
   50.3159988333333       1.123778317000000E-028  1.124414235000000E-028
   50.4839990763889       1.123833206000000E-028  1.124435781000000E-028
   50.6519993194444       1.123693335000000E-028  1.124522809000000E-028
   50.8199995625000       1.123662761000000E-028  1.124403402000000E-028
   50.9879998055556       1.123662882000000E-028  1.124617782000000E-028
   51.1560000555556       1.123785178000000E-028  1.124609235000000E-028
   51.3240002986111       1.123838984000000E-028  1.124598282000000E-028
   51.4920005416667       1.123803354000000E-028  1.124527865000000E-028
   51.6600007847222       1.123761345000000E-028  1.124536772000000E-028
   51.8280010277778       1.123547326000000E-028  1.124511494000000E-028
   51.9960012777778       1.123794326000000E-028  1.124543513000000E-028
   52.1640015208333       1.123879067000000E-028  1.124644143000000E-028
   52.3319985277778       1.123697548000000E-028  1.124656300000000E-028
   52.4999987777778       1.123834289000000E-028  1.124574448000000E-028
   52.6679990208333       1.123851262000000E-028  1.124547846000000E-028
   52.8359992638889       1.123631344000000E-028  1.124577698000000E-028
   53.0039995069444       1.123604381000000E-028  1.124569272000000E-028
   53.1719997500000       1.123838863000000E-028  1.124684106000000E-028
   53.3400000000000       1.123757493000000E-028  1.124643060000000E-028
   53.5080002430556       1.123810937000000E-028  1.124605143000000E-028
   53.6760004861111       1.123739197000000E-028  1.124697708000000E-028
   53.8440007291667       1.123647835000000E-028  1.124715041000000E-028
   54.0120009722222       1.123923845000000E-028  1.124695541000000E-028
   54.1800012222222       1.123725715000000E-028  1.124649078000000E-028
   54.3480014652778       1.123862697000000E-028  1.124543995000000E-028
   54.5160017083333       1.123902780000000E-028  1.124694939000000E-028
   54.6840019513889       1.123754724000000E-028  1.124588652000000E-028
   54.8520021944444       1.123740039000000E-028  1.124496448000000E-028
   55.0200024444444       1.123771697000000E-028  1.124750310000000E-028
   55.1880026875000       1.123827549000000E-028  1.124626569000000E-028
   55.3560029305556       1.123676483000000E-028  1.124649319000000E-028
   55.5240031736111       1.123889299000000E-028  1.124686754000000E-028
   55.6919969513889       1.123860891000000E-028  1.124610680000000E-028
   55.8599971944444       1.123766280000000E-028  1.124574569000000E-028
   56.0279974375000       1.123772539000000E-028  1.124594309000000E-028
   56.1959976875000       1.123835734000000E-028  1.124618745000000E-028
   56.3639979305556       1.123778317000000E-028  1.124758375000000E-028
   56.5319981736111       1.123792882000000E-028  1.124796893000000E-028
   56.6999984166667       1.123740641000000E-028  1.124766439000000E-028
   56.8679986597222       1.123793965000000E-028  1.124857801000000E-028
   57.0359989097222       1.123680817000000E-028  1.124694578000000E-028
   57.2039991527778       1.123948641000000E-028  1.124762949000000E-028
   57.3719993958333       1.123893752000000E-028  1.124781606000000E-028
   57.5399996388889       1.123844641000000E-028  1.124843838000000E-028
   57.7079998819444       1.123841391000000E-028  1.124798217000000E-028
   57.8760001319444       1.123883521000000E-028  1.124746217000000E-028
   58.0440003750000       1.123816234000000E-028  1.124733699000000E-028
   58.2120006180556       1.123910484000000E-028  1.124839625000000E-028
   58.3800008611111       1.123953938000000E-028  1.124918588000000E-028
   58.5480011041667       1.124077799000000E-028  1.124850458000000E-028
   58.7160013541667       1.124043734000000E-028  1.124946153000000E-028
   58.8840015972222       1.124195762000000E-028  1.125057375000000E-028
   59.0520018402778       1.124201660000000E-028  1.125064236000000E-028
   59.2200020833333       1.124150383000000E-028  1.125149579000000E-028
   59.3880023263889       1.123995466000000E-028  1.125122135000000E-028
   59.5560025763889       1.124219355000000E-028  1.125106005000000E-028
   59.7240028194444       1.123909160000000E-028  1.124965773000000E-028
   59.8920030625000       1.123607030000000E-028  1.124857079000000E-028
   60.0599968402778       1.122657907000000E-028  1.124202623000000E-028
