  -60.0599968402778       0.000000000000000E+000  0.000000000000000E+000
  -59.8920030625000       2.626375070000000E-014  1.259502620000000E-013
  -59.7240028194444       2.793225483000000E-014  1.144530027000000E-013
  -59.5560025763889       2.169636778000000E-014  7.676915744000000E-014
  -59.3880023263889       1.666943222000000E-014  5.985432961000000E-014
  -59.2200020833333       1.442600786000000E-014  5.421212795000000E-014
  -59.0520018402778       1.295320815000000E-014  4.563093542000000E-014
  -58.8840015972222       1.056876212000000E-014  3.702312911000000E-014
  -58.7160013541667       9.416992976000000E-015  3.172221397000000E-014
  -58.5480011041667       8.649089000000000E-015  2.726040185000000E-014
  -58.3800008611111       5.763946974000000E-015  1.928206808000000E-014
  -58.2120006180556       3.339415536000000E-015  1.303859669000000E-014
  -58.0440003750000       3.142328757000000E-015  1.205947234000000E-014
  -57.8760001319444       2.749726021000000E-015  1.038561157000000E-014
  -57.7079998819444       1.831974082000000E-015  7.141728649000000E-015
  -57.5399996388889       1.593252880000000E-015  5.941342355000000E-015
  -57.3719993958333       1.298786535000000E-015  4.843848965000000E-015
  -57.2039991527778       6.188769467000000E-016  2.746043122000000E-015
  -57.0359989097222       3.070809424000000E-016  1.828569856000000E-015
  -56.8679986597222       3.400946603000000E-016  1.929359154000000E-015
  -56.6999984166667       3.138646175000000E-016  1.796028333000000E-015
  -56.5319981736111       2.390667379000000E-016  1.508231101000000E-015
  -56.3639979305556       1.900251184000000E-016  1.323848863000000E-015
  -56.1959976875000       1.412147919000000E-016  1.143250639000000E-015
  -56.0279974375000       1.098615762000000E-016  1.005915470000000E-015
  -55.8599971944444       1.132835628000000E-016  9.806441361000000E-016
  -55.6919969513889       1.220136270000000E-016  9.680858139000000E-016
  -55.5240031736111       1.188182481000000E-016  9.152666392000000E-016
  -55.3560029305556       1.124216141000000E-016  8.662512778000000E-016
  -55.1880026875000       1.093157892000000E-016  8.443812577000000E-016
  -55.0200024444444       1.096505458000000E-016  8.457899793000000E-016
  -54.8520021944444       1.113398207000000E-016  8.536157697000000E-016
  -54.6840019513889       1.119423655000000E-016  8.526238941000000E-016
  -54.5160017083333       1.113328592000000E-016  8.448913833000000E-016
  -54.3480014652778       1.109181703000000E-016  8.381779589000000E-016
  -54.1800012222222       1.115346383000000E-016  8.362230598000000E-016
  -54.0120009722222       1.131172796000000E-016  8.410013845000000E-016
  -53.8440007291667       1.153283136000000E-016  8.532861150000000E-016
  -53.6760004861111       1.179300547000000E-016  8.445896807000000E-016
  -53.5080002430556       1.206648197000000E-016  5.675805784000000E-016
  -53.3400000000000       1.091225465000000E-016  3.620802475000000E-016
  -53.1719997500000       6.143009835000001E-017  3.245314358000000E-016
  -53.0039995069444       4.641079137000000E-017  3.163235012000000E-016
  -52.8359992638889       4.517786874000000E-017  3.190835846000000E-016
  -52.6679990208333       4.464164726000000E-017  3.264065814000000E-016
  -52.4999987777778       4.365866883000000E-017  3.296551381000000E-016
  -52.3319985277778       4.249850170000000E-017  3.238112725000000E-016
  -52.1640015208333       4.130781822000000E-017  3.092677962000000E-016
  -51.9960012777778       3.994921708000000E-017  2.935783373000000E-016
  -51.8280010277778       3.856766002000000E-017  2.772823498000000E-016
  -51.6600007847222       3.693116590000000E-017  2.682863570000000E-016
  -51.4920005416667       3.564939329000000E-017  2.615330956000000E-016
  -51.3240002986111       3.498591172000000E-017  2.618867848000000E-016
  -51.1560000555556       3.465912244000000E-017  2.674192599000000E-016
  -50.9879998055556       3.484422230000000E-017  2.683058652000000E-016
  -50.8199995625000       3.541021236000000E-017  2.636919973000000E-016
  -50.6519993194444       3.570898007000000E-017  2.604236942000000E-016
  -50.4839990763889       3.602211426000000E-017  2.636878416000000E-016
  -50.3159988333333       3.645695318000000E-017  2.655853013000000E-016
  -50.1479985833333       3.683579859000000E-017  2.611888826000000E-016
  -49.9800015763889       3.702335683000000E-017  2.540292572000000E-016
  -49.8120013333333       3.704826158000000E-017  2.488855438000000E-016
  -49.6440010902778       3.686901816000000E-017  2.457264815000000E-016
  -49.4760008402778       3.652773998000000E-017  2.461492832000000E-016
  -49.3080005972222       3.665126452000000E-017  2.485594626000000E-016
  -49.1400003541667       3.702303919000000E-017  2.511531569000000E-016
  -48.9720001111111       3.726992944000000E-017  2.555167265000000E-016
  -48.8039998680556       3.730488941000000E-017  2.599867841000000E-016
  -48.6359996180556       3.757138384000000E-017  2.598121629000000E-016
  -48.4679993750000       3.791268848000000E-017  2.573391708000000E-016
  -48.2999991319444       3.781739397000000E-017  2.542300305000000E-016
  -48.1319988888889       3.750092459000000E-017  2.507688951000000E-016
  -47.9639986458333       3.709110292000000E-017  2.476116856000000E-016
  -47.7959983958333       3.651197723000000E-017  2.475620019000000E-016
  -47.6280013888889       3.564319605000000E-017  2.505817273000000E-016
  -47.4600011458333       3.448143081000000E-017  2.526573815000000E-016
  -47.2920008958333       3.361489956000000E-017  2.505225144000000E-016
  -47.1240006527778       3.330405501000000E-017  2.446608611000000E-016
  -46.9560004097222       3.339308611000000E-017  2.377647423000000E-016
  -46.7880001666667       3.385992038000000E-017  2.375465784000000E-016
  -46.6199999236111       3.450053206000000E-017  2.432296666000000E-016
  -46.4519996736111       3.501735782000000E-017  2.481761802000000E-016
  -46.2839994305556       3.488178622000000E-017  2.499408409000000E-016
  -46.1159991875000       3.421502240000000E-017  2.510879883000000E-016
  -45.9479989444444       3.369861024000000E-017  2.506745303000000E-016
  -45.7799987013889       3.360981736000000E-017  2.449882128000000E-016
  -45.6119984513889       3.384158675000000E-017  2.368706991000000E-016
  -45.4440014444444       3.426759138000000E-017  2.301273639000000E-016
  -45.2760012013889       3.462769288000000E-017  2.247640571000000E-016
  -45.1080009513889       3.536973014000000E-017  2.223798712000000E-016
  -44.9400007083333       4.258480642000000E-017  2.265319208000000E-016
  -44.7720004652778       6.976547165000000E-017  2.650578380000000E-016
  -44.6040002222222       9.314687649000000E-017  4.168491332000000E-016
  -44.4359999791667       9.784415063000001E-017  5.686772214000000E-016
  -44.2679997361111       9.963612163000000E-017  5.958393446000000E-016
  -44.0999994861111       1.023019196000000E-016  5.887944127000000E-016
  -43.9319992430556       1.062293996000000E-016  5.882334652000000E-016
  -43.7639990000000       1.124996470000000E-016  6.054062641000000E-016
  -43.5959987569444       1.243907191000000E-016  6.690438494000000E-016
  -43.4279985138889       1.510896740000000E-016  8.576235590000000E-016
  -43.2600015000000       2.155372875000000E-016  1.365372218000000E-015
  -43.0920012569444       3.674544333000000E-016  2.610610177000000E-015
  -42.9240010138889       6.976445521000000E-016  5.365385362000000E-015
  -42.7560007638889       1.339882456000000E-015  1.082974906000000E-014
  -42.5880005208333       2.439045559000000E-015  2.052196168000000E-014
  -42.4200002777778       4.075857321000000E-015  3.587196390000000E-014
  -42.2520000347222       6.183091911000000E-015  5.754096066000000E-014
  -42.0839997916667       8.541420101000000E-015  8.470858699000000E-014
  -41.9159995416667       1.093024868000000E-014  1.147315207000000E-013
  -41.7479992986111       1.337289095000000E-014  1.435327416000000E-013
  -41.5799990555556       1.624239209000000E-014  1.667834301000000E-013
  -41.4119988125000       2.000945762000000E-014  1.814940884000000E-013
  -41.2439985694444       2.472332811000000E-014  1.872678309000000E-013
  -41.0760015555556       2.966077633000000E-014  1.864774746000000E-013
  -40.9080013125000       3.353808998000000E-014  1.831604936000000E-013
  -40.7400010694444       3.521245050000000E-014  1.812290010000000E-013
  -40.5720008194444       3.437198714000000E-014  1.830544722000000E-013
  -40.4040005763889       3.175809428000000E-014  1.891552778000000E-013
  -40.2360003333333       2.885620345000000E-014  1.988291801000000E-013
  -40.0680000902778       2.728903495000000E-014  2.109158930000000E-013
  -39.8999998472222       2.817539733000000E-014  2.240181510000000E-013
  -39.7319995972222       3.166367721000000E-014  2.327895906000000E-013
  -39.5639993541667       3.680632594000000E-014  2.025266754000000E-013
  -39.3959991111111       4.105396917000000E-014  1.596163116000000E-013
  -39.2279988680556       3.971226221000000E-014  1.310376910000000E-013
  -39.0599986250000       3.326005988000000E-014  1.097110345000000E-013
  -38.8920016111111       2.664811222000000E-014  9.180419554000000E-014
  -38.7240013680556       2.123793322000000E-014  7.757588517000000E-014
  -38.5560011250000       1.686710430000000E-014  6.816905574000000E-014
  -38.3880008819444       1.385091653000000E-014  6.359003629000000E-014
  -38.2200006319444       1.318237376000000E-014  6.357577225000000E-014
  -38.0520003888889       1.519409225000000E-014  6.724721962000000E-014
  -37.8840001458333       1.927506650000000E-014  7.344851723000000E-014
  -37.7159999027778       2.428210526000000E-014  8.092653067000000E-014
  -37.5479996597222       2.888888198000000E-014  8.818205904000000E-014
  -37.3799994097222       3.189625213000000E-014  9.350181897000000E-014
  -37.2119991666667       3.223860252000000E-014  9.622532805000000E-014
  -37.0439989236111       2.951698063000000E-014  9.723773571000000E-014
  -36.8759986805556       2.484192458000000E-014  9.796200987000000E-014
  -36.7079984375000       2.045943710000000E-014  9.947785325999999E-014
  -36.5400014236111       1.825334487000000E-014  1.023447481000000E-013
  -36.3720011805556       1.890932784000000E-014  1.064603863000000E-013
  -36.2040009375000       2.179158614000000E-014  1.114931444000000E-013
  -36.0360006875000       2.558501981000000E-014  1.171066553000000E-013
  -35.8680004444444       2.873681246000000E-014  1.225773362000000E-013
  -35.7000002013889       3.010317147000000E-014  1.264857495000000E-013
  -35.5319999583333       2.923547770000000E-014  1.264897068000000E-013
  -35.3639997152778       2.628425228000000E-014  1.208020771000000E-013
  -35.1959994652778       2.201752879000000E-014  1.100713013000000E-013
  -35.0279992222222       1.780527630000000E-014  9.839933636999999E-014
  -34.8599989791667       1.513734274000000E-014  9.149261616000001E-014
  -34.6919987361111       1.450730778000000E-014  9.185644731000000E-014
  -34.5239984930556       1.472080582000000E-014  9.929310520000000E-014
  -34.3560014791667       1.625747605000000E-014  1.111911602000000E-013
  -34.1880012361111       1.887860765000000E-014  1.230490183000000E-013
  -34.0200009930556       2.145779587000000E-014  1.308126242000000E-013
  -33.8520007500000       2.335684374000000E-014  1.326002703000000E-013
  -33.6840005000000       2.443131858000000E-014  1.293717331000000E-013
  -33.5160002569444       2.452130906000000E-014  1.234041759000000E-013
  -33.3480000138889       2.363044385000000E-014  1.176650736000000E-013
  -33.1799997708333       2.207591816000000E-014  1.143274115000000E-013
  -33.0119995277778       1.998233224000000E-014  1.150416703000000E-013
  -32.8439992777778       1.809382654000000E-014  1.202692595000000E-013
  -32.6759990347222       1.766433848000000E-014  1.287569091000000E-013
  -32.5079987916667       1.881329294000000E-014  1.388968286000000E-013
  -32.3399985486111       2.048732311000000E-014  1.485480575000000E-013
  -32.1720015347222       2.177256856000000E-014  1.545588337000000E-013
  -32.0040012916667       2.248368999000000E-014  1.545605413000000E-013
  -31.8360010486111       2.258879492000000E-014  1.492557027000000E-013
  -31.6680008055556       2.214137009000000E-014  1.411766483000000E-013
  -31.5000005555556       2.114482397000000E-014  1.340408497000000E-013
  -31.3320003125000       1.965519964000000E-014  1.305090747000000E-013
  -31.1640000694444       1.794250580000000E-014  1.320869277000000E-013
  -30.9959998263889       1.721636986000000E-014  1.390714800000000E-013
  -30.8279995833333       1.832629643000000E-014  1.509000580000000E-013
  -30.6599993333333       2.067216095000000E-014  1.651961445000000E-013
  -30.4919990902778       2.286645232000000E-014  1.774485913000000E-013
  -30.3239988472222       2.417424747000000E-014  1.834728929000000E-013
  -30.1559986041667       2.452500551000000E-014  1.826294785000000E-013
  -29.9880015902778       2.396096288000000E-014  1.765393116000000E-013
  -29.8200013472222       2.259350103000000E-014  1.678477507000000E-013
  -29.6520011041667       2.048828534000000E-014  1.604668818000000E-013
  -29.4840008611111       1.783296580000000E-014  1.577801746000000E-013
  -29.3160006111111       1.599908526000000E-014  1.617900150000000E-013
  -29.1480003680556       1.664173255000000E-014  1.726019636000000E-013
  -28.9800001250000       1.938512827000000E-014  1.873242907000000E-013
  -28.8119998819444       2.264868015000000E-014  2.009630120000000E-013
  -28.6439996388889       2.519038207000000E-014  2.082280474000000E-013
  -28.4759993958333       2.644596612000000E-014  2.065380066000000E-013
  -28.3079991458333       2.647678795000000E-014  1.970656575000000E-013
  -28.1399989027778       2.550215796000000E-014  1.836896656000000E-013
  -27.9719986597222       2.377165102000000E-014  1.708972455000000E-013
  -27.8039984166667       2.139017045000000E-014  1.636799149000000E-013
  -27.6360014027778       1.915930420000000E-014  1.653856224000000E-013
  -27.4680011597222       1.870725796000000E-014  1.765065822000000E-013
  -27.3000009166667       2.049977619000000E-014  1.942298725000000E-013
  -27.1320006736111       2.356933550000000E-014  2.132386878000000E-013
  -26.9640004236111       2.649486872000000E-014  2.278438668000000E-013
  -26.7960001805556       2.860039272000000E-014  2.337014859000000E-013
  -26.6279999375000       2.953619472000000E-014  2.290529962000000E-013
  -26.4599996944444       2.921496595000000E-014  2.162194306000000E-013
  -26.2919994513889       2.781123923000000E-014  2.001612716000000E-013
  -26.1239992013889       2.581971570000000E-014  1.877045475000000E-013
  -25.9560005763889       2.385074018000000E-014  1.851705367000000E-013
  -25.7880003333333       2.308553569000000E-014  1.954213701000000E-013
  -25.6200000902778       2.497974192000000E-014  2.161064432000000E-013
  -25.4519998402778       2.883508184000000E-014  2.397324147000000E-013
  -25.2839995972222       3.244437393000000E-014  2.566571630000000E-013
  -25.1159993541667       3.445369193000000E-014  2.603138787000000E-013
  -24.9480007291667       3.477491732000000E-014  2.497366463000000E-013
  -24.7800004791667       3.385359281000000E-014  2.282810985000000E-013
  -24.6120002361111       3.180835044000000E-014  2.040719481000000E-013
  -24.4439999930556       2.885678282000000E-014  1.863661948000000E-013
  -24.2759997500000       2.571118367000000E-014  1.816471642000000E-013
  -24.1079995069444       2.314813820000000E-014  1.928091340000000E-013
  -23.9399992569444       2.315982726000000E-014  2.169246092000000E-013
  -23.7720006319444       2.663304012000000E-014  2.487448724000000E-013
  -23.6040003888889       3.127193464000000E-014  2.790776236000000E-013
  -23.4360001458333       3.491882483000000E-014  2.986950422000000E-013
  -23.2679999027778       3.654690686000000E-014  3.025018658000000E-013
  -23.0999996527778       3.626400802000000E-014  2.886901872000000E-013
  -22.9319994097222       3.441085240000000E-014  2.618877608000000E-013
  -22.7640007847222       3.127885659000000E-014  2.314344192000000E-013
  -22.5960005416667       2.758758865000000E-014  2.089807548000000E-013
  -22.4280002916667       2.389357633000000E-014  2.048728483000000E-013
  -22.2600000486111       2.101504836000000E-014  2.208801447000000E-013
  -22.0919998055556       2.206844394000000E-014  2.519827066000000E-013
  -21.9239995625000       2.687296898000000E-014  2.878119292000000E-013
  -21.7559993194444       3.233217594000000E-014  3.176863341000000E-013
  -21.5880006875000       3.581350169000000E-014  3.322334812000000E-013
  -21.4200004444444       3.645703666000000E-014  3.274188104000000E-013
  -21.2520002013889       3.472433590000000E-014  3.055679353000000E-013
  -21.0839999583333       3.176422002000000E-014  2.734997558000000E-013
  -20.9159997083333       2.873195049000000E-014  2.430379032000000E-013
  -20.7479994652778       2.573385874000000E-014  2.265267509000000E-013
  -20.5799992222222       2.305874065000000E-014  2.313128530000000E-013
  -20.4120005972222       2.328207614000000E-014  2.576124264000000E-013
  -20.2440003472222       2.696882770000000E-014  2.970735637000000E-013
  -20.0760001041667       3.200962241000000E-014  3.381857782000000E-013
  -19.9079998611111       3.650107899000000E-014  3.681934586000000E-013
  -19.7399996180556       3.929863908000000E-014  3.771163611000000E-013
  -19.5719993750000       4.000231339000000E-014  3.620471436000000E-013
  -19.4040007430556       3.861078395000000E-014  3.290747937000000E-013
  -19.2360005000000       3.541485410000000E-014  2.913421728000000E-013
  -19.0680002569444       3.134268900000000E-014  2.622720292000000E-013
  -18.9000000138889       2.797120479000000E-014  2.562656305000000E-013
  -18.7319997638889       2.723749808000000E-014  2.773847775000000E-013
  -18.5639995208333       3.127232766000000E-014  3.177707934000000E-013
  -18.3959992777778       3.812030783000000E-014  3.632634016000000E-013
  -18.2280006527778       4.491078462000000E-014  3.998515928000000E-013
  -18.0600004097222       4.993876880000000E-014  4.144983239000000E-013
  -17.8920001597222       5.251261394000000E-014  4.021358713000000E-013
  -17.7239999166667       5.188716820000000E-014  3.656188579000000E-013
  -17.5559996736111       4.749756564000000E-014  3.180420337000000E-013
  -17.3879994305556       4.084042878000000E-014  2.772288421000000E-013
  -17.2200007986111       3.443713752000000E-014  2.623600664000000E-013
  -17.0520005555556       3.047296912000000E-014  2.837987278000000E-013
  -16.8840003125000       3.066704131000000E-014  3.352693015000000E-013
  -16.7160000694444       3.751452342000000E-014  4.007566577000000E-013
  -16.5479998263889       4.703382527000000E-014  4.605239259000000E-013
  -16.3799995763889       5.380700564000000E-014  4.970721642000000E-013
  -16.2119993333333       5.558116359000000E-014  4.977710952000000E-013
  -16.0440007083333       5.326599215000000E-014  4.614512982000000E-013
  -15.8760004652778       4.840335218000000E-014  4.000221378000000E-013
  -15.7080002152778       4.182663263000000E-014  3.339588805000000E-013
  -15.5399999722222       3.497284859000000E-014  2.862918236000000E-013
  -15.3719997291667       3.009018138000000E-014  2.756264455000000E-013
  -15.2039994861111       2.807279792000000E-014  3.057373690000000E-013
  -15.0359992430556       3.193917976000000E-014  3.681442358000000E-013
  -14.8680006111111       4.135911787000000E-014  4.447104306000000E-013
  -14.7000003680556       5.079948303000000E-014  5.113925234000000E-013
  -14.5320001250000       5.607095192000000E-014  5.444291936000000E-013
  -14.3639998819444       5.619330752000000E-014  5.329145870000000E-013
  -14.1959996319444       5.261650084000000E-014  4.826570458000000E-013
  -14.0279993888889       4.733454229000000E-014  4.117408454000000E-013
  -13.8600007638889       4.180011033000000E-014  3.470032963000000E-013
  -13.6920005208333       3.634733912000000E-014  3.151808241000000E-013
  -13.5240002708333       3.255781875000000E-014  3.305858462000000E-013
  -13.3560000277778       3.519691252000000E-014  3.848649914000000E-013
  -13.1879997847222       4.390315422000000E-014  4.620271722000000E-013
  -13.0200003472222       5.476165921000000E-014  5.384812062000000E-013
  -12.8520001041667       6.368277623000000E-014  5.888369219000000E-013
  -12.6839998611111       6.791755472000000E-014  5.926754855000000E-013
  -12.5159996180556       6.673368048000000E-014  5.504667902000000E-013
  -12.3480001805556       6.072404948999999E-014  4.801091707000000E-013
  -12.1799999375000       5.169509501000000E-014  4.076490664000000E-013
  -12.0119996944444       4.287322653000000E-014  3.634793746000000E-013
  -11.8440002569444       3.687441723000000E-014  3.712422622000000E-013
  -11.6760000138889       3.714203560000000E-014  4.323553776000000E-013
  -11.5079997638889       4.613632610000000E-014  5.249377322000000E-013
  -11.3400003333333       5.976530306000000E-014  6.198407130000000E-013
  -11.1720000833333       7.166580425999999E-014  6.874871766000000E-013
  -11.0039998402778       7.789708006000000E-014  7.023162976000000E-013
  -10.8359995972222       7.772870346000000E-014  6.555402380000000E-013
  -10.6680001597222       7.224527644000001E-014  5.626994638000000E-013
  -10.4999999166667       6.241586566000000E-014  4.585718198000000E-013
  -10.3319996736111       5.081208349000000E-014  3.832475244000000E-013
  -10.1640002361111       4.348433709000000E-014  3.660506414000000E-013
  -9.99599999305556       4.244685387000000E-014  4.146964347000000E-013
  -9.82799975000000       4.929947238000000E-014  5.172462935000000E-013
  -9.66000031250000       6.530630122000000E-014  6.428761061000000E-013
  -9.49200006944444       8.192691046000000E-014  7.533178725000000E-013
  -9.32399981944444       9.194194342000000E-014  8.123599991000000E-013
  -9.15600038888889       9.340335986000000E-014  7.994465008000000E-013
  -8.98800013888889       8.809310703000000E-014  7.166199600000000E-013
  -8.81999989583333       7.796148167000000E-014  5.939427010000000E-013
  -8.65199965277778       6.484556273000000E-014  4.756535335000000E-013
  -8.48400021527778       5.222729259000000E-014  4.077448286000000E-013
  -8.31599997222222       4.272115363000000E-014  4.174879030000000E-013
  -8.14799972916667       4.191633341000000E-014  4.984305069000000E-013
  -7.98000029166667       5.674872397000000E-014  6.267266437000000E-013
  -7.81200004861111       7.924676269000000E-014  7.582135332000000E-013
  -7.64399980555556       9.750152888000000E-014  8.475680552000000E-013
  -7.47600036805556       1.045170759000000E-013  8.650801429000000E-013
  -7.30800012500000       1.004885059000000E-013  8.082156906000000E-013
  -7.13999988194444       9.042291519000000E-014  6.964781399000000E-013
  -6.97199963194444       7.837510480000000E-014  5.669046504000000E-013
  -6.80400019791667       6.556964714999999E-014  4.652161902000000E-013
  -6.63599995347222       5.406617062000000E-014  4.358789534000000E-013
  -6.46800011388889       5.161470819000000E-014  4.888440997000000E-013
  -6.29999986944444       6.347809918999999E-014  6.030054928000000E-013
  -6.13200002916667       8.274429047999999E-014  7.384569844000000E-013
  -5.96400018888889       9.999245625999999E-014  8.458448243000000E-013
  -5.79599994444444       1.089192010000000E-013  8.805510574000000E-013
  -5.62800010416667       1.089079795000000E-013  8.302356740000000E-013
  -5.45999985972222       1.014854772000000E-013  7.196937816000000E-013
  -5.29200001944444       8.672319048000000E-014  5.911432368000000E-013
  -5.12400017916667       6.834328025000000E-014  4.894435551000000E-013
  -4.95599993472222       5.494888737000000E-014  4.545323536000000E-013
  -4.78800009444444       5.301192292000000E-014  5.028318799000000E-013
  -4.61999985000000       6.482009753000000E-014  6.309795351000000E-013
  -4.45200000972222       8.986961295000000E-014  8.006677461000000E-013
  -4.28400016944444       1.147792256000000E-013  9.496501892000000E-013
  -4.11599992500000       1.289807155000000E-013  1.026076576000000E-012
  -3.94800008541667       1.298601661000000E-013  1.004093835000000E-012
  -3.77999984097222       1.205953875000000E-013  8.933567319000000E-013
  -3.61200000069444       1.052033894000000E-013  7.324879093000000E-013
  -3.44400016041667       8.561754821000000E-014  5.726295089000000E-013
  -3.27599991597222       6.587223442000000E-014  4.768337960000000E-013
  -3.10800007569444       5.441994579000000E-014  4.812306695000000E-013
  -2.94000003333333       5.844202752999999E-014  5.846232244000001E-013
  -2.77199999097222       8.369924220000000E-014  7.613437333000000E-013
  -2.60399994861111       1.179422364000000E-013  9.558160470000001E-013
  -2.43599990625000       1.426911161000000E-013  1.099986855000000E-012
  -2.26800006597222       1.486997645000000E-013  1.143338137000000E-012
  -2.10000002361111       1.393655292000000E-013  1.076306579000000E-012
  -1.93199998125000       1.223453305000000E-013  9.243044697999999E-013
  -1.76399993888889       1.028506029000000E-013  7.345295704000000E-013
  -1.59599999791667       8.346457341000000E-014  5.688913967000000E-013
  -1.42799995555556       6.598371750999999E-014  4.837590831000000E-013
  -1.26000001458333       6.335775951999999E-014  5.141852113000000E-013
  -1.09199997222222       8.755123633000000E-014  6.461498545000000E-013
 -0.924000030555556       1.279000370000000E-013  8.337928872000000E-013
 -0.755999988194444       1.654387212000000E-013  9.989520062000000E-013
 -0.587999996527778       1.891501821000000E-013  1.081803917000000E-012
 -0.420000004722222       1.945783622000000E-013  1.049066216000000E-012
 -0.251999987708333       1.909511909000000E-013  9.419598347999999E-013
 -8.400000222222222E-002  1.805079794000000E-013  7.830484850000000E-013
  8.400000222222222E-002  1.789584648000000E-013  6.707829821000000E-013
  0.251999987708333       2.113739820000000E-013  6.165702172000000E-013
  0.420000004722222       3.392847526000000E-013  7.457783848000000E-013
  0.587999996527778       6.313147704000000E-013  1.074015985000000E-012
  0.755999988194444       1.218669805000000E-012  1.706823051000000E-012
  0.924000030555556       2.234149064000000E-012  2.732959258000000E-012
   1.09199997222222       4.006764972000000E-012  4.360849355000000E-012
   1.26000001458333       6.966457793000000E-012  7.302815469999999E-012
   1.42799995555556       1.164882513000000E-011  1.279030094000000E-011
   1.59599999791667       2.041582528000000E-011  2.470568021000000E-011
   1.76399993888889       3.725328032000000E-011  4.949187934000000E-011
   1.93199998125000       7.474487695000000E-011  9.807770568000000E-011
   2.10000002361111       1.550119894000000E-010  1.865245874000000E-010
   2.26800006597222       3.162460849000000E-010  3.502175216000000E-010
   2.43599990625000       6.247484752000000E-010  7.231117372000000E-010
   2.60399994861111       1.149696782000000E-009  1.584894216000000E-009
   2.77199999097222       2.318354619000000E-009  3.498986212000000E-009
   2.94000003333333       5.815933068000000E-009  7.236363064000000E-009
   3.10800007569444       2.331078797000000E-008  1.547427431000000E-008
   3.27599991597222       2.703731070000000E-007  8.638985349000000E-008
   3.44400016041667       1.311167694000000E-006  1.608357138000000E-006
   3.61200000069444       3.399215302000000E-006  5.734562819000000E-006
   3.77999984097222       1.226623135000000E-005  1.726727351000000E-005
   3.94800008541667       4.105186963000000E-005  6.450904766000000E-005
   4.11599992500000       1.247656182000000E-004  2.228075755000000E-004
   4.28400016944444       3.499344457000000E-004  4.657156533000000E-004
   4.45200000972222       7.785470225000000E-004  8.714904543000000E-004
   4.61999985000000       1.410957426000000E-003  1.507590059000000E-003
   4.78800009444444       2.343684202000000E-003  2.448787680000000E-003
   4.95599993472222       4.022544716000000E-003  4.166654311000000E-003
   5.12400017916667       6.384233478000000E-003  6.813755259000000E-003
   5.29200001944444       9.136323817000001E-003  1.009166334000000E-002
   5.45999985972222       1.269005146000000E-002  1.416833326000000E-002
   5.62800010416667       1.714712195000000E-002  1.878957823000000E-002
   5.79599994444444       2.215944044000000E-002  2.358323894000000E-002
   5.96400018888889       2.751182392000000E-002  2.854800411000000E-002
   6.13200002916667       3.264617175000000E-002  3.424255550000000E-002
   6.29999986944444       3.769748285000000E-002  4.042150080000000E-002
   6.46800011388889       4.322973266000000E-002  4.627506807000000E-002
   6.63599995347222       4.829337448000000E-002  5.154354498000000E-002
   6.80400019791667       5.290490761000000E-002  5.635016412000000E-002
   6.97199963194444       5.721103400000000E-002  6.028168648000000E-002
   7.13999988194444       6.030666456000000E-002  6.354765594000000E-002
   7.30800012500000       6.266694516000000E-002  6.591764092000001E-002
   7.47600036805556       6.483836472000000E-002  6.740944833000000E-002
   7.64399980555556       6.679860502000000E-002  6.872878223999999E-002
   7.81200004861111       6.858385354000000E-002  6.938409060000000E-002
   7.98000029166667       6.939855963000000E-002  6.989461184000000E-002
   8.14799972916667       6.946836412000000E-002  7.004079968000000E-002
   8.31599997222222       6.895098090000000E-002  6.969951838000001E-002
   8.48400021527778       6.803221256000000E-002  6.909821182000001E-002
   8.65199965277778       6.716428697000000E-002  6.850991398000000E-002
   8.81999989583333       6.600037961999999E-002  6.808412820000000E-002
   8.98800013888889       6.482969970000001E-002  6.718768924000000E-002
   9.15600038888889       6.346943229000000E-002  6.580545753000000E-002
   9.32399981944444       6.241742149000000E-002  6.490789354000000E-002
   9.49200006944444       6.138809398000000E-002  6.383174658000000E-002
   9.66000031250000       5.984074995000000E-002  6.229829043000000E-002
   9.82799975000000       5.809469894000000E-002  6.050974876000000E-002
   9.99599999305556       5.618295819000000E-002  5.842083693000000E-002
   10.1640002361111       5.417451262000000E-002  5.629870668000000E-002
   10.3319996736111       5.202469975000000E-002  5.387711152000000E-002
   10.4999999166667       4.950074852000000E-002  5.091007799000000E-002
   10.6680001597222       4.651310667000000E-002  4.776049033000000E-002
   10.8359995972222       4.298442975000000E-002  4.417827725000000E-002
   11.0039998402778       3.931259364000000E-002  4.037979245000000E-002
   11.1720000833333       3.524513543000000E-002  3.636976704000000E-002
   11.3400003333333       3.088205308000000E-002  3.224917129000000E-002
   11.5079997638889       2.677677758000000E-002  2.781653032000000E-002
   11.6760000138889       2.292282693000000E-002  2.359214984000000E-002
   11.8440002569444       1.963556558000000E-002  1.986841671000000E-002
   12.0119996944444       1.625126600000000E-002  1.633596607000000E-002
   12.1799999375000       1.264928933000000E-002  1.321164146000000E-002
   12.3480001805556       9.747327304999999E-003  1.051085442000000E-002
   12.5159996180556       7.333490066000000E-003  8.157235570000001E-003
   12.6839998611111       5.245422013000000E-003  6.147797685000000E-003
   12.8520001041667       3.822991857000000E-003  4.491846077000000E-003
   13.0200003472222       2.898773178000000E-003  3.344474826000000E-003
   13.1879997847222       2.117221942000000E-003  2.434187336000000E-003
   13.3560000277778       1.491442556000000E-003  1.727252733000000E-003
   13.5240002708333       9.241952212000000E-004  1.053542015000000E-003
   13.6920005208333       4.579397792000000E-004  4.876857274000000E-004
   13.8600007638889       2.509015321000000E-004  2.596596605000000E-004
   14.0279993888889       1.273165690000000E-004  1.614435605000000E-004
   14.1959996319444       6.151860725000000E-005  6.684217805999999E-005
   14.3639998819444       2.799881258000000E-005  2.541545291000000E-005
   14.5320001250000       4.586892828000000E-006  1.044956116000000E-005
   14.7000003680556       1.697964365000000E-007  2.328619757000000E-006
   14.8680006111111       6.895479299000000E-009  1.466583797000000E-007
   15.0359992430556       2.445717850000000E-009  1.526979876000000E-009
   15.2039994861111       3.420947692000000E-010  4.574505497000000E-010
   15.3719997291667       1.899599748000000E-011  1.248323944000000E-010
   15.5399999722222       1.337260381000000E-012  3.550679716000000E-012
   15.7080002152778       3.058745206000000E-013  3.203684063000000E-013
   15.8760004652778       3.456114315000000E-014  9.152017523000001E-014
   16.0440007083333       2.542778296000000E-015  8.064801438000000E-015
   16.2119993333333       1.901570570000000E-016  3.983949322000000E-016
   16.3799995763889       1.931514045000000E-017  6.722553087000000E-017
   16.5479998263889       1.236111307000000E-018  8.615062919000000E-018
   16.7160000694444       1.785710915000000E-019  2.553740746000000E-019
   16.8840003125000       1.140249330000000E-020  4.089316962000000E-020
   17.0520005555556       1.970783053000000E-021  5.413688295000000E-021
   17.2200007986111       1.871433658000000E-022  2.949485544000000E-022
   17.3879994305556       3.226742763000000E-023  4.429268443000000E-023
   17.5559996736111       2.901452695000000E-024  3.301017449000000E-024
   17.7239999166667       1.928920837000000E-025  2.385621874000000E-025
   17.8920001597222       3.251708995000000E-026  2.583971519000000E-026
   18.0600004097222       8.190393800000000E-027  3.014742112000000E-027
   18.2280006527778       5.312095639000000E-028  2.822565408000000E-028
   18.3959992777778       1.278013407000000E-028  1.347375654000000E-028
   18.5639995208333       1.202787787000000E-028  1.178990636000000E-028
   18.7319997638889       1.161934360000000E-028  1.139580091000000E-028
   18.9000000138889       1.139209590000000E-028  1.136460686000000E-028
   19.0680002569444       1.138239042000000E-028  1.135692481000000E-028
   19.2360005000000       1.138249995000000E-028  1.135390712000000E-028
   19.4040007430556       1.138213162000000E-028  1.135672620000000E-028
   19.5719993750000       1.138620616000000E-028  1.135778786000000E-028
   19.7399996180556       1.138846913000000E-028  1.135978000000000E-028
   19.9079998611111       1.139200081000000E-028  1.136225241000000E-028
   20.0760001041667       1.139423970000000E-028  1.136470556000000E-028
   20.2440003472222       1.139817100000000E-028  1.136749094000000E-028
   20.4120005972222       1.139986703000000E-028  1.137076984000000E-028
   20.5799992222222       1.140297740000000E-028  1.137431355000000E-028
   20.7479994652778       1.140472518000000E-028  1.137627559000000E-028
   20.9159997083333       1.140730112000000E-028  1.137989634000000E-028
   21.0839999583333       1.141096640000000E-028  1.138119875000000E-028
   21.2520002013889       1.141201603000000E-028  1.138364468000000E-028
   21.4200004444444       1.141352307000000E-028  1.138713543000000E-028
   21.5880006875000       1.141780706000000E-028  1.138954765000000E-028
   21.7559993194444       1.141963910000000E-028  1.139259784000000E-028
   21.9239995625000       1.142349337000000E-028  1.139523035000000E-028
   22.0919998055556       1.142857783000000E-028  1.139647258000000E-028
   22.2600000486111       1.143055792000000E-028  1.139827573000000E-028
   22.4280002916667       1.143216126000000E-028  1.140031962000000E-028
   22.5960005416667       1.143442904000000E-028  1.140232620000000E-028
   22.7640007847222       1.143597581000000E-028  1.140426537000000E-028
   22.9319994097222       1.143667396000000E-028  1.140525602000000E-028
   23.0999996527778       1.143994443000000E-028  1.140855779000000E-028
   23.2679999027778       1.144037294000000E-028  1.141049696000000E-028
   23.4360001458333       1.144258054000000E-028  1.141173798000000E-028
   23.6040003888889       1.144525157000000E-028  1.141352307000000E-028
   23.7720006319444       1.144804898000000E-028  1.141784919000000E-028
   23.9399992569444       1.145036130000000E-028  1.141840169000000E-028
   24.1079995069444       1.145347769000000E-028  1.141922503000000E-028
   24.2759997500000       1.145474279000000E-028  1.142314670000000E-028
   24.4439999930556       1.145692390000000E-028  1.142606088000000E-028
   24.6120002361111       1.145847548000000E-028  1.143173394000000E-028
   24.7800004791667       1.146004873000000E-028  1.143415580000000E-028
   24.9480007291667       1.146165327000000E-028  1.143758516000000E-028
   25.1159993541667       1.146376697000000E-028  1.144175360000000E-028
   25.2839995972222       1.146550031000000E-028  1.144516971000000E-028
   25.4519998402778       1.146745272000000E-028  1.144805500000000E-028
   25.6200000902778       1.146915236000000E-028  1.145049732000000E-028
   25.7880003333333       1.147099162000000E-028  1.145442381000000E-028
   25.9560005763889       1.147227597000000E-028  1.145943363000000E-028
   26.1239992013889       1.147462440000000E-028  1.146283410000000E-028
   26.2919994513889       1.147543450000000E-028  1.146547022000000E-028
   26.4599996944444       1.147740978000000E-028  1.146925467000000E-028
   26.6279999375000       1.147860988000000E-028  1.147142616000000E-028
   26.7960001805556       1.147992192000000E-028  1.147324496000000E-028
   26.9640004236111       1.148244729000000E-028  1.147668996000000E-028
   27.1320006736111       1.148393266000000E-028  1.147871339000000E-028
   27.3000009166667       1.148593684000000E-028  1.148041182000000E-028
   27.4680011597222       1.148733915000000E-028  1.148173470000000E-028
   27.6360014027778       1.148910981000000E-028  1.148501720000000E-028
   27.8039984166667       1.149038694000000E-028  1.148680952000000E-028
   27.9719986597222       1.149376574000000E-028  1.148911823000000E-028
   28.1399989027778       1.149628269000000E-028  1.149028703000000E-028
   28.3079991458333       1.149657158000000E-028  1.149193129000000E-028
   28.4759993958333       1.149832177000000E-028  1.149304352000000E-028
   28.6439996388889       1.149952548000000E-028  1.149394991000000E-028
   28.8119998819444       1.150137437000000E-028  1.149627186000000E-028
   28.9800001250000       1.150242280000000E-028  1.149768260000000E-028
   29.1480003680556       1.150331595000000E-028  1.149955075000000E-028
   29.3160006111111       1.150395873000000E-028  1.150061964000000E-028
   29.4840008611111       1.150541762000000E-028  1.150019112000000E-028
   29.6520011041667       1.150652623000000E-028  1.150215076000000E-028
   29.8200013472222       1.150853522000000E-028  1.150228076000000E-028
   29.9880015902778       1.150829688000000E-028  1.150380345000000E-028
   30.1559986041667       1.150843892000000E-028  1.150427289000000E-028
   30.3239988472222       1.150966550000000E-028  1.150513715000000E-028
   30.4919990902778       1.150837151000000E-028  1.150753614000000E-028
   30.6599993333333       1.150999772000000E-028  1.150828966000000E-028
   30.8279995833333       1.151172022000000E-028  1.150811994000000E-028
   30.9959998263889       1.151161911000000E-028  1.150951985000000E-028
   31.1640000694444       1.151375088000000E-028  1.151017466000000E-028
   31.3320003125000       1.151332717000000E-028  1.151050568000000E-028
   31.5000005555556       1.151539393000000E-028  1.151247856000000E-028
   31.6680008055556       1.151560940000000E-028  1.151278430000000E-028
   31.8360010486111       1.151640986000000E-028  1.151303587000000E-028
   32.0040012916667       1.151647847000000E-028  1.151270245000000E-028
   32.1720015347222       1.151866922000000E-028  1.151508338000000E-028
   32.3399985486111       1.151898218000000E-028  1.151538190000000E-028
   32.5079987916667       1.151932163000000E-028  1.151476319000000E-028
   32.6759990347222       1.151896413000000E-028  1.151580079000000E-028
   32.8439992777778       1.152080941000000E-028  1.151713570000000E-028
   33.0119995277778       1.152118496000000E-028  1.151697922000000E-028
   33.1799997708333       1.152111395000000E-028  1.151667107000000E-028
   33.3480000138889       1.152158700000000E-028  1.151891116000000E-028
   33.5160002569444       1.152027135000000E-028  1.151978024000000E-028
   33.6840005000000       1.152231525000000E-028  1.152003663000000E-028
   33.8520007500000       1.152030506000000E-028  1.152063126000000E-028
   34.0200009930556       1.152089969000000E-028  1.152082265000000E-028
   34.1880012361111       1.152286173000000E-028  1.152104654000000E-028
   34.3560014791667       1.152132339000000E-028  1.152252830000000E-028
   34.5239984930556       1.152194811000000E-028  1.152199265000000E-028
   34.6919987361111       1.152255960000000E-028  1.152277506000000E-028
   34.8599989791667       1.152246932000000E-028  1.152134145000000E-028
   35.0279992222222       1.152124876000000E-028  1.152130293000000E-028
   35.1959994652778       1.152236219000000E-028  1.152136672000000E-028
   35.3639997152778       1.152156534000000E-028  1.152176154000000E-028
   35.5319999583333       1.152192765000000E-028  1.152218404000000E-028
   35.7000002013889       1.152224182000000E-028  1.152312775000000E-028
   35.8680004444444       1.152296404000000E-028  1.152197580000000E-028
   36.0360006875000       1.152056265000000E-028  1.152170737000000E-028
   36.2040009375000       1.152268719000000E-028  1.152271006000000E-028
   36.3720011805556       1.152218163000000E-028  1.152300497000000E-028
   36.5400014236111       1.152302784000000E-028  1.152288219000000E-028
   36.7079984375000       1.152188432000000E-028  1.152265951000000E-028
   36.8759986805556       1.152090811000000E-028  1.152178923000000E-028
   37.0439989236111       1.152271488000000E-028  1.152281117000000E-028
   37.2119991666667       1.152295682000000E-028  1.152279552000000E-028
   37.3799994097222       1.152185061000000E-028  1.152297849000000E-028
   37.5479996597222       1.152257645000000E-028  1.152220089000000E-028
   37.7159999027778       1.152367784000000E-028  1.152385960000000E-028
   37.8840001458333       1.151727051000000E-028  1.151512310000000E-028
   38.0520003888889       1.107030310000000E-028  1.119243956000000E-028
   38.2200006319444       1.120178874000000E-028  1.116998081000000E-028
   38.3880008819444       1.127165306000000E-028  1.125973155000000E-028
   38.5560011250000       1.123938410000000E-028  1.124230429000000E-028
   38.7240013680556       1.133920986000000E-028  1.118485139000000E-028
   38.8920016111111       1.116120097000000E-028  1.119055816000000E-028
   39.0599986250000       1.117946481000000E-028  1.119550540000000E-028
   39.2279988680556       1.118519445000000E-028  1.118824705000000E-028
   39.3959991111111       1.118546769000000E-028  1.118770418000000E-028
   39.5639993541667       1.118430371000000E-028  1.118661241000000E-028
   39.7319995972222       1.118617547000000E-028  1.118678334000000E-028
   39.8999998472222       1.118645473000000E-028  1.118763918000000E-028
   40.0680000902778       1.118508371000000E-028  1.118767769000000E-028
   40.2360003333333       1.118443852000000E-028  1.118716251000000E-028
   40.4040005763889       1.118432537000000E-028  1.118618510000000E-028
   40.5720008194444       1.118479000000000E-028  1.118773186000000E-028
   40.7400010694444       1.118600815000000E-028  1.118775834000000E-028
   40.9080013125000       1.118375000000000E-028  1.118889223000000E-028
   41.0760015555556       1.118421222000000E-028  1.118756455000000E-028
   41.2439985694444       1.118448185000000E-028  1.118809658000000E-028
   41.4119988125000       1.118418574000000E-028  1.118673760000000E-028
   41.5799990555556       1.118409306000000E-028  1.118705177000000E-028
   41.7479992986111       1.118454445000000E-028  1.118662445000000E-028
   41.9159995416667       1.118476954000000E-028  1.118745742000000E-028
   42.0839997916667       1.118599852000000E-028  1.118746584000000E-028
   42.2520000347222       1.118547852000000E-028  1.118814473000000E-028
   42.4200002777778       1.118527871000000E-028  1.118737075000000E-028
   42.5880005208333       1.118467204000000E-028  1.118627417000000E-028
   42.7560007638889       1.118407259000000E-028  1.118711195000000E-028
   42.9240010138889       1.118604306000000E-028  1.118848538000000E-028
   43.0920012569444       1.118409667000000E-028  1.118826270000000E-028
   43.2600015000000       1.118563019000000E-028  1.118935687000000E-028
   43.4279985138889       1.118355620000000E-028  1.118717816000000E-028
   43.5959987569444       1.118409426000000E-028  1.118891631000000E-028
   43.7639990000000       1.118457334000000E-028  1.118778964000000E-028
   43.9319992430556       1.118451797000000E-028  1.118838307000000E-028
   44.0999994861111       1.118500186000000E-028  1.118882603000000E-028
   44.2679997361111       1.118380898000000E-028  1.118884168000000E-028
   44.4359999791667       1.118386195000000E-028  1.118677612000000E-028
   44.6040002222222       1.118514028000000E-028  1.118740686000000E-028
   44.7720004652778       1.118334435000000E-028  1.118667621000000E-028
   44.9400007083333       1.118549538000000E-028  1.118786668000000E-028
   45.1080009513889       1.118614177000000E-028  1.118856964000000E-028
   45.2760012013889       1.118471658000000E-028  1.118817723000000E-028
   45.4440014444444       1.118344065000000E-028  1.118823501000000E-028
   45.6119984513889       1.118339852000000E-028  1.118875862000000E-028
   45.7799987013889       1.118453843000000E-028  1.118802918000000E-028
   45.9479989444444       1.118574815000000E-028  1.118912455000000E-028
   46.1159991875000       1.118487306000000E-028  1.118898492000000E-028
   46.2839994305556       1.118472861000000E-028  1.118891270000000E-028
   46.4519996736111       1.118413158000000E-028  1.118833251000000E-028
   46.6199999236111       1.118489473000000E-028  1.118868520000000E-028
   46.7880001666667       1.118327574000000E-028  1.118826751000000E-028
   46.9560004097222       1.118526186000000E-028  1.118936409000000E-028
   47.1240006527778       1.118445056000000E-028  1.119026205000000E-028
   47.2920008958333       1.118489593000000E-028  1.118778001000000E-028
   47.4600011458333       1.118565667000000E-028  1.118763436000000E-028
   47.6280013888889       1.118452639000000E-028  1.118772825000000E-028
   47.7959983958333       1.118400037000000E-028  1.118923890000000E-028
   47.9639986458333       1.118458778000000E-028  1.118888020000000E-028
   48.1319988888889       1.118465760000000E-028  1.118905955000000E-028
   48.2999991319444       1.118523417000000E-028  1.118889705000000E-028
   48.4679993750000       1.118446982000000E-028  1.118846372000000E-028
   48.6359996180556       1.118385834000000E-028  1.118755131000000E-028
   48.8039998680556       1.118509093000000E-028  1.118922686000000E-028
   48.9720001111111       1.118631510000000E-028  1.118999964000000E-028
   49.1400003541667       1.118653297000000E-028  1.119025603000000E-028
   49.3080005972222       1.118500426000000E-028  1.118979501000000E-028
   49.4760008402778       1.118488149000000E-028  1.118835899000000E-028
   49.6440010902778       1.118397269000000E-028  1.118872251000000E-028
   49.8120013333333       1.118479482000000E-028  1.118819408000000E-028
   49.9800015763889       1.118647038000000E-028  1.118916909000000E-028
   50.1479985833333       1.118639695000000E-028  1.118905955000000E-028
   50.3159988333333       1.118530278000000E-028  1.118850344000000E-028
   50.4839990763889       1.118438315000000E-028  1.118872612000000E-028
   50.6519993194444       1.118570121000000E-028  1.118760427000000E-028
   50.8199995625000       1.118445417000000E-028  1.118916427000000E-028
   50.9879998055556       1.118398111000000E-028  1.119071585000000E-028
   51.1560000555556       1.118472500000000E-028  1.118970233000000E-028
   51.3240002986111       1.118457815000000E-028  1.119014529000000E-028
   51.4920005416667       1.118483815000000E-028  1.118827594000000E-028
   51.6600007847222       1.118500306000000E-028  1.118856844000000E-028
   51.8280010277778       1.118512463000000E-028  1.118832890000000E-028
   51.9960012777778       1.118616223000000E-028  1.118988409000000E-028
   52.1640015208333       1.118436389000000E-028  1.118998520000000E-028
   52.3319985277778       1.118492843000000E-028  1.118879714000000E-028
   52.4999987777778       1.118582278000000E-028  1.118846612000000E-028
   52.6679990208333       1.118478158000000E-028  1.118847334000000E-028
   52.8359992638889       1.118472741000000E-028  1.118799307000000E-028
   53.0039995069444       1.118487908000000E-028  1.118919075000000E-028
   53.1719997500000       1.118506926000000E-028  1.118917992000000E-028
   53.3400000000000       1.118434824000000E-028  1.118966501000000E-028
   53.5080002430556       1.118399195000000E-028  1.119016696000000E-028
   53.6760004861111       1.118391732000000E-028  1.118998159000000E-028
   53.8440007291667       1.118359713000000E-028  1.118812908000000E-028
   54.0120009722222       1.118534491000000E-028  1.118877788000000E-028
   54.1800012222222       1.118467926000000E-028  1.118979381000000E-028
   54.3480014652778       1.118556158000000E-028  1.118939659000000E-028
   54.5160017083333       1.118544963000000E-028  1.118932316000000E-028
   54.6840019513889       1.118395463000000E-028  1.118866714000000E-028
   54.8520021944444       1.118416287000000E-028  1.118819288000000E-028
   55.0200024444444       1.118518000000000E-028  1.118877427000000E-028
   55.1880026875000       1.118486102000000E-028  1.118951696000000E-028
   55.3560029305556       1.118550380000000E-028  1.118942307000000E-028
   55.5240031736111       1.118532565000000E-028  1.119099872000000E-028
   55.6919969513889       1.118487065000000E-028  1.118843603000000E-028
   55.8599971944444       1.118520528000000E-028  1.118876223000000E-028
   56.0279974375000       1.118575297000000E-028  1.118891390000000E-028
   56.1959976875000       1.118467565000000E-028  1.118953983000000E-028
   56.3639979305556       1.118441565000000E-028  1.118854196000000E-028
   56.5319981736111       1.118368500000000E-028  1.118914862000000E-028
   56.6999984166667       1.118582519000000E-028  1.118894881000000E-028
   56.8679986597222       1.118576862000000E-028  1.118937492000000E-028
   57.0359989097222       1.118564825000000E-028  1.118876464000000E-028
   57.2039991527778       1.118448065000000E-028  1.118956270000000E-028
   57.3719993958333       1.118554954000000E-028  1.119010437000000E-028
   57.5399996388889       1.118527269000000E-028  1.118926418000000E-028
   57.7079998819444       1.118540389000000E-028  1.118916307000000E-028
   57.8760001319444       1.118586973000000E-028  1.118978298000000E-028
   58.0440003750000       1.118577704000000E-028  1.118984437000000E-028
   58.2120006180556       1.118715769000000E-028  1.118986001000000E-028
   58.3800008611111       1.118625853000000E-028  1.119049798000000E-028
   58.5480011041667       1.118746344000000E-028  1.118975168000000E-028
   58.7160013541667       1.118630788000000E-028  1.119017298000000E-028
   58.8840015972222       1.118722029000000E-028  1.119274771000000E-028
   59.0520018402778       1.118792325000000E-028  1.119307391000000E-028
   59.2200020833333       1.118868881000000E-028  1.119341336000000E-028
   59.3880023263889       1.118992261000000E-028  1.119362280000000E-028
   59.5560025763889       1.119004057000000E-028  1.119621558000000E-028
   59.7240028194444       1.118592751000000E-028  1.119203752000000E-028
   59.8920030625000       1.118370306000000E-028  1.119070261000000E-028
   60.0599968402778       1.116235172000000E-028  1.117088238000000E-028
