  -60.0599968402778      -3.662003539274924E-046 -3.662003539274924E-046
  -59.8920030625000       1.654161660120846E-013  9.719792107250754E-013
  -59.7240028194444       5.896770986404833E-013  4.537201095166163E-012
  -59.5560025763889       1.154677058912387E-012  6.243132898791541E-012
  -59.3880023263889       1.273375916314199E-012  3.223021714501510E-012
  -59.2200020833333       7.654809984894259E-013  2.107152359516616E-013
  -59.0520018402778       6.557856389728096E-014  1.958800223564955E-014
  -58.8840015972222      -4.262526625377644E-014  1.321172610725075E-012
  -58.7160013541667       6.006616403323263E-013  2.708997342900302E-012
  -58.5480011041667       1.160359991993958E-012  3.226660294561934E-012
  -58.3800008611111       9.461202382175228E-013  2.199038031722055E-012
  -58.2120006180556       3.847251906344411E-013  8.003175161631420E-013
  -58.0440003750000       2.320249512084592E-014  1.387670085347432E-013
  -57.8760001319444      -1.552505083081571E-013 -1.910854824773414E-013
  -57.7079998819444      -4.508486043806647E-014 -5.630429196374622E-014
  -57.5399996388889       3.443452723564955E-013  8.481145460725075E-013
  -57.3719993958333       5.096608348942599E-013  1.277898901208459E-012
  -57.2039991527778       2.926898401812689E-013  6.481749930513595E-013
  -57.0359989097222       2.728638270392749E-014 -3.351843444108761E-014
  -56.8679986597222      -1.088400412990937E-013 -2.957901421450151E-013
  -56.6999984166667      -1.130237016767372E-013 -2.737792160120846E-013
  -56.5319981736111      -1.942871687311178E-014 -3.863345790030212E-014
  -56.3639979305556       6.157074472809667E-014  1.530769783987915E-013
  -56.1959976875000       5.984579545317220E-014  1.140218961480363E-013
  -56.0279974375000       1.113902629909366E-014 -2.985471155589124E-014
  -55.8599971944444      -3.001957580060423E-014 -1.216819947885196E-013
  -55.6919969513889      -4.092760873111782E-014 -1.205527998640483E-013
  -55.5240031736111      -2.867196031722055E-014 -6.368440308157100E-014
  -55.3560029305556      -1.459770591087613E-014 -1.582915780966767E-014
  -55.1880026875000      -1.002281232024169E-014  2.652651290030211E-015
  -55.0200024444444      -1.090217300000000E-014  1.283205745166163E-014
  -54.8520021944444      -1.056821252567976E-014  2.885567330815710E-014
  -54.6840019513889      -7.424189347432024E-015  4.782390495468278E-014
  -54.5160017083333      -3.100166382175227E-015  6.390601270392750E-014
  -54.3480014652778       1.356196970543807E-015  7.707112788519637E-014
  -54.1800012222222       6.196630098187311E-015  8.946137720543806E-014
  -54.0120009722222       1.163567343806647E-014  9.862759317220544E-014
  -53.8440007291667       1.719601509063444E-014  9.751271626888218E-014
  -53.6760004861111       2.208649143504532E-014  7.944879962235649E-014
  -53.5080002430556       2.564530809667674E-014  2.938149891238671E-014
  -53.3400000000000       2.613764725075529E-014 -1.043287346374622E-017
  -53.1719997500000       1.598118850453172E-014 -6.987993522658611E-015
  -53.0039995069444       4.392814774924471E-015 -6.739890723564955E-015
  -52.8359992638889      -1.442619634592145E-016 -4.745215528700906E-015
  -52.6679990208333      -1.148286627794562E-015 -4.243656397280967E-015
  -52.4999987777778      -9.121931702416918E-016 -4.486032577039274E-015
  -52.3319985277778      -1.233374654682779E-016 -4.420927383685801E-015
  -52.1640015208333       8.566055353474320E-016 -1.039610918882175E-015
  -51.9960012777778       1.633805380664653E-015  1.546587048338369E-015
  -51.8280010277778       1.944083898791541E-015  4.255509904833837E-015
  -51.6600007847222       2.226008072507553E-015  5.069150570996979E-015
  -51.4920005416667       2.203881503021148E-015  1.626851583081571E-015
  -51.3240002986111       1.891794400302115E-015 -2.290885206948640E-016
  -51.1560000555556       1.309100096223565E-015 -3.593904518126888E-015
  -50.9879998055556       8.388255203927492E-016 -6.509642868580061E-015
  -50.8199995625000       5.438519826283987E-016 -9.477259475830817E-015
  -50.6519993194444      -8.706826188821751E-017 -1.212405836555891E-014
  -50.4839990763889      -5.845605806646526E-016 -1.595277388217523E-014
  -50.3159988333333      -1.249113417371601E-015 -1.829163708459214E-014
  -50.1479985833333      -1.497608788368580E-015 -1.388975923413897E-014
  -49.9800015763889      -9.836691984894260E-016 -8.500428039274925E-015
  -49.8120013333333       8.918922216012085E-017 -4.757337302114803E-015
  -49.6440010902778       9.109929323262841E-016 -4.467084261329306E-015
  -49.4760008402778       1.236376416616314E-015 -7.835938542296072E-015
  -49.3080005972222       1.325350190332326E-015 -1.021956913746224E-014
  -49.1400003541667       7.642579601208460E-016 -1.204208088972810E-014
  -48.9720001111111       1.697738793051360E-016 -1.306003208610272E-014
  -48.8039998680556      -3.538803135951662E-016 -1.050653550755287E-014
  -48.6359996180556      -5.058216261329305E-016 -8.070424941087613E-015
  -48.4679993750000      -6.653499382175226E-016 -6.527157811178247E-015
  -48.2999991319444      -9.480566782477341E-016 -7.544809623867069E-015
  -48.1319988888889      -1.667442835347432E-015 -1.100715324924471E-014
  -47.9639986458333      -2.743369040785498E-015 -1.302049768580060E-014
  -47.7959983958333      -3.585782827794562E-015 -1.248894382326284E-014
  -47.6280013888889      -3.607070203927493E-015 -9.024298805135951E-015
  -47.4600011458333      -2.828394566465256E-015 -6.767635163141994E-015
  -47.2920008958333      -1.622627944108761E-015 -5.529541137462236E-015
  -47.1240006527778      -5.642208577039275E-016 -1.963066771903323E-015
  -46.9560004097222       2.963573285498489E-016  3.714326296072508E-015
  -46.7880001666667       8.643965596676736E-016  8.257863515105740E-015
  -46.6199999236111       8.472434004531721E-016  1.176890648942598E-014
  -46.4519996736111       3.458542694864049E-016  1.139796260271903E-014
  -46.2839994305556      -1.296425637613293E-016  5.427159697885196E-015
  -46.1159991875000      -5.916764762839879E-016 -1.237141827341390E-015
  -45.9479989444444      -6.027358297583082E-016 -7.123991126888218E-015
  -45.7799987013889      -5.917263155589125E-017 -7.321802010574019E-015
  -45.6119984513889       1.077221106042296E-015 -3.008059312688822E-015
  -45.4440014444444       2.397484963746223E-015 -1.552374427492447E-015
  -45.2760012013889       3.610657897280967E-015 -5.826189989425982E-015
  -45.1080009513889       4.346916664652568E-015 -1.052576355438066E-014
  -44.9400007083333       4.884206971299094E-015 -1.558242222054381E-014
  -44.7720004652778       4.486383386706949E-015 -1.900864126888217E-014
  -44.6040002222222       4.997280413897281E-015 -1.668145077039275E-014
  -44.4359999791667       7.053877638972810E-015 -4.312406279456193E-015
  -44.2679997361111       9.436491507552869E-015  4.991492871601208E-015
  -44.0999994861111       1.083683524169184E-014  1.423630562386707E-014
  -43.9319992430556       9.978331206948641E-015  2.300946389728097E-014
  -43.7639990000000       5.294285315709970E-015  2.906782580060423E-014
  -43.5959987569444      -5.074331812688822E-015  3.186209845921450E-014
  -43.4279985138889      -2.320780149546828E-014  3.454285941087613E-014
  -43.2600015000000      -5.109525277945619E-014  4.425840883685801E-014
  -43.0920012569444      -8.997138590634441E-014  7.018636154078549E-014
  -42.9240010138889      -1.394092754984894E-013  1.199042648489426E-013
  -42.7560007638889      -1.964987001510574E-013  1.954481809667674E-013
  -42.5880005208333      -2.554421092145015E-013  2.903349975830815E-013
  -42.4200002777778      -3.076932590634441E-013  3.883879622356495E-013
  -42.2520000347222      -3.428935761329305E-013  4.652673010574018E-013
  -42.0839997916667      -3.517750457703927E-013  4.940146563444109E-013
  -41.9159995416667      -3.325246883685800E-013  4.549901912386707E-013
  -41.7479992986111      -2.989017853474320E-013  3.472783280966767E-013
  -41.5799990555556      -2.823582253776435E-013  1.952695306646526E-013
  -41.4119988125000      -3.196258925981873E-013  4.475977536253776E-014
  -41.2439985694444      -4.285221472809668E-013 -5.197208474320242E-014
  -41.0760015555556      -5.896414188821752E-013 -5.728695253776434E-014
  -40.9080013125000      -7.514822098187311E-013  3.199385096676737E-014
  -40.7400010694444      -8.573622678247734E-013  1.750709870090634E-013
  -40.5720008194444      -8.738714685800605E-013  2.970358518126888E-013
  -40.4040005763889      -8.019316161631420E-013  3.204160459214502E-013
  -40.2360003333333      -6.682421903323263E-013  2.058813006042296E-013
  -40.0680000902778      -5.079710569486405E-013 -2.177012975830816E-014
  -39.8999998472222      -3.498602675226586E-013 -2.805541968277946E-013
  -39.7319995972222      -2.085949531722054E-013 -4.581374722054380E-013
  -39.5639993541667      -8.351079877643504E-014 -3.483657638972810E-013
  -39.3959991111111       4.406131069486405E-014 -4.773036090634441E-014
  -39.2279988680556       1.978464598187311E-013  2.083906436555891E-013
  -39.0599986250000       3.723677123867070E-013  4.198966619335347E-013
  -38.8920016111111       5.035065181268882E-013  5.643222545317221E-013
  -38.7240013680556       5.410675684290030E-013  6.566255595166163E-013
  -38.5560011250000       4.532951725075528E-013  7.019293253776435E-013
  -38.3880008819444       2.534255953172205E-013  7.124366554380664E-013
  -38.2200006319444      -9.885565427492446E-016  6.829215776435045E-013
  -38.0520003888889      -2.415164619335347E-013  6.724731966767372E-013
  -37.8840001458333      -4.361449939577039E-013  7.926956338368581E-013
  -37.7159999027778      -5.711729762839880E-013  1.067595324018127E-012
  -37.5479996597222      -6.584799003021149E-013  1.400114247432024E-012
  -37.3799994097222      -7.032394135951661E-013  1.686625830815710E-012
  -37.2119991666667      -6.748421055891239E-013  1.894626282477341E-012
  -37.0439989236111      -5.433740483383686E-013  2.010788312688822E-012
  -36.8759986805556      -3.097409874622357E-013  2.019174187311178E-012
  -36.7079984375000      -1.210831483383686E-014  1.900713892749245E-012
  -36.5400014236111       3.181731061933535E-013  1.682043897280967E-012
  -36.3720011805556       6.345603382175226E-013  1.397670247432024E-012
  -36.2040009375000       9.139097669184290E-013  1.131370844561933E-012
  -36.0360006875000       1.133791868731118E-012  9.689328895770393E-013
  -35.8680004444444       1.305163681117825E-012  9.718969503021148E-013
  -35.7000002013889       1.408885764048338E-012  1.068270094712991E-012
  -35.5319999583333       1.413988429607251E-012  1.107982453625378E-012
  -35.3639997152778       1.289804282175227E-012  1.017583969486405E-012
  -35.1959994652778       1.024236335196375E-012  8.899475651057403E-013
  -35.0279992222222       6.698958273413898E-013  7.012005108761329E-013
  -34.8599989791667       3.551399691842900E-013  3.377661947129909E-013
  -34.6919987361111       1.368144960422961E-013 -1.234571252719033E-013
  -34.5239984930556       8.862848983383685E-014 -4.799788880664652E-013
  -34.3560014791667       1.110522382326284E-013 -9.343948072507554E-013
  -34.1880012361111       1.038984482477341E-013 -1.458668701057402E-012
  -34.0200009930556       6.592039351963746E-014 -2.035156534743202E-012
  -33.8520007500000      -3.920489468277946E-014 -2.661872232628399E-012
  -33.6840005000000      -1.979189513595166E-013 -3.091292580060423E-012
  -33.5160002569444      -3.728292432024169E-013 -3.066182419939577E-012
  -33.3480000138889      -5.030067919939577E-013 -2.793954895770393E-012
  -33.1799997708333      -5.545440743202416E-013 -3.375797123867069E-012
  -33.0119995277778      -5.053126848942598E-013 -4.860260231117824E-012
  -32.8439992777778      -3.840165010574018E-013 -5.447572570996979E-012
  -32.6759990347222      -1.690263194864048E-013 -4.172494172205438E-012
  -32.5079987916667      -4.490733691842901E-014 -2.447204406344411E-012
  -32.3399985486111      -7.535420235649546E-014 -2.019956039274924E-012
  -32.1720015347222      -1.881499740181269E-013 -3.042518904833837E-012
  -32.0040012916667      -3.665164010574018E-013 -3.842835750755287E-012
  -31.8360010486111      -6.403775629909366E-013 -4.096811845921451E-012
  -31.6680008055556      -9.172917545317221E-013 -4.943743300604230E-012
  -31.5000005555556      -1.118608646525680E-012 -6.266992966767372E-012
  -31.3320003125000      -1.181773292900302E-012 -7.906811827794561E-012
  -31.1640000694444      -1.023145985498489E-012 -8.283090897280967E-012
  -30.9959998263889      -7.599542009063445E-013 -6.582484137462236E-012
  -30.8279995833333      -6.412648608761330E-013 -3.701681794561934E-012
  -30.6599993333333      -5.527395845921450E-013 -1.170711815558912E-012
  -30.4919990902778      -4.483049966767372E-013  1.331618434138973E-012
  -30.3239988472222      -3.111534611782477E-013  2.629101367069486E-012
  -30.1559986041667      -1.965190765861027E-013  2.192195904833837E-012
  -29.9880015902778      -2.337793436555891E-013 -3.210567092145015E-013
  -29.8200013472222      -5.609800975830815E-013 -4.106153483383686E-012
  -29.6520011041667      -1.295529393806646E-012 -8.128873874622355E-012
  -29.4840008611111      -2.142641385196375E-012 -1.113678132628399E-011
  -29.3160006111111      -2.586831051359517E-012 -1.143200069637462E-011
  -29.1480003680556      -2.729864839879154E-012 -9.381764247734139E-012
  -28.9800001250000      -2.607911033232628E-012 -7.173860699395770E-012
  -28.8119998819444      -2.182488496978852E-012 -6.136605155589125E-012
  -28.6439996388889      -1.641673202416919E-012 -5.876150187311179E-012
  -28.4759993958333      -1.098344225226586E-012 -6.028678060422961E-012
  -28.3079991458333      -6.488481705438067E-013 -5.744958051359517E-012
  -28.1399989027778      -3.888961157099698E-013 -4.903679007552870E-012
  -27.9719986597222      -3.086833826283988E-013 -4.335510131419939E-012
  -27.8039984166667      -5.454898030211480E-013 -4.135527771903323E-012
  -27.6360014027778      -1.127949026586103E-012 -4.204254265861028E-012
  -27.4680011597222      -1.516615634441087E-012 -4.039644416918429E-012
  -27.3000009166667      -1.585621697885196E-012 -3.468696628398791E-012
  -27.1320006736111      -1.475684629909365E-012 -3.416614758308157E-012
  -26.9640004236111      -1.335291310271903E-012 -3.437876703927493E-012
  -26.7960001805556      -1.152669098187311E-012 -3.438687401812689E-012
  -26.6279999375000      -9.287915351963747E-013 -3.674307584592145E-012
  -26.4599996944444      -6.546474507552870E-013 -3.959439019637462E-012
  -26.2919994513889      -4.119321533232628E-013 -3.613764205438066E-012
  -26.1239992013889      -5.686351021148035E-013 -3.118511826283988E-012
  -25.9560005763889      -9.778287611782478E-013 -2.589935148036254E-012
  -25.7880003333333      -1.010540845317221E-012 -2.151542959214502E-012
  -25.6200000902778      -1.124431279909366E-012 -2.132560827794562E-012
  -25.4519998402778      -1.180095380211480E-012 -2.062729477341390E-012
  -25.2839995972222      -1.017160340483384E-012 -1.744507861027190E-012
  -25.1159993541667      -8.119748580060422E-013 -1.311682887160121E-012
  -24.9480007291667      -6.519800645015106E-013 -7.780894927492448E-013
  -24.7800004791667      -6.591020948640483E-013 -1.071841507854985E-013
  -24.6120002361111      -9.376317279456193E-013 -1.666539016616314E-014
  -24.4439999930556      -1.462382078398791E-012 -7.013350540785498E-013
  -24.2759997500000      -2.258084957703928E-012 -1.019812968580060E-012
  -24.1079995069444      -2.247106160120846E-012 -1.718950762839879E-012
  -23.9399992569444      -1.735738441087613E-012 -2.752587348942598E-012
  -23.7720006319444      -1.477026624471299E-012 -4.207335051359517E-012
  -23.6040003888889      -1.349626855438066E-012 -6.193720930513595E-012
  -23.4360001458333      -1.259086658308157E-012 -8.145081117824774E-012
  -23.2679999027778      -1.242456372809668E-012 -9.291117723564954E-012
  -23.0999996527778      -1.354703861631420E-012 -9.316979548338368E-012
  -22.9319994097222      -1.637824652567976E-012 -8.316761176737161E-012
  -22.7640007847222      -2.010398058912387E-012 -6.573353475830817E-012
  -22.5960005416667      -2.427749006042296E-012 -4.368610877643505E-012
  -22.4280002916667      -2.569176324773414E-012 -1.943105965256797E-012
  -22.2600000486111      -2.372829358006043E-012  2.512328839879154E-013
  -22.0919998055556      -2.429704977341390E-012  5.597898361027191E-013
  -21.9239995625000      -3.250535791540785E-012 -2.751657788519637E-013
  -21.7559993194444      -4.579971515105740E-012 -1.233266174622356E-012
  -21.5880006875000      -5.878445095166163E-012 -2.123656235649547E-012
  -21.4200004444444      -6.824862930513596E-012 -3.211153732628398E-012
  -21.2520002013889      -7.498047164652568E-012 -4.364801235649547E-012
  -21.0839999583333      -8.115927533232627E-012 -5.444408938066466E-012
  -20.9159997083333      -8.734281509063444E-012 -6.293054027190333E-012
  -20.7479994652778      -8.533688693353475E-012 -7.069188471299093E-012
  -20.5799992222222      -6.621042753776436E-012 -7.261277178247734E-012
  -20.4120005972222      -4.661995193353474E-012 -6.473788273413898E-012
  -20.2440003472222      -3.884523451661631E-012 -4.977082525679759E-012
  -20.0760001041667      -4.149105362537764E-012 -3.300338853474320E-012
  -19.9079998611111      -4.814380515105741E-012 -2.012822939577039E-012
  -19.7399996180556      -5.609087883685800E-012 -1.077714872658610E-012
  -19.5719993750000      -6.214815167673716E-012  2.253839475830815E-014
  -19.4040007430556      -6.654254858006043E-012  1.229465840936556E-012
  -19.2360005000000      -6.852583622356495E-012  1.399881050302115E-012
  -19.0680002569444      -6.958909447129909E-012 -1.365781648640483E-013
  -18.9000000138889      -6.369137510574019E-012 -2.813085782477342E-012
  -18.7319997638889      -4.066235096676737E-012 -5.717591555891238E-012
  -18.5639995208333      -2.114693616314199E-012 -7.375381271903323E-012
  -18.3959992777778      -1.382324768277946E-012 -7.558608992447129E-012
  -18.2280006527778      -1.930254714501511E-012 -6.832533867069486E-012
  -18.0600004097222      -3.383390580060423E-012 -4.935190222054380E-012
  -17.8920001597222      -5.089383764350454E-012 -2.518715179758308E-012
  -17.7239999166667      -6.484472575528702E-012 -1.686506548338369E-013
  -17.5559996736111      -7.344210503021149E-012  1.482889004531722E-012
  -17.3879994305556      -7.591105990936555E-012  1.564356734138973E-012
  -17.2200007986111      -6.392986173716012E-012  5.816081818731118E-014
  -17.0520005555556      -2.315574385196374E-012 -2.233949345921450E-012
  -16.8840003125000       2.747685596676737E-012 -4.703666123867069E-012
  -16.7160000694444       6.809143380664653E-012 -5.508027401812689E-012
  -16.5479998263889       9.654614134441088E-012 -5.308271780966767E-012
  -16.3799995763889       1.086322035951662E-011 -5.281884362537765E-012
  -16.2119993333333       1.037372202265861E-011 -5.466339700906345E-012
  -16.0440007083333       8.441441570996979E-012 -6.117188661631421E-012
  -15.8760004652778       5.600523066465256E-012 -7.156649223564954E-012
  -15.7080002152778       2.487840581570997E-012 -8.148900151057401E-012
  -15.5399999722222       4.601439655589125E-013 -8.300745119335347E-012
  -15.3719997291667       1.571245651057402E-012 -7.453035838368581E-012
  -15.2039994861111       3.735019007552870E-012 -4.762746089123867E-012
  -15.0359992430556       5.606045000000000E-012 -1.516649176737160E-012
  -14.8680006111111       7.806122314199396E-012  2.894816645015106E-012
  -14.7000003680556       9.679966126888217E-012  6.633534271903324E-012
  -14.5320001250000       1.095626040332326E-011  9.497432045317219E-012
  -14.3639998819444       1.141449338519637E-011  1.020426576435045E-011
  -14.1959996319444       1.091226873867069E-011  8.874013977341390E-012
  -14.0279993888889       9.911689462235650E-012  5.924981217522659E-012
  -13.8600007638889       9.414346442598187E-012  4.080530140483383E-012
  -13.6920005208333       1.023914152567976E-011  4.439869083081571E-012
  -13.5240002708333       9.574889388217522E-012  5.984862823262840E-012
  -13.3560000277778       7.675965938066465E-012  7.326948045317220E-012
  -13.1879997847222       6.889518830815710E-012  6.998977430513595E-012
  -13.0200003472222       7.832340348942599E-012  4.693294762839880E-012
  -12.8520001041667       9.424477311178247E-012  6.830550308157100E-013
  -12.6839998611111       1.051836496374622E-011 -3.945310678247734E-012
  -12.5159996180556       1.078715163444109E-011 -6.666621601208459E-012
  -12.3480001805556       9.959447164652569E-012 -6.339826280966767E-012
  -12.1799999375000       8.597285354984894E-012 -2.978543561933535E-012
  -12.0119996944444       7.109943382175227E-012  3.437405780966767E-012
  -11.8440002569444       6.295854740181268E-012  1.260781475830816E-011
  -11.6760000138889       4.463311895770393E-012  2.043318451661631E-011
  -11.5079997638889       4.582230197885196E-012  2.324814794561933E-011
  -11.3400003333333       6.873708719033232E-012  2.216645397280967E-011
  -11.1720000833333       8.970671134441087E-012  1.781441728096677E-011
  -11.0039998402778       9.730994123867069E-012  1.146872459365559E-011
  -10.8359995972222       9.142334422960725E-012  6.609554125377644E-012
  -10.6680001597222       7.256203694864049E-012  6.872513971299093E-012
  -10.4999999166667       4.082436637462236E-012  1.002719625981873E-011
  -10.3319996736111       9.286709534743202E-013  1.470532054682779E-011
  -10.1640002361111      -5.923223475830815E-013  1.883004930513595E-011
  -9.99599999305556      -8.700549512084592E-013  2.198275666163142E-011
  -9.82799975000000      -2.684938877643504E-012  2.547004299093656E-011
  -9.66000031250000      -3.014698595166163E-012  2.660932635951662E-011
  -9.49200006944444      -2.349541004531722E-012  2.414652297583082E-011
  -9.32399981944444      -1.963463799093656E-012  1.757015345921450E-011
  -9.15600038888889      -2.352516302114804E-012  9.354154912386708E-012
  -8.98800013888889      -3.929489496978852E-012  3.626420747734139E-012
  -8.81999989583333      -6.626138376132931E-012  7.072825037764350E-013
  -8.65199965277778      -1.001214619788520E-011 -6.366445219033232E-013
  -8.48400021527778      -1.234104057552870E-011 -2.952918540785499E-012
  -8.31599997222222      -1.060273117975831E-011 -4.481697826283988E-013
  -8.14799972916667      -7.022617465256797E-012  8.440510459214502E-012
  -7.98000029166667      -4.385951487915408E-012  1.279821767220544E-011
  -7.81200004861111      -6.159936608761328E-012  8.827036450151058E-012
  -7.64399980555556      -9.955093480362537E-012 -1.787013596676737E-013
  -7.47600036805556      -1.352986604984894E-011 -1.329923885045317E-011
  -7.30800012500000      -1.593257516616314E-011 -2.937646367069487E-011
  -7.13999988194444      -1.904589141993958E-011 -4.153978805135951E-011
  -6.97199963194444      -2.386662335347432E-011 -3.926393148036254E-011
  -6.80400019791667      -2.860998716012085E-011 -2.360905160120846E-011
  -6.63599995347222      -2.452012141993958E-011  6.607371163141994E-013
  -6.46800011388889      -1.263403748791541E-011  3.221310697885196E-011
  -6.29999986944444      -2.258475045317221E-012  6.223352950151057E-011
  -6.13200002916667       4.900685430513595E-012  7.030839154078550E-011
  -5.96400018888889       8.061595030211480E-012  5.510741913897281E-011
  -5.79599994444444       8.348429031722055E-012  2.500030394259818E-011
  -5.62800010416667       5.133526367069486E-012 -7.960621755287010E-012
  -5.45999985972222      -4.309310209969788E-012 -3.268122797583082E-011
  -5.29200001944444      -2.078528956193353E-011 -4.276025522658610E-011
  -5.12400017916667      -4.132182477341390E-011 -3.500624832326284E-011
  -4.95599993472222      -4.832599711480363E-011 -5.017780752265861E-012
  -4.78800009444444      -1.513272220543807E-012  4.858918235649547E-011
  -4.61999985000000       4.084941583081571E-011  1.068539603927492E-010
  -4.45200000972222       5.481302152567976E-011  1.337170803776435E-010
  -4.28400016944444       4.520706333836858E-011  1.257507907854985E-010
  -4.11599992500000       2.202268444108761E-011  9.276326468277947E-011
  -3.94800008541667      -6.062236983383686E-012  4.360835560422961E-011
  -3.77999984097222      -3.080149093655589E-011 -9.137287099697885E-012
  -3.61200000069444      -4.956731098187311E-011 -5.068473602719034E-011
  -3.44400016041667      -6.917089525679759E-011 -6.856428282477342E-011
  -3.27599991597222      -8.399128187311179E-011 -5.426627929003021E-011
  -3.10800007569444      -2.175658646525680E-011  9.706386081570997E-012
  -2.94000003333333       8.935914244712992E-011  1.078229388972810E-010
  -2.77199999097222       1.308957427190332E-010  1.361058456344411E-010
  -2.60399994861111       1.136080984290030E-010  7.640611472809668E-011
  -2.43599990625000       6.242957274924471E-011 -1.560901391238671E-011
  -2.26800006597222      -3.000970401812689E-012 -8.953688009063444E-011
  -2.10000002361111      -6.641966197885196E-011 -1.262506071450151E-010
  -1.93199998125000      -1.243216231570997E-010 -1.333111908912387E-010
  -1.76399993888889      -1.679377093655589E-010 -1.387009473413897E-010
  -1.59599999791667      -1.747064232628399E-010 -1.385896325528701E-010
  -1.42799995555556      -8.256391743202417E-011 -5.673067117824774E-011
  -1.26000001458333       1.138721906344411E-010  1.523391925981873E-010
  -1.09199997222222       2.669734672205438E-010  3.338161113293051E-010
 -0.924000030555556       3.174517540785498E-010  3.059445895770393E-010
 -0.755999988194444       2.931497113293051E-010  1.365747823716012E-010
 -0.587999996527778       2.077220598187311E-010 -9.399115122356495E-011
 -0.420000004722222       1.101262350906345E-010 -2.553256324773414E-010
 -0.251999987708333      -1.606593475830816E-011 -2.738504904833837E-010
 -8.400000222222222E-002 -1.224279301661632E-010 -2.486309244712991E-010
  8.400000222222222E-002 -1.236697377643504E-010 -4.357854392749245E-011
  0.251999987708333       1.534421868580060E-010  2.744018373111783E-010
  0.420000004722222       9.397100700906345E-010  1.194686377341390E-009
  0.587999996527778       1.894928776435045E-009  2.144554160120846E-009
  0.755999988194444       2.663702013595166E-009  3.344555483383686E-009
  0.924000030555556       3.310481030211480E-009  4.111672705438066E-009
   1.09199997222222       4.226287927492447E-009  5.551270584592145E-009
   1.26000001458333       5.546683611782477E-009  7.338436602719034E-009
   1.42799995555556       7.740533552870091E-009  1.102587227492447E-008
   1.59599999791667       1.162178982779456E-008  1.643559690332326E-008
   1.76399993888889       1.765355868580060E-008  2.504207657099698E-008
   1.93199998125000       2.726874767371601E-008  3.835607335347432E-008
   2.10000002361111       4.196822086102719E-008  5.810337951661631E-008
   2.26800006597222       6.428466271903323E-008  8.804492327794562E-008
   2.43599990625000       9.761167548338369E-008  1.322194161782477E-007
   2.60399994861111       1.478561744864049E-007  1.995682847432024E-007
   2.77199999097222       2.236697953172206E-007  3.081930342900302E-007
   2.94000003333333       3.513181845921450E-007  4.977450950151057E-007
   3.10800007569444       6.065379829305136E-007  8.114046815709971E-007
   3.27599991597222       7.894245191842901E-007  1.500418875377644E-006
   3.44400016041667      -2.213565684290030E-007  4.113318392749245E-006
   3.61200000069444      -1.752847036253776E-006  8.789662080060422E-006
   3.77999984097222      -2.516055685800604E-006  1.337205895468278E-005
   3.94800008541667       8.332875790030211E-006  3.069580681268883E-005
   4.11599992500000       3.500873351963746E-005  7.333930052870091E-005
   4.28400016944444       3.886200892749245E-005  7.183204919939578E-005
   4.45200000972222      -1.986257259818731E-005 -4.937263977341389E-005
   4.61999985000000      -1.885789219033232E-004 -2.732138259818731E-004
   4.78800009444444      -5.184412453172205E-004 -5.535619767371601E-004
   4.95599993472222      -1.152605718731118E-003 -1.054897049093656E-003
   5.12400017916667      -2.183709980362538E-003 -1.992197015105740E-003
   5.29200001944444      -3.436244146525680E-003 -3.242945383685801E-003
   5.45999985972222      -5.116997888217523E-003 -4.874283453172206E-003
   5.62800010416667      -7.448995222054381E-003 -6.910514255287009E-003
   5.79599994444444      -1.010712035800604E-002 -9.289583049848943E-003
   5.96400018888889      -1.271245990936556E-002 -1.189637328247734E-002
   6.13200002916667      -1.518119282477341E-002 -1.451251874169184E-002
   6.29999986944444      -1.747518291540786E-002 -1.691997592145015E-002
   6.46800011388889      -1.972263169184290E-002 -1.913505018126888E-002
   6.63599995347222      -2.156172922960725E-002 -2.098880001510574E-002
   6.80400019791667      -2.306048747734139E-002 -2.232232194864048E-002
   6.97199963194444      -2.417580814199395E-002 -2.305140883685801E-002
   7.13999988194444      -2.475108984894260E-002 -2.318284734138973E-002
   7.30800012500000      -2.494782046827795E-002 -2.301718460725076E-002
   7.47600036805556      -2.452990367069486E-002 -2.247600901812689E-002
   7.64399980555556      -2.391292105740181E-002 -2.168390181268882E-002
   7.81200004861111      -2.307215629909366E-002 -2.083268122356495E-002
   7.98000029166667      -2.180149043806646E-002 -1.990207660120846E-002
   8.14799972916667      -2.036795515105740E-002 -1.905586351963746E-002
   8.31599997222222      -1.884110672205438E-002 -1.817363986404834E-002
   8.48400021527778      -1.746372442598187E-002 -1.722140614803625E-002
   8.65199965277778      -1.635840004531722E-002 -1.635147077039275E-002
   8.81999989583333      -1.547487696374623E-002 -1.542523691842900E-002
   8.98800013888889      -1.480733664048338E-002 -1.462416058157100E-002
   9.15600038888889      -1.411270446978852E-002 -1.391455053927493E-002
   9.32399981944444      -1.344469162688822E-002 -1.333701286404834E-002
   9.49200006944444      -1.292246129909366E-002 -1.277293611480363E-002
   9.66000031250000      -1.247588961480363E-002 -1.223620619335348E-002
   9.82799975000000      -1.204133393957704E-002 -1.159142007250755E-002
   9.99599999305556      -1.153604213595166E-002 -1.084935269033233E-002
   10.1640002361111      -1.089744337311178E-002 -1.001153899848943E-002
   10.3319996736111      -1.012047540030211E-002 -9.218884379154078E-003
   10.4999999166667      -9.381598936555892E-003 -8.578727613293051E-003
   10.6680001597222      -8.721061342900302E-003 -8.024302134441087E-003
   10.8359995972222      -8.016292421450150E-003 -7.442445552870090E-003
   11.0039998402778      -7.288512867069486E-003 -6.695547853474320E-003
   11.1720000833333      -6.446504880664653E-003 -5.891616250755287E-003
   11.3400003333333      -5.479872767371601E-003 -5.009719252265861E-003
   11.5079997638889      -4.482188974320241E-003 -4.179205418429003E-003
   11.6760000138889      -3.520168206948641E-003 -3.408345211480363E-003
   11.8440002569444      -2.704065191842900E-003 -2.621776206948641E-003
   12.0119996944444      -1.943063699395770E-003 -1.951655052870091E-003
   12.1799999375000      -1.258888993806646E-003 -1.399331672658610E-003
   12.3480001805556      -7.650736956193354E-004 -9.047392631419939E-004
   12.5159996180556      -4.737223202416919E-004 -5.386912030211481E-004
   12.6839998611111      -3.052522453172205E-004 -2.766171880664652E-004
   12.8520001041667      -1.910765095166163E-004 -1.175410572809668E-004
   13.0200003472222      -8.238157049848943E-005 -3.310630036253776E-005
   13.1879997847222      -1.064402916767372E-007  3.660150052870090E-005
   13.3560000277778       3.307163321752266E-005  7.031496129909366E-005
   13.5240002708333       4.148050815709970E-005  8.142758104229607E-005
   13.6920005208333       2.656895611782478E-005  6.773766817220544E-005
   13.8600007638889       1.135536503323263E-005  4.204682262839879E-005
   14.0279993888889       8.667962699395770E-006  2.867173898791541E-005
   14.1959996319444       5.867280870090635E-006  1.595204758308157E-005
   14.3639998819444       3.581306351963746E-006  3.206969542296073E-006
   14.5320001250000       1.800498007552870E-006  3.826210688821752E-007
   14.7000003680556       4.382231895770392E-007  6.604352435045317E-007
   14.8680006111111       9.418439170694865E-008  3.023633655589124E-007
   15.0359992430556       4.629240654078550E-008  4.937421422960726E-008
   15.2039994861111       1.686428626888218E-008  1.364922112839879E-008
   15.3719997291667       3.723735433534743E-009  8.557502968277944E-009
   15.5399999722222       1.079831759365559E-009  2.061047228096677E-009
   15.7080002152778       4.111061595166163E-010  3.717150870090635E-010
   15.8760004652778       1.382027516918429E-010  2.028150430513595E-010
   16.0440007083333       3.977903471299094E-011  7.462887776435045E-011
   16.2119993333333       9.746031441087614E-012  1.514264108761329E-011
   16.3799995763889       3.220654022658610E-012  4.768878477341390E-012
   16.5479998263889       9.766584151057402E-013  2.105131611782477E-012
   16.7160000694444       2.911037682779456E-013  4.747212190332326E-013
   16.8840003125000       7.216616318731118E-014  1.154388245770393E-013
   17.0520005555556       2.670261157099698E-014  4.839311960725075E-014
   17.2200007986111       9.290421632930513E-015  1.397359459365559E-014
   17.3879994305556       2.807573299093655E-015  3.317387105740181E-015
   17.5559996736111       8.153781744712991E-016  9.756614974320241E-016
   17.7239999166667       2.425693954682779E-016  3.597865950151057E-016
   17.8920001597222       8.698863567975831E-017  1.048804793504532E-016
   18.0600004097222       3.051336903323263E-017  2.680407356495468E-017
   18.2280006527778       7.891185409365558E-018  9.094785320241691E-018
   18.3959992777778       2.380161942598188E-018  3.500714879154079E-018
   18.5639995208333       1.306251875528701E-018  1.253595886858006E-018
   18.7319997638889       6.586502048338369E-019  6.219171080060423E-019
   18.9000000138889       3.877140175226586E-019  4.925504984894259E-019
   19.0680002569444       3.371004802114804E-019  4.286357370090634E-019
   19.2360005000000       3.115309930513595E-019  3.793121815709970E-019
   19.4040007430556       2.891292027190332E-019  3.598492564954683E-019
   19.5719993750000       2.767347883685801E-019  3.507567672205438E-019
   19.7399996180556       2.615982327794562E-019  3.356226907854985E-019
   19.9079998611111       2.511160001510574E-019  3.184173740181269E-019
   20.0760001041667       2.375876237160121E-019  3.069455835347432E-019
   20.2440003472222       2.281664013595166E-019  2.921404799093656E-019
   20.4120005972222       2.111241216012085E-019  2.743882344410876E-019
   20.5799992222222       2.042366809667674E-019  2.614428327794562E-019
   20.7479994652778       1.911819016616314E-019  2.531928981873112E-019
   20.9159997083333       1.826654300604230E-019  2.364047004531722E-019
   21.0839999583333       1.681014533232628E-019  2.268215206948641E-019
   21.2520002013889       1.629793311178248E-019  2.104613376132931E-019
   21.4200004444444       1.518438206948640E-019  1.976364694864048E-019
   21.5880006875000       1.444206969033233E-019  1.871014172205438E-019
   21.7559993194444       1.361812682628399E-019  1.798603731117825E-019
   21.9239995625000       1.272328433987915E-019  1.688745548338368E-019
   22.0919998055556       1.221723473413897E-019  1.595960675226586E-019
   22.2600000486111       1.136098034743202E-019  1.543497231117825E-019
   22.4280002916667       1.076649188821752E-019  1.451139991993958E-019
   22.5960005416667       1.009962837462236E-019  1.382949321450151E-019
   22.7640007847222       9.691680889728098E-020  1.318057977039275E-019
   22.9319994097222       9.268818163141994E-020  1.258183595468278E-019
   23.0999996527778       8.703028623867068E-020  1.191766140332326E-019
   23.2679999027778       8.296453608761330E-020  1.130908638368580E-019
   23.4360001458333       7.775419288519638E-020  1.069518242145015E-019
   23.6040003888889       7.390255006042297E-020  1.012172184441088E-019
   23.7720006319444       6.991203086102719E-020  9.690534332326285E-020
   23.9399992569444       6.545650120845922E-020  9.066482288519636E-020
   24.1079995069444       6.105936401812689E-020  8.723883570996977E-020
   24.2759997500000       5.781330237160121E-020  8.130324753776435E-020
   24.4439999930556       5.492823634441087E-020  7.632875326283987E-020
   24.6120002361111       5.046362019637462E-020  7.006723093655589E-020
   24.7800004791667       4.647588992447130E-020  6.557645489425982E-020
   24.9480007291667       4.374076599697885E-020  6.144595474320241E-020
   25.1159993541667       4.324328808157100E-020  5.624498293051360E-020
   25.2839995972222       3.901768216012085E-020  5.252807808157100E-020
   25.4519998402778       3.674506965256797E-020  4.956513711480363E-020
   25.6200000902778       3.431657983383685E-020  4.628295442598187E-020
   25.7880003333333       3.187555234138973E-020  4.354994968277946E-020
   25.9560005763889       3.040479273413897E-020  3.917735551359516E-020
   26.1239992013889       2.710069848942598E-020  3.739085779456193E-020
   26.2919994513889       2.636577226586103E-020  3.459786371601209E-020
   26.4599996944444       2.545184264350453E-020  3.375647359516616E-020
   26.6279999375000       2.555764179758308E-020  3.238264904833837E-020
   26.7960001805556       2.409211515105740E-020  3.116541904833837E-020
   26.9640004236111       2.120832613293052E-020  2.834504052870091E-020
   27.1320006736111       2.076952681268882E-020  2.651323531722054E-020
   27.3000009166667       1.794259333836858E-020  2.457924456193354E-020
   27.4680011597222       1.811476685800604E-020  2.301697277945619E-020
   27.6360014027778       1.632609749244713E-020  2.179854574018127E-020
   27.8039984166667       1.405217673413897E-020  2.034213933534743E-020
   27.9719986597222       1.226998236706949E-020  1.800694348942598E-020
   28.1399989027778       1.138389574924471E-020  1.756816540785499E-020
   28.3079991458333       1.069602009818731E-020  1.632514910876133E-020
   28.4759993958333       9.207079376132931E-021  1.473318003776435E-020
   28.6439996388889       8.701587679758308E-021  1.429162053021148E-020
   28.8119998819444       7.572400551359516E-021  1.294172424622356E-020
   28.9800001250000       6.546305493957704E-021  1.238503294410876E-020
   29.1480003680556       6.413058191842900E-021  1.170299503927493E-020
   29.3160006111111       5.597977907854985E-021  1.121406257401813E-020
   29.4840008611111       5.968973410876133E-021  1.030110133232628E-020
   29.6520011041667       5.905980858006043E-021  9.811174876132931E-021
   29.8200013472222       5.008554868580061E-021  9.725396746223565E-021
   29.9880015902778       4.789050871601209E-021  9.320442480362538E-021
   30.1559986041667       5.218194235649547E-021  8.356179172205438E-021
   30.3239988472222       4.143831876132931E-021  8.263967277945619E-021
   30.4919990902778       4.686937175226586E-021  7.596661184290030E-021
   30.6599993333333       4.954708783987915E-021  6.923964673716012E-021
   30.8279995833333       5.211694244712991E-021  6.731089145015106E-021
   30.9959998263889       3.450852259818731E-021  6.563813732628398E-021
   31.1640000694444       3.609108341389728E-021  5.661085415407855E-021
   31.3320003125000       2.825565255287009E-021  5.377325605740181E-021
   31.5000005555556       3.322981320241692E-021  4.323796451661631E-021
   31.6680008055556       3.101576182779456E-021  4.136504392749245E-021
   31.8360010486111       1.612893799093656E-021  4.287750370090634E-021
   32.0040012916667       2.070836510574018E-021  3.954077330815710E-021
   32.1720015347222       1.663002732628399E-021  3.340299632930514E-021
   32.3399985486111       1.362451123716012E-021  2.518268750755287E-021
   32.5079987916667       1.554371551359517E-021  2.482742311178248E-021
   32.6759990347222       1.806216341389728E-021  2.354806865558912E-021
   32.8439992777778       8.541422335347432E-022  2.055519613293051E-021
   33.0119995277778       1.268805953474320E-021  2.234418974320242E-021
   33.1799997708333       1.998035948640483E-022  2.098992670694864E-021
   33.3480000138889       7.577168867069486E-022  1.529434930513595E-021
   33.5160002569444       2.227929409365559E-022  1.919653791540785E-021
   33.6840005000000       9.987931003021148E-022  1.711907599697885E-021
   33.8520007500000       5.759248919939577E-022  1.415514697583082E-021
   34.0200009930556       7.241487540785499E-022  9.921049796072508E-022
   34.1880012361111       6.897595323262839E-022  1.067937261933535E-021
   34.3560014791667       1.166355901661631E-022  7.100020288519638E-022
   34.5239984930556       2.568997327794562E-022  4.169822777945619E-022
   34.6919987361111       4.797443335347432E-022  3.238145989425982E-022
   34.8599989791667       3.535751196374623E-022 -4.930421969788520E-023
   35.0279992222222      -1.408266890483384E-022  1.544006471299094E-022
   35.1959994652778       4.414176086102719E-022 -3.797406027190332E-022
   35.3639997152778       6.446397663141994E-022  8.675555504531722E-023
   35.5319999583333       2.425379929003021E-022  2.735724358006042E-022
   35.7000002013889       7.574535314199396E-023 -1.914837409365559E-022
   35.8680004444444       4.986050589123867E-022 -7.832150199395770E-023
   36.0360006875000      -1.237754871450151E-023  9.106765960725077E-023
   36.2040009375000       1.162190127341390E-022  3.188039799093655E-023
   36.3720011805556       8.541070321752266E-023  5.259690342900302E-023
   36.5400014236111       3.131928018126888E-022  4.587987490936555E-022
   36.7079984375000      -2.204410756797583E-022 -1.387719160271903E-022
   36.8759986805556       2.051914558912387E-022  1.387352797885196E-022
   37.0439989236111       4.680913329305136E-022  1.764373922960725E-023
   37.2119991666667       9.763405487915408E-024 -2.160588809667674E-022
   37.3799994097222       2.352391119335347E-022  1.350129084592145E-022
   37.5479996597222       3.577258217522658E-022  9.774732901812689E-024
   37.7159999027778       1.968603660120846E-023 -2.092232194864048E-022
   37.8840001458333      -5.396941155589124E-022 -3.944393882175227E-021
   38.0520003888889      -3.172876465256797E-021 -4.165125530211480E-020
   38.2200006319444       4.173461811178248E-020  6.800940549848943E-020
   38.3880008819444       2.979954793051359E-019  3.499889836858006E-019
   38.5560011250000      -2.879285862537764E-019 -1.071948703776435E-019
   38.7240013680556      -8.084216557401813E-020 -7.522406980362538E-020
   38.8920016111111       6.550725161631420E-020  1.141830821148036E-019
   39.0599986250000       3.466446549848943E-020  5.282490347432024E-020
   39.2279988680556       4.136050506042296E-021  6.299525779456193E-021
   39.3959991111111       2.194357880664652E-021  1.038049255287009E-020
   39.5639993541667       7.244440308157100E-021  1.707009022658610E-020
   39.7319995972222       2.427635620845921E-021  5.828282732628399E-021
   39.8999998472222       8.803313401812689E-022  4.072350101208460E-021
   40.0680000902778       2.363073829305136E-021  8.945181749244713E-021
   40.2360003333333       7.293412805135951E-022  3.402999486404834E-021
   40.4040005763889       1.319293822507553E-022  2.372498003021148E-021
   40.5720008194444       3.014084847432024E-022  2.617459045317221E-021
   40.7400010694444       4.639164214501510E-022  2.835601691842900E-021
   40.9080013125000       1.507230241691843E-022  1.860840719033233E-021
   41.0760015555556       7.826846681268882E-022  1.668836574018127E-021
   41.2439985694444       8.277257146525680E-022  1.802436706948640E-021
   41.4119988125000       7.557807592145016E-022  1.424215244410876E-021
   41.5799990555556       5.413232522658610E-022  1.231508011027190E-021
   41.7479992986111       1.106595772809668E-021  2.423549542296072E-021
   41.9159995416667       2.400463572507553E-022  2.025143216012084E-021
   42.0839997916667       2.469255761329305E-022  1.736263507552870E-021
   42.2520000347222       9.456711114803625E-022  1.971834894259818E-021
   42.4200002777778       3.158749888217522E-022  1.368187971148036E-021
   42.5880005208333       4.705326948640484E-022  1.305166211027190E-021
   42.7560007638889       7.411276670694864E-022  1.552801844410876E-021
   42.9240010138889       1.024501533232628E-021  2.093342977341390E-021
   43.0920012569444       8.257874785498490E-022  1.551270092145015E-021
   43.2600015000000       8.171324610271903E-022  1.167905303323263E-021
   43.4279985138889       1.023521364803625E-021  1.713345950151057E-021
   43.5959987569444       1.261463944561933E-021  1.957045291540785E-021
   43.7639990000000       4.026833847432024E-022  2.274418842900302E-021
   43.9319992430556       7.927772555891238E-022  1.895869380664652E-021
   44.0999994861111       1.058917307250755E-021  1.838017187311178E-021
   44.2679997361111       1.032723358610272E-021  1.233109501963746E-021
   44.4359999791667       3.213290353474320E-022  1.820034444108761E-021
   44.6040002222222       6.145477915407855E-022  1.191652071903323E-021
   44.7720004652778       6.162174984894260E-022  1.934998022658610E-021
   44.9400007083333       8.309549364048338E-022  2.151658741691843E-021
   45.1080009513889       7.347359944108762E-022  2.159113206948640E-021
   45.2760012013889       6.763066799093656E-022  1.889396723564955E-021
   45.4440014444444       8.097550752265860E-022  1.311882992598187E-021
   45.6119984513889       5.757964649546827E-022  1.742368806646526E-021
   45.7799987013889       6.515796258308157E-022  1.455943930966767E-021
   45.9479989444444       9.487516407854986E-022  2.380876330815710E-021
   46.1159991875000       9.004360774924472E-022  1.774616823262840E-021
   46.2839994305556       8.010659302114804E-022  1.388809696223565E-021
   46.4519996736111       5.778051425981873E-022  1.713428105740181E-021
   46.6199999236111       6.496516983383685E-022  2.134002122356496E-021
   46.7880001666667       5.509996722054380E-022  2.378690924471299E-021
   46.9560004097222       6.948287469788519E-022  2.427786187311178E-021
   47.1240006527778       5.950007687311178E-022  2.376290290030212E-021
   47.2920008958333       8.482210821752267E-022  2.099204151057402E-021
   47.4600011458333       6.185341430513596E-022  1.766720966767371E-021
   47.6280013888889       9.929195087613293E-022  1.499216753776435E-021
   47.7959983958333       8.222084699395770E-022  1.803719962235649E-021
   47.9639986458333       7.137493320241692E-022  1.714268250755287E-021
   48.1319988888889       1.285675611631420E-021  1.814290099697885E-021
   48.2999991319444       1.011582537009064E-021  1.919624427492447E-021
   48.4679993750000       9.612697761329305E-022  1.516451661631420E-021
   48.6359996180556       8.552304851963747E-022  2.674343643504532E-021
   48.8039998680556       8.792857282477343E-022  2.932796975830816E-021
   48.9720001111111       8.663001953172206E-022  2.918908589123867E-021
   49.1400003541667       1.030122487915408E-021  2.622381206948641E-021
   49.3080005972222       7.061621833836859E-022  2.098203601208459E-021
   49.4760008402778       8.778837696374623E-022  2.440519551359516E-021
   49.6440010902778       7.676200941087613E-022  2.294353332326284E-021
   49.8120013333333       7.557973935045317E-022  2.358608990936556E-021
   49.9800015763889       9.572619486404833E-022  2.464188537764350E-021
   50.1479985833333       8.625261057401812E-022  2.603368392749245E-021
   50.3159988333333       8.279958447129910E-022  1.859747546827795E-021
   50.4839990763889       8.116150601208459E-022  1.867776166163142E-021
   50.6519993194444       6.549590631419940E-022  2.028109102719033E-021
   50.8199995625000       7.170281441087613E-022  2.286989145015105E-021
   50.9879998055556       1.023186416012085E-021  3.240507539274925E-021
   51.1560000555556       6.202607419939576E-022  2.388948839879154E-021
   51.3240002986111       5.058427330815710E-022  2.718900190332326E-021
   51.4920005416667       6.611102817220543E-022  2.294754116314199E-021
   51.6600007847222       6.738311513595166E-022  1.951899309667674E-021
   51.8280010277778       5.881739904833837E-022  2.666929318731118E-021
   51.9960012777778       5.126036771903324E-022  2.465285302114803E-021
   52.1640015208333       7.457330762839879E-022  2.445826877643505E-021
   52.3319985277778       5.135358173716012E-022  2.358803447129909E-021
   52.4999987777778       8.435969302114803E-022  2.826633592145015E-021
   52.6679990208333       9.122151231117824E-022  2.215058793051360E-021
   52.8359992638889       3.476331951661631E-022  3.018432660120846E-021
   53.0039995069444       6.797077104229607E-022  2.587613225075529E-021
   53.1719997500000       5.790333012084592E-022  2.715420283987915E-021
   53.3400000000000       7.295409690332326E-022  2.341741285498489E-021
   53.5080002430556       8.412679075528701E-022  2.315115785498490E-021
   53.6760004861111       5.914721700906344E-022  2.486118039274925E-021
   53.8440007291667       5.727641592145015E-022  1.792561770392749E-021
   54.0120009722222       6.608156299093655E-022  3.172573145015106E-021
   54.1800012222222       7.042881413897280E-022  2.753996326283988E-021
   54.3480014652778       5.802439664652568E-022  2.446167058912387E-021
   54.5160017083333       6.754698154078550E-022  2.410168614803625E-021
   54.6840019513889       9.311768641993959E-022  2.708371755287009E-021
   54.8520021944444       5.301468645015106E-022  2.843473652567976E-021
   55.0200024444444       6.077939930513595E-022  3.596470409365559E-021
   55.1880026875000       8.149544738670695E-022  2.792927231117825E-021
   55.3560029305556       4.906022894259819E-022  2.155485858006042E-021
   55.5240031736111       6.560038941087614E-022  2.705994235649547E-021
   55.6919969513889       7.409581231117824E-022  2.563162197885196E-021
   55.8599971944444       6.885416432024169E-022  2.751562265861027E-021
   56.0279974375000       5.347740231117825E-022  2.640992146525680E-021
   56.1959976875000       3.839457759818731E-022  3.099242084592145E-021
   56.3639979305556       9.288185560422961E-022  3.293404927492447E-021
   56.5319981736111       7.188964070996979E-022  2.399190978851964E-021
   56.6999984166667       5.126926663141995E-022  2.483312247734139E-021
   56.8679986597222       6.539863527190332E-022  2.934730604229607E-021
   57.0359989097222       6.128613723564955E-022  3.538384086102719E-021
   57.2039991527778       7.951484493957703E-022  2.902291879154078E-021
   57.3719993958333       6.079180077039275E-022  3.123632666163142E-021
   57.5399996388889       1.030049312990937E-021  2.984145587613293E-021
   57.7079998819444       6.596228092145015E-022  2.836464172205438E-021
   57.8760001319444       5.134037199395770E-022  3.017789471299094E-021
   58.0440003750000       4.594283886706949E-022  2.722474122356496E-021
   58.2120006180556       7.613082344410877E-022  3.123081941087613E-021
   58.3800008611111       6.272475364048339E-022  3.345090907854985E-021
   58.5480011041667       8.521587806646527E-022  3.596333898791541E-021
   58.7160013541667       7.520211172205438E-022  2.990716175226586E-021
   58.8840015972222       7.723157030211481E-022  3.121089898791541E-021
   59.0520018402778       6.998109638972809E-022  2.957029493957704E-021
   59.2200020833333       6.008688154078550E-022  2.781923980362538E-021
   59.3880023263889       5.859715205438066E-022  3.074365126888218E-021
   59.5560025763889       7.520532922960724E-022  2.835853157099698E-021
   59.7240028194444       6.648593030211480E-022  3.145518277945620E-021
   59.8920030625000       1.003243413141994E-021  3.196956542296073E-021
   60.0599968402778       5.351935877643504E-022  2.407939944108761E-021
