  -60.0599968402778      -3.662003539274924E-046 -3.662003539274924E-046
  -59.8920030625000       1.755423936555891E-012 -1.877251291540786E-012
  -59.7240028194444       4.792446063444109E-012 -4.078307681268883E-012
  -59.5560025763889       5.613847755287009E-012  3.146442489425982E-012
  -59.3880023263889       6.875662175226586E-012  7.263388279456194E-012
  -59.2200020833333       7.827439267371601E-012  8.093794851963746E-012
  -59.0520018402778      -5.383041382175227E-014  3.001477214501511E-012
  -58.8840015972222       4.401972912386707E-012  8.159197386706949E-012
  -58.7160013541667       1.083508442447130E-011  1.473292786858006E-011
  -58.5480011041667       1.449872648942598E-011  1.837915250755287E-011
  -58.3800008611111       1.662923039274924E-011  2.083173646525680E-011
  -58.2120006180556       1.823360797583082E-011  1.766412998489426E-011
  -58.0440003750000      -1.774459599697885E-011 -2.353820932024169E-011
  -57.8760001319444      -1.868271365558913E-011 -2.281733580060423E-011
  -57.7079998819444      -1.716304977341390E-011 -2.078449262839879E-011
  -57.5399996388889      -1.529655220543807E-011 -1.808493335347432E-011
  -57.3719993958333      -1.356185388972810E-011 -1.528723438066465E-011
  -57.2039991527778      -1.202339604229607E-011 -1.290645066465257E-011
  -57.0359989097222      -1.066224919637462E-011 -1.127335619939577E-011
  -56.8679986597222      -9.445566853474320E-012 -1.016200483987915E-011
  -56.6999984166667      -8.340542087613293E-012 -8.980382734138974E-012
  -56.5319981736111      -7.289429214501512E-012 -7.492590635951661E-012
  -56.3639979305556      -6.297309099697885E-012 -6.122087731117825E-012
  -56.1959976875000      -5.432990077039275E-012 -5.338753608761330E-012
  -56.0279974375000      -4.746144397280966E-012 -4.949859589123867E-012
  -55.8599971944444      -4.173049954682779E-012 -4.287679978851963E-012
  -55.6919969513889      -3.607510060422961E-012 -3.089626909365559E-012
  -55.5240031736111      -3.036643108761329E-012 -1.888846078549849E-012
  -55.3560029305556      -2.543577131419939E-012 -1.385693674622357E-012
  -55.1880026875000      -2.169657371601209E-012 -1.609637734138973E-012
  -55.0200024444444      -1.857357672205438E-012 -1.893115909365559E-012
  -54.8520021944444      -1.540062471299094E-012 -1.598623214501511E-012
  -54.6840019513889      -1.222421710725076E-012 -7.069110318731118E-013
  -54.5160017083333      -9.460563416918428E-013  2.982846640483384E-013
  -54.3480014652778      -7.276197099697884E-013  9.681893587613292E-013
  -54.1800012222222      -5.541562509063444E-013  1.214474895317221E-012
  -54.0120009722222      -4.048657599697885E-013  1.168052395317221E-012
  -53.8440007291667      -2.585921993957704E-013  9.127322093655590E-013
  -53.6760004861111      -1.034791587764351E-013  4.993446072507553E-013
  -53.5080002430556       4.799898625377644E-014  1.174878422205438E-013
  -53.3400000000000       1.665028995468278E-013  3.145958234138973E-014
  -53.1719997500000       2.354784503021148E-013  3.183904129909365E-013
  -53.0039995069444       2.678712823262840E-013  8.037715339879155E-013
  -52.8359992638889       2.923430421450151E-013  1.258272103474320E-012
  -52.6679990208333       3.281348841389728E-013  1.534227930513595E-012
  -52.4999987777778       3.744578078549849E-013  1.527002089123867E-012
  -52.3319985277778       4.190966557401813E-013  1.171577017975831E-012
  -52.1640015208333       4.528260948640483E-013  5.463686317220544E-013
  -51.9960012777778       4.758538309667674E-013 -1.051512854682779E-013
  -51.8280010277778       4.929076197885196E-013 -5.200752969788519E-013
  -51.6600007847222       5.049213815709970E-013 -5.687041555891239E-013
  -51.4920005416667       5.075845752265861E-013 -2.788063503021148E-013
  -51.3240002986111       4.967836732628399E-013  2.163997203927493E-013
  -51.1560000555556       4.730129513595166E-013  7.260967590634441E-013
  -50.9879998055556       4.405560759818731E-013  1.058115662839879E-012
  -50.8199995625000       4.034057412386707E-013  1.092277577492447E-012
  -50.6519993194444       3.632327318731118E-013  8.221344048338369E-013
  -50.4839990763889       3.221721941087613E-013  3.410673682779456E-013
  -50.3159988333333       2.847540515105740E-013 -2.018390280966767E-013
  -50.1479985833333       2.545403255287009E-013 -6.496117004531723E-013
  -49.9800015763889       2.313844818731118E-013 -8.784327746223565E-013
  -49.8120013333333       2.138432725075529E-013 -8.306667706948641E-013
  -49.6440010902778       2.025441747734139E-013 -5.333440972809668E-013
  -49.4760008402778       2.008941854984894E-013 -8.540301522658611E-014
  -49.3080005972222       2.138085361027190E-013  3.853263797583081E-013
  -49.1400003541667       2.453816773413897E-013  7.677041277945620E-013
  -48.9720001111111       2.962804765861027E-013  9.930033465256799E-013
  -48.8039998680556       3.621406631419939E-013  1.040252308610272E-012
  -48.6359996180556       4.337757913897281E-013  9.305184182779457E-013
  -48.4679993750000       4.992768954682780E-013  7.181871747734139E-013
  -48.2999991319444       5.473778530211480E-013  4.811007249244713E-013
  -48.1319988888889       5.707073367069486E-013  3.042108358006042E-013
  -47.9639986458333       5.674870610271903E-013  2.525145667673716E-013
  -47.7959983958333       5.411099983383685E-013  3.416540506042296E-013
  -47.6280013888889       4.981928347432023E-013  5.254906110271903E-013
  -47.4600011458333       4.463626933534744E-013  7.135441113293051E-013
  -47.2920008958333       3.928127125377643E-013  8.074951415407855E-013
  -47.1240006527778       3.438099922960725E-013  5.447308432024169E-013
  -46.9560004097222       3.045640694864049E-013 -5.369952132930514E-013
  -46.7880001666667       2.481109057401812E-013 -1.663846637462236E-012
  -46.6199999236111      -1.591648409365559E-013 -2.378308024169185E-012
  -46.4519996736111      -6.554404551359516E-013 -2.798436373111782E-012
  -46.2839994305556      -6.293700036253777E-013 -2.717621864048338E-012
  -46.1159991875000      -5.439991776435046E-013 -2.564307444108761E-012
  -45.9479989444444      -4.795365179758308E-013 -2.557102566465257E-012
  -45.7799987013889      -4.282068574018127E-013 -2.781394617824774E-012
  -45.6119984513889      -3.884176045317221E-013 -3.042440083081571E-012
  -45.4440014444444      -3.615961172205438E-013 -3.324659447129909E-012
  -45.2760012013889      -3.511226010574018E-013 -3.451692439577039E-012
  -45.1080009513889      -3.590023125377644E-013 -3.386817848942598E-012
  -44.9400007083333      -3.895732342900302E-013 -3.150337661631420E-012
  -44.7720004652778      -4.311500385196375E-013 -2.846797990936556E-012
  -44.6040002222222      -4.803130870090635E-013 -2.630870848942598E-012
  -44.4359999791667      -5.251800589123867E-013 -2.511781149546828E-012
  -44.2679997361111      -5.686598808157099E-013 -2.406249587613293E-012
  -44.0999994861111      -6.039577616314200E-013 -2.315454474320242E-012
  -43.9319992430556      -6.144396841389728E-013 -2.365239424471299E-012
  -43.7639990000000      -5.974616990936555E-013 -2.616436271903323E-012
  -43.5959987569444      -5.723317506042296E-013 -3.007328525679759E-012
  -43.4279985138889      -5.517843651057402E-013 -3.482403019637462E-012
  -43.2600015000000      -5.393434104229607E-013 -3.890567626888218E-012
  -43.0920012569444      -5.305057752265861E-013 -4.096497561933534E-012
  -42.9240010138889      -5.399701749244713E-013 -3.996847498489426E-012
  -42.7560007638889      -5.694268487915408E-013 -3.700027528700907E-012
  -42.5880005208333      -6.226007037764350E-013 -3.312807564954683E-012
  -42.4200002777778      -6.920722806646526E-013 -2.885478697885196E-012
  -42.2520000347222      -7.630278584592145E-013 -2.701201632930514E-012
  -42.0839997916667      -8.149544315709970E-013 -2.767567812688822E-012
  -41.9159995416667      -8.423797912386707E-013 -2.888451478851964E-012
  -41.7479992986111      -8.494060607250755E-013 -2.995167725075528E-012
  -41.5799990555556      -8.423652007552869E-013 -3.088267808157100E-012
  -41.4119988125000      -8.354310027190332E-013 -3.106352368580060E-012
  -41.2439985694444      -8.210099267371601E-013 -3.002857110271903E-012
  -41.0760015555556      -8.039668293051360E-013 -2.875260956193354E-012
  -40.9080013125000      -7.966869862537764E-013 -2.793453787009064E-012
  -40.7400010694444      -7.996365403323262E-013 -2.805270282477342E-012
  -40.5720008194444      -8.075099836858006E-013 -2.898956000000000E-012
  -40.4040005763889      -8.110347740181270E-013 -2.974943554380665E-012
  -40.2360003333333      -8.096041460725076E-013 -3.003450123867069E-012
  -40.0680000902778      -8.229352077039274E-013 -3.073479034743202E-012
  -39.8999998472222      -8.283742942598187E-013 -3.178582271903323E-012
  -39.7319995972222      -8.443148832326284E-013 -3.214006771903323E-012
  -39.5639993541667      -8.537039823262839E-013 -3.146141957703928E-012
  -39.3959991111111      -8.446083711480362E-013 -2.936842779456193E-012
  -39.2279988680556      -8.275654415407854E-013 -2.581259475830816E-012
  -39.0599986250000      -7.990991219033233E-013 -2.169342584592145E-012
  -38.8920016111111      -7.267871265861027E-013 -1.920878696374622E-012
  -38.7240013680556      -5.785948675226586E-013 -1.973449601208459E-012
  -38.5560011250000      -2.335398783987915E-013 -2.285622010574018E-012
  -38.3880008819444       4.930233377643505E-013 -2.584569348942598E-012
  -38.2200006319444       1.251684388972810E-012 -2.192133853474320E-012
  -38.0520003888889       1.522030738670695E-012 -7.757053643504531E-013
  -37.8840001458333       1.573453687311178E-012  8.626433425981873E-014
  -37.7159999027778       1.568216687311178E-012  1.746231453172206E-013
  -37.5479996597222       1.558460645015106E-012 -3.071642365558912E-014
  -37.3799994097222       1.561591070996979E-012 -3.091014771903323E-013
  -37.2119991666667       1.598148770392749E-012 -6.270414700906345E-013
  -37.0439989236111       1.688883507552870E-012 -9.552041936555891E-013
  -36.8759986805556       1.849493033232628E-012 -1.262019273867070E-012
  -36.7079984375000       2.085094768882175E-012 -1.517025512084592E-012
  -36.5400014236111       2.386609373111782E-012 -1.688604107250755E-012
  -36.3720011805556       2.731137740181269E-012 -1.740072503021148E-012
  -36.2040009375000       3.086737311178248E-012 -1.629569087613293E-012
  -36.0360006875000       3.419371533232628E-012 -1.317051955891239E-012
  -35.8680004444444       3.698215953172205E-012 -7.773817675226585E-013
  -35.7000002013889       3.896811373111783E-012 -1.436509050000000E-014
  -35.5319999583333       3.991200119335348E-012  9.308080489425983E-013
  -35.3639997152778       3.958960383685800E-012  1.981307028700906E-012
  -35.1959994652778       3.782399703927493E-012  3.037207611782478E-012
  -35.0279992222222       3.455806302114804E-012  3.995864397280966E-012
  -34.8599989791667       2.993786152567976E-012  4.774892465256798E-012
  -34.6919987361111       2.436955303625378E-012  5.331181283987915E-012
  -34.5239984930556       1.851782070996979E-012  5.668830293051360E-012
  -34.3560014791667       1.322252981873112E-012  5.831240157099698E-012
  -34.1880012361111       9.331728072507554E-013  5.879411090634442E-012
  -34.0200009930556       7.488984256797583E-013  5.866812909365559E-012
  -33.8520007500000       7.950561993957704E-013  5.823775164652568E-012
  -33.6840005000000       1.050986924169184E-012  5.757723938066465E-012
  -33.5160002569444       1.456449596676737E-012  5.664857638972810E-012
  -33.3480000138889       1.930115684290031E-012  5.542817296072507E-012
  -33.1799997708333       2.393068456193354E-012  5.396200438066465E-012
  -33.0119995277778       2.789449436555891E-012  5.233368287009063E-012
  -32.8439992777778       3.098069971299094E-012  5.052157752265861E-012
  -32.6759990347222       3.332042933534743E-012  4.838793682779456E-012
  -32.5079987916667       3.518435962235649E-012  4.562516862537764E-012
  -32.3399985486111       3.703208602719033E-012  3.949572457703928E-012
  -32.1720015347222       4.219459960725075E-012  3.017317178247734E-012
  -32.0040012916667       5.039134265861027E-012  2.246205235649547E-012
  -31.8360010486111       5.363569608761330E-012  1.563865854984894E-012
  -31.6680008055556       4.825209382175227E-012  1.179384720090634E-012
  -31.5000005555556       3.550653895770393E-012  1.211465972809668E-012
  -31.3320003125000       2.262516457703928E-012  1.476669240030211E-012
  -31.1640000694444       1.540141294561934E-012  1.681089809667674E-012
  -30.9959998263889       1.329674202265861E-012  1.704528764350453E-012
  -30.8279995833333       1.423921739123867E-012  1.584957577039275E-012
  -30.6599993333333       1.613581037764351E-012  1.387544829003021E-012
  -30.4919990902778       1.817725225075529E-012  1.109844676737160E-012
  -30.3239988472222       2.002616602719033E-012  8.139505350453172E-013
  -30.1559986041667       2.150605641993958E-012  5.790321646525680E-013
  -29.9880015902778       2.169636407854985E-012  4.259288876132931E-013
  -29.8200013472222       2.086723711480363E-012  3.802313448640483E-013
  -29.6520011041667       1.931390932024169E-012  5.295848939577039E-013
  -29.4840008611111       1.739000350453172E-012  6.990938543806646E-013
  -29.3160006111111       1.624383072507553E-012  7.820602172205438E-013
  -29.1480003680556       1.727102348942598E-012  7.805302225075529E-013
  -28.9800001250000       1.911017500000000E-012  9.271631800604231E-013
  -28.8119998819444       2.035622593655589E-012  1.192462795166163E-012
  -28.6439996388889       2.005778725075529E-012  1.419138388519638E-012
  -28.4759993958333       1.785186466767372E-012  1.646452527190332E-012
  -28.3079991458333       1.463920290785499E-012  1.855530667673716E-012
  -28.1399989027778       1.136737397734139E-012  1.964994297583081E-012
  -27.9719986597222       7.425582471299094E-013  2.082676762839879E-012
  -27.8039984166667       2.923232107250755E-013  2.128152135951662E-012
  -27.6360014027778      -2.692173019637462E-013  2.128059058912387E-012
  -27.4680011597222      -9.414836315709970E-013  2.030522779456193E-012
  -27.3000009166667      -1.748656104229607E-012  1.823661900302115E-012
  -27.1320006736111      -2.586319543806647E-012  1.547256113293051E-012
  -26.9640004236111      -3.322237081570997E-012  1.262720039274924E-012
  -26.7960001805556      -3.938739231117825E-012  1.051807097280967E-012
  -26.6279999375000      -4.411874356495468E-012  9.298531229607250E-013
  -26.4599996944444      -4.582893312688822E-012  8.784299235649547E-013
  -26.2919994513889      -4.354932326283988E-012  8.760900699395770E-013
  -26.1239992013889      -4.028018939577039E-012  1.088311884441088E-012
  -25.9560005763889      -3.811548256797583E-012  1.325240437764350E-012
  -25.7880003333333      -3.880034930513595E-012  1.287112494410876E-012
  -25.6200000902778      -4.223431271903324E-012  9.764033321752266E-013
  -25.4519998402778      -4.698571844410876E-012  3.309057877643504E-013
  -25.2839995972222      -5.074011033232628E-012 -7.147581453172206E-013
  -25.1159993541667      -5.236135794561934E-012 -2.109435989425982E-012
  -24.9480007291667      -5.120737670694863E-012 -3.655420712990937E-012
  -24.7800004791667      -4.770992932024169E-012 -5.039529049848942E-012
  -24.6120002361111      -4.130989944108761E-012 -5.841032256797583E-012
  -24.4439999930556      -3.288056634441088E-012 -5.788769933534743E-012
  -24.2759997500000      -2.502603696374622E-012 -4.861028666163142E-012
  -24.1079995069444      -2.120294876132931E-012 -3.615165904833837E-012
  -23.9399992569444      -2.180050702416918E-012 -2.748077864048338E-012
  -23.7720006319444      -2.612233691842900E-012 -2.434037697885196E-012
  -23.6040003888889      -3.159894635951661E-012 -2.831024102719033E-012
  -23.4360001458333      -3.649150132930514E-012 -3.858002873111783E-012
  -23.2679999027778      -3.996542607250755E-012 -5.163116996978852E-012
  -23.0999996527778      -4.166884696374622E-012 -6.338855590634442E-012
  -22.9319994097222      -4.153855507552870E-012 -7.230561232628398E-012
  -22.7640007847222      -3.960907802114803E-012 -7.561396960725076E-012
  -22.5960005416667      -3.699447596676737E-012 -7.002642172205438E-012
  -22.4280002916667      -3.432828374622356E-012 -5.888561206948640E-012
  -22.2600000486111      -3.504378392749245E-012 -4.470570942598187E-012
  -22.0919998055556      -3.819144732628399E-012 -3.092096567975830E-012
  -21.9239995625000      -4.278801885196374E-012 -2.138119321752266E-012
  -21.7559993194444      -4.762232567975831E-012 -1.317023529456193E-012
  -21.5880006875000      -5.129446045317220E-012 -4.774523761329305E-013
  -21.4200004444444      -5.226415809667674E-012  1.765579962235650E-013
  -21.2520002013889      -5.104900054380665E-012  6.439347628398791E-013
  -21.0839999583333      -4.858425512084592E-012  1.542646842900302E-012
  -20.9159997083333      -4.740653992447130E-012  2.799477501510574E-012
  -20.7479994652778      -4.633447368580061E-012  4.253635376132931E-012
  -20.5799992222222      -4.393666364048338E-012  5.572188229607250E-012
  -20.4120005972222      -4.264886194864048E-012  6.737993178247734E-012
  -20.2440003472222      -4.434072444108761E-012  7.634457684290031E-012
  -20.0760001041667      -4.731914089123867E-012  7.583243868580061E-012
  -19.9079998611111      -4.927273425981874E-012  6.911093382175227E-012
  -19.7399996180556      -4.849649719033232E-012  5.994842084592145E-012
  -19.5719993750000      -4.403762685800604E-012  5.048655685800604E-012
  -19.4040007430556      -3.579262096676738E-012  3.905164208459215E-012
  -19.2360005000000      -2.565736478851964E-012  2.910947078549849E-012
  -19.0680002569444      -1.316488878247734E-012  1.826985188821752E-012
  -18.9000000138889      -4.869128765861027E-014  8.159434859516616E-013
  -18.7319997638889       9.685693000000000E-013 -1.193823174773414E-013
  -18.5639995208333       1.663781566465257E-012 -1.081733477492447E-012
  -18.3959992777778       2.009044827794562E-012 -2.057155217522659E-012
  -18.2280006527778       2.014228327794562E-012 -3.159337175226586E-012
  -18.0600004097222       1.681259864048338E-012 -4.102272063444109E-012
  -17.8920001597222       1.148194664501511E-012 -4.746646848942599E-012
  -17.7239999166667       5.575038584592145E-013 -5.103363519637463E-012
  -17.5559996736111       3.875584500000000E-014 -4.826682188821752E-012
  -17.3879994305556      -4.742318907854985E-013 -3.743867586102719E-012
  -17.2200007986111      -7.983883779456194E-013 -2.871238996978852E-012
  -17.0520005555556      -9.461151231117824E-013 -2.921630040785499E-012
  -16.8840003125000      -1.006219025528701E-012 -3.554209628398792E-012
  -16.7160000694444      -1.360023959818731E-012 -4.694442551359517E-012
  -16.5479998263889      -2.072428332326284E-012 -5.886529262839879E-012
  -16.3799995763889      -3.035863939577039E-012 -6.978916270392750E-012
  -16.2119993333333      -4.128291531722055E-012 -7.583786569486405E-012
  -16.0440007083333      -4.934081341389728E-012 -7.858783780966768E-012
  -15.8760004652778      -5.253113821752266E-012 -7.982819507552870E-012
  -15.7080002152778      -4.814874916918429E-012 -7.388794510574018E-012
  -15.5399999722222      -4.029562518126888E-012 -5.961688342900302E-012
  -15.3719997291667      -3.217513868580061E-012 -3.988262892749244E-012
  -15.2039994861111      -2.776493200906344E-012 -1.913806809667673E-012
  -15.0359992430556      -3.049492515105740E-012  1.819818083081571E-014
  -14.8680006111111      -3.645648401812689E-012  1.778194409365559E-012
  -14.7000003680556      -4.290363632930514E-012  3.008193560422961E-012
  -14.5320001250000      -4.409408722054380E-012  3.634064516616314E-012
  -14.3639998819444      -3.768211657099698E-012  4.056466140483384E-012
  -14.1959996319444      -2.541126255287009E-012  3.404489513595166E-012
  -14.0279993888889      -1.291305263444109E-012  1.799703722054381E-012
  -13.8600007638889      -2.060723821752266E-013  4.723210326283988E-013
  -13.6920005208333       6.753011626888218E-013 -1.125906811631420E-013
  -13.5240002708333       1.154691314048338E-012  7.618606987915408E-013
  -13.3560000277778       9.063287212990937E-013  2.777318992447130E-012
  -13.1879997847222       5.479874589123867E-014  4.866045129909366E-012
  -13.0200003472222      -1.577129330815710E-012  5.928231386706948E-012
  -12.8520001041667      -3.630017737160121E-012  1.515475895770393E-012
  -12.6839998611111      -1.486980260271903E-011 -1.630949823262840E-011
  -12.5159996180556      -5.765244475830816E-011 -1.516599158610272E-010
  -12.3480001805556      -2.443923975830816E-010 -2.668244507552870E-009
  -12.1799999375000      -2.984942033232628E-009 -3.353033018126888E-008
  -12.0119996944444      -4.863139611782477E-008 -1.664901877643505E-007
  -11.8440002569444      -3.649870490936556E-007 -4.467131989425981E-007
  -11.6760000138889      -1.158294643504532E-006 -1.086134377794562E-006
  -11.5079997638889      -1.737452956193353E-006 -1.836857045317220E-006
  -11.3400003333333      -1.341801152870091E-006 -1.334049158610272E-006
  -11.1720000833333      -1.452872998338369E-007 -2.698525184290030E-007
  -11.0039998402778       3.893622545317221E-007  8.671968234138973E-008
  -10.8359995972222       1.185784574320242E-007 -9.101960293051359E-008
  -10.6680001597222      -1.166627373564955E-007 -2.604307688821752E-007
  -10.4999999166667      -1.656397799093656E-007 -2.813462673716012E-007
  -10.3319996736111      -1.510349106646526E-007 -2.522629238670695E-007
  -10.1640002361111      -1.429705008308157E-007 -2.282682664652568E-007
  -9.99599999305556      -1.242299970543807E-007 -2.093622512084592E-007
  -9.82799975000000      -1.189384414803625E-007 -1.951262356495468E-007
  -9.66000031250000      -1.079543942749245E-007 -1.690315412386707E-007
  -9.49200006944444      -9.644632425981874E-008 -1.521320415407855E-007
  -9.32399981944444      -9.398960046827794E-008 -1.414354716163142E-007
  -9.15600038888889      -8.583150444108761E-008 -1.271568004682780E-007
  -8.98800013888889      -7.765511409365559E-008 -1.158117360876133E-007
  -8.81999989583333      -7.547894880664653E-008 -1.050782697885196E-007
  -8.65199965277778      -6.807977802114804E-008 -9.224357947129909E-008
  -8.48400021527778      -6.277345070996979E-008 -8.887437146525679E-008
  -8.31599997222222      -6.077637619335347E-008 -8.125983453172206E-008
  -8.14799972916667      -5.787951193353474E-008 -6.982221599697885E-008
  -7.98000029166667      -5.448135395770392E-008 -6.852350702416918E-008
  -7.81200004861111      -5.417684084592145E-008 -6.092819862537765E-008
  -7.64399980555556      -5.164356561933535E-008 -6.020775791540785E-008
  -7.47600036805556      -4.607295729607251E-008 -5.756809654078551E-008
  -7.30800012500000      -4.474265779456193E-008 -5.118346022658609E-008
  -7.13999988194444      -4.207633806646526E-008 -4.778042231117825E-008
  -6.97199963194444      -4.102468466767371E-008 -4.469760070996979E-008
  -6.80400019791667      -4.051404324773414E-008 -4.375048151057402E-008
  -6.63599995347222      -3.940450367069487E-008 -4.273590583081571E-008
  -6.46800011388889      -3.850227667673716E-008 -4.233053222054381E-008
  -6.29999986944444      -3.678158413897281E-008 -4.032765178247734E-008
  -6.13200002916667      -3.574233120845922E-008 -3.831483833836858E-008
  -5.96400018888889      -3.531922657099698E-008 -3.819553791540786E-008
  -5.79599994444444      -3.340350374622357E-008 -3.633467054380665E-008
  -5.62800010416667      -3.297461793051360E-008 -3.693155735649547E-008
  -5.45999985972222      -3.327286348942598E-008 -3.683420844410876E-008
  -5.29200001944444      -3.290092687311178E-008 -3.620824528700907E-008
  -5.12400017916667      -3.167036131419940E-008 -3.590302324773414E-008
  -4.95599993472222      -3.173630929003021E-008 -3.582256457703927E-008
  -4.78800009444444      -3.171533595166163E-008 -3.734271489425982E-008
  -4.61999985000000      -3.112419462235650E-008 -3.768541854984894E-008
  -4.45200000972222      -3.258595868580060E-008 -3.739472096676737E-008
  -4.28400016944444      -3.331123262839879E-008 -3.726815282477341E-008
  -4.11599992500000      -3.242190342900302E-008 -3.659831134441088E-008
  -3.94800008541667      -3.200881422960725E-008 -3.733178722054380E-008
  -3.77999984097222      -3.140255495468278E-008 -3.841203061933535E-008
  -3.61200000069444      -3.268376646525680E-008 -3.806946436555891E-008
  -3.44400016041667      -3.286866865558912E-008 -3.977878959214501E-008
  -3.27599991597222      -3.330536900302115E-008 -3.922933388217523E-008
  -3.10800007569444      -3.265651459214502E-008 -3.959016697885196E-008
  -2.94000003333333      -3.254013225075529E-008 -4.038538134441088E-008
  -2.77199999097222      -3.310772563444109E-008 -4.214295924471299E-008
  -2.60399994861111      -3.355158377643505E-008 -4.332009542296073E-008
  -2.43599990625000      -3.377598717522659E-008 -4.346578219033233E-008
  -2.26800006597222      -3.432958918429003E-008 -4.418784404833837E-008
  -2.10000002361111      -3.414225799093655E-008 -4.539986252265861E-008
  -1.93199998125000      -3.453244222054380E-008 -4.611041418429003E-008
  -1.76399993888889      -3.518000794561934E-008 -4.646386965256798E-008
  -1.59599999791667      -3.508376087613293E-008 -4.761269060422961E-008
  -1.42799995555556      -3.636072714501510E-008 -4.886607871601209E-008
  -1.26000001458333      -3.710184169184290E-008 -4.770993783987916E-008
  -1.09199997222222      -3.746007268882175E-008 -4.823276265861027E-008
 -0.924000030555556      -3.795648643504532E-008 -4.879814962235650E-008
 -0.755999988194444      -3.765305867069487E-008 -5.127792676737160E-008
 -0.587999996527778      -3.883001900302115E-008 -5.127039802114804E-008
 -0.420000004722222      -3.868111466767372E-008 -5.159790404833836E-008
 -0.251999987708333      -3.899055169184290E-008 -5.200093933534743E-008
 -8.400000222222222E-002 -3.829903345921450E-008 -5.231426712990937E-008
  8.400000222222222E-002 -3.943914415407855E-008 -5.222296595166163E-008
  0.251999987708333      -4.142783812688822E-008 -5.285711182779457E-008
  0.420000004722222      -4.261268989425982E-008 -5.412223818731117E-008
  0.587999996527778      -4.351413379154078E-008 -5.532668394259818E-008
  0.755999988194444      -4.265997262839879E-008 -5.695617971299093E-008
  0.924000030555556      -4.321062634441088E-008 -5.636816803625378E-008
   1.09199997222222      -4.239403472809668E-008 -5.585511410876134E-008
   1.26000001458333      -4.361132607250755E-008 -5.607560199395770E-008
   1.42799995555556      -4.393667513595166E-008 -5.508919317220544E-008
   1.59599999791667      -4.387610169184290E-008 -5.174997376132930E-008
   1.76399993888889      -4.417103075528701E-008 -2.945020780966767E-008
   1.93199998125000      -4.500825773413897E-008  7.125399146525681E-008
   2.10000002361111      -4.442047410876133E-008  9.328656930513596E-007
   2.26800006597222      -4.302523779456193E-008  2.131829379154079E-006
   2.43599990625000      -3.927761404833837E-008  5.020193574018127E-007
   2.60399994861111      -2.959589731117825E-008 -2.766245753776435E-006
   2.77199999097222      -2.761899655589124E-007 -5.020692120845922E-006
   2.94000003333333      -1.074701408308157E-006 -6.897448143504532E-006
   3.10800007569444      -2.966559593655589E-007 -9.020248827794562E-006
   3.27599991597222       2.429099596676737E-006 -8.346013487915408E-006
   3.44400016041667       8.793843184290030E-006 -7.234225359516617E-006
   3.61200000069444       2.095581445619335E-005 -6.111088318731117E-006
   3.77999984097222       3.247539262839879E-005 -3.733105688821753E-007
   3.94800008541667       3.520263151057402E-005  4.566596395770393E-006
   4.11599992500000       2.927730406344411E-005  9.294097055891238E-006
   4.28400016944444       1.783190672205438E-005  5.865858211480363E-006
   4.45200000972222       1.133040713595166E-005  1.866266685800604E-006
   4.61999985000000       1.915682000000000E-006 -1.835229341389728E-006
   4.78800009444444      -2.836125404833837E-005 -3.759840678247734E-005
   4.95599993472222      -7.460443049848943E-005 -9.230002086102719E-005
   5.12400017916667      -1.675271037764351E-004 -1.746596954682780E-004
   5.29200001944444      -3.706778419939577E-004 -3.285489052870091E-004
   5.45999985972222      -6.957185141993959E-004 -5.673858424471299E-004
   5.62800010416667      -1.097294949395770E-003 -9.141257342900302E-004
   5.79599994444444      -1.537866282477341E-003 -1.339342568882175E-003
   5.96400018888889      -2.066613504531722E-003 -1.895545832326284E-003
   6.13200002916667      -2.766960336858006E-003 -2.575155111782477E-003
   6.29999986944444      -3.631189870090634E-003 -3.265406790030212E-003
   6.46800011388889      -4.639923392749244E-003 -4.048451555891238E-003
   6.63599995347222      -5.742941738670695E-003 -4.905008477341390E-003
   6.80400019791667      -6.806147422960724E-003 -5.806207296072508E-003
   6.97199963194444      -7.799443882175227E-003 -6.891026598187311E-003
   7.13999988194444      -8.838254519637462E-003 -8.152697382175226E-003
   7.30800012500000      -1.000957474622357E-002 -9.370101542296073E-003
   7.47600036805556      -1.136299058459215E-002 -1.035999243353474E-002
   7.64399980555556      -1.261513759063444E-002 -1.119006364350453E-002
   7.81200004861111      -1.360563929305136E-002 -1.202772175075529E-002
   7.98000029166667      -1.431266490785499E-002 -1.274235659063444E-002
   8.14799972916667      -1.497401931873112E-002 -1.319506665407855E-002
   8.31599997222222      -1.553712367069486E-002 -1.350525570845921E-002
   8.48400021527778      -1.591442719033232E-002 -1.385731135196375E-002
   8.65199965277778      -1.603725382175227E-002 -1.434150995468278E-002
   8.81999989583333      -1.622147430513595E-002 -1.466899047734139E-002
   8.98800013888889      -1.644618129909366E-002 -1.473073872960725E-002
   9.15600038888889      -1.639754389728097E-002 -1.467647005135952E-002
   9.32399981944444      -1.603178675226586E-002 -1.458836466163142E-002
   9.49200006944444      -1.565044235649547E-002 -1.445148358459214E-002
   9.66000031250000      -1.541818089123867E-002 -1.423097449093656E-002
   9.82799975000000      -1.517332861027190E-002 -1.388029317522659E-002
   9.99599999305556      -1.488679413293051E-002 -1.358930293957704E-002
   10.1640002361111      -1.458705948187311E-002 -1.329047874320242E-002
   10.3319996736111      -1.428208682477342E-002 -1.296542274320242E-002
   10.4999999166667      -1.409942938066465E-002 -1.255461384592145E-002
   10.6680001597222      -1.403882496374622E-002 -1.211884806948640E-002
   10.8359995972222      -1.383611298791541E-002 -1.182603403927492E-002
   11.0039998402778      -1.358299457099698E-002 -1.157530052719033E-002
   11.1720000833333      -1.317921001812689E-002 -1.134214372507553E-002
   11.3400003333333      -1.267777901057402E-002 -1.104731934290030E-002
   11.5079997638889      -1.232348612084592E-002 -1.069486609365559E-002
   11.6760000138889      -1.205258859214501E-002 -1.032992288066465E-002
   11.8440002569444      -1.169957423111783E-002 -1.004537498791541E-002
   12.0119996944444      -1.127259969033233E-002 -9.770630348942598E-003
   12.1799999375000      -1.074749537462236E-002 -9.425037936555893E-003
   12.3480001805556      -1.024306288670695E-002 -8.984107625377644E-003
   12.5159996180556      -9.837427167673716E-003 -8.510434015105740E-003
   12.6839998611111      -9.376231996978852E-003 -8.064872188821752E-003
   12.8520001041667      -8.859997429003022E-003 -7.645887190332326E-003
   13.0200003472222      -8.379797200906345E-003 -7.331346817220544E-003
   13.1879997847222      -8.057127546827794E-003 -7.004096067975830E-003
   13.3560000277778      -7.729465507552870E-003 -6.601273113293052E-003
   13.5240002708333      -7.314612858006042E-003 -6.189816667673717E-003
   13.6920005208333      -6.940097607250755E-003 -5.848666691842900E-003
   13.8600007638889      -6.539078277945620E-003 -5.537851339879154E-003
   14.0279993888889      -5.995138173716012E-003 -5.169056693353474E-003
   14.1959996319444      -5.532721738670695E-003 -4.764208620845921E-003
   14.3639998819444      -5.193449580060423E-003 -4.380330578549849E-003
   14.5320001250000      -4.783545015105741E-003 -3.990451015105740E-003
   14.7000003680556      -4.319816557401813E-003 -3.575888645015105E-003
   14.8680006111111      -3.843398252265861E-003 -3.176250486404834E-003
   15.0359992430556      -3.371421664652568E-003 -2.747735948640483E-003
   15.2039994861111      -2.898832821752266E-003 -2.370654456193353E-003
   15.3719997291667      -2.477988194864048E-003 -2.111330853474320E-003
   15.5399999722222      -2.066883075528701E-003 -1.855366539274925E-003
   15.7080002152778      -1.710137211480362E-003 -1.553425075528701E-003
   15.8760004652778      -1.357532790030211E-003 -1.227464110422961E-003
   16.0440007083333      -1.005409527341390E-003 -9.536179531722054E-004
   16.2119993333333      -7.021283545317220E-004 -7.071033614803625E-004
   16.3799995763889      -4.711098901812689E-004 -4.809668957703927E-004
   16.5479998263889      -3.147631478851964E-004 -3.111861487915408E-004
   16.7160000694444      -2.088251655589124E-004 -1.978285587613293E-004
   16.8840003125000      -1.098448101057402E-004 -1.185416747583082E-004
   17.0520005555556      -3.216595436555891E-005 -7.705654938066466E-005
   17.2200007986111      -3.780032933534743E-006 -3.723475484894260E-005
   17.3879994305556       1.686119848942598E-005  2.862030522658611E-005
   17.5559996736111       3.599139983383686E-005  8.123114794561933E-005
   17.7239999166667       4.647605773413898E-005  9.772339075528701E-005
   17.8920001597222       5.178496782477341E-005  1.025613611178248E-004
   18.0600004097222       5.097629282477341E-005  1.009943306948641E-004
   18.2280006527778       4.567940552870091E-005  9.334361984894260E-005
   18.3959992777778       4.006942785498489E-005  7.783661503021147E-005
   18.5639995208333       3.432418048338369E-005  5.808071404833837E-005
   18.7319997638889       3.102926531722054E-005  4.110011212990936E-005
   18.9000000138889       2.865015537764350E-005  2.960742555891239E-005
   19.0680002569444       2.571928042296073E-005  2.164220200906345E-005
   19.2360005000000       2.363330074018127E-005  1.624275669184290E-005
   19.4040007430556       2.255348285498490E-005  1.343857114350453E-005
   19.5719993750000       1.786469012084592E-005  9.206284732628398E-006
   19.7399996180556       1.116164219939577E-005  5.279607533232628E-006
   19.9079998611111       7.729438552870090E-006  3.268696744712991E-006
   20.0760001041667       5.308218972809668E-006  2.299690776435046E-006
   20.2440003472222       3.135573889728097E-006  1.562621410876133E-006
   20.4120005972222       1.489582402567976E-006  1.237313301812689E-006
   20.5799992222222       6.413005740181269E-007  1.005313216465257E-006
   20.7479994652778       1.735736401812689E-007  6.183378716012084E-007
   20.9159997083333       1.458206593957704E-008  1.922932063444109E-007
   21.0839999583333       1.810291776435045E-008  2.680270444108761E-008
   21.2520002013889       1.773657962235650E-008  2.416596974320242E-009
   21.4200004444444       5.736704806646525E-009  1.522432821752266E-009
   21.5880006875000       2.241093519637462E-009  3.405836552870091E-010
   21.7559993194444       1.096132683081571E-009  1.098505509516616E-010
   21.9239995625000       1.621815726586103E-010  1.156667242749245E-011
   22.0919998055556       1.815184190332326E-011  1.199392649697885E-011
   22.2600000486111       6.600243681268883E-012  9.770703045317221E-013
   22.4280002916667       2.929108114803625E-012  7.583609806646526E-013
   22.5960005416667       2.190942333836858E-013  3.139564388217522E-014
   22.7640007847222       1.128459632779456E-013  9.426672894259819E-014
   22.9319994097222       1.855777956193353E-014 -3.810987669184290E-015
   23.0999996527778       9.277425619335347E-015  7.571473135951661E-015
   23.2679999027778       1.160917255589124E-015 -1.496548006344411E-015
   23.4360001458333       6.621456868580061E-016  5.780497581570997E-016
   23.6040003888889       9.085172007552870E-017 -2.877977611782477E-016
   23.7720006319444       4.558215425981873E-017  2.847163833836858E-017
   23.9399992569444       6.835447126888217E-018 -3.951239803625378E-017
   24.1079995069444       2.960556722054380E-018  5.880561422960725E-020
   24.2759997500000       3.759326465256798E-019 -5.196820945619335E-018
   24.4439999930556       7.993638030211480E-020 -4.186349184290030E-019
   24.6120002361111      -8.677287563444109E-020 -7.046634383685801E-019
   24.7800004791667      -1.033249945921450E-019 -1.454825968882175E-019
   24.9480007291667      -1.116125246525680E-019 -1.350961672507553E-019
   25.1159993541667      -1.153135056344411E-019 -9.050644403323263E-020
   25.2839995972222      -1.086252380815710E-019 -8.374085134441088E-020
   25.4519998402778      -1.032039513293051E-019 -8.022402924471300E-020
   25.6200000902778      -1.003545415256798E-019 -7.776012558912386E-020
   25.7880003333333      -1.043647631268882E-019 -7.552549341389729E-020
   25.9560005763889      -9.217727889728097E-020 -7.835816468277945E-020
   26.1239992013889      -9.298681632930513E-020 -7.608288820241692E-020
   26.2919994513889      -9.386325791540786E-020 -7.158707410876132E-020
   26.4599996944444      -9.020176167673716E-020 -7.252897042296072E-020
   26.6279999375000      -8.625349616314200E-020 -6.975583617824774E-020
   26.7960001805556      -8.404697814199396E-020 -7.195611661631420E-020
   26.9640004236111      -8.445406095166164E-020 -6.724419595166163E-020
   27.1320006736111      -7.737245028700906E-020 -6.300626729607251E-020
   27.3000009166667      -7.654973794561933E-020 -5.974039829305136E-020
   27.4680011597222      -7.281899344410876E-020 -5.737057832326284E-020
   27.6360014027778      -7.090017932024169E-020 -5.609920921450151E-020
   27.8039984166667      -6.718134022658611E-020 -5.211449277945619E-020
   27.9719986597222      -6.655055379154078E-020 -5.300757294561934E-020
   28.1399989027778      -6.317063882175226E-020 -5.218417087613294E-020
   28.3079991458333      -5.920649444108761E-020 -5.046811347432024E-020
   28.4759993958333      -5.990043649546828E-020 -5.116346498489426E-020
   28.6439996388889      -5.719703533232629E-020 -4.738294969788520E-020
   28.8119998819444      -5.393379031722055E-020 -4.656118699395770E-020
   28.9800001250000      -5.489246515105739E-020 -4.577693480362538E-020
   29.1480003680556      -5.239239546827794E-020 -4.457614344410876E-020
   29.3160006111111      -5.590818797583081E-020 -4.287657968277945E-020
   29.4840008611111      -5.412170276435045E-020 -3.913328752265861E-020
   29.6520011041667      -5.218586021148037E-020 -3.767616013595166E-020
   29.8200013472222      -5.158352779456193E-020 -3.940876614803626E-020
   29.9880015902778      -4.788177209969789E-020 -3.464558279456193E-020
   30.1559986041667      -4.755190945619335E-020 -3.310009453172205E-020
   30.3239988472222      -4.602129545317221E-020 -3.418857425981873E-020
   30.4919990902778      -4.420775069486405E-020 -3.271757472809668E-020
   30.6599993333333      -4.108416175226586E-020 -3.175936971299094E-020
   30.8279995833333      -3.974441155589124E-020 -3.088049155589124E-020
   30.9959998263889      -3.764535453172206E-020 -2.807559706948641E-020
   31.1640000694444      -3.892804927492447E-020 -2.950954590634441E-020
   31.3320003125000      -3.367049179758308E-020 -2.805350809667674E-020
   31.5000005555556      -3.384165070996979E-020 -2.652728489425982E-020
   31.6680008055556      -3.186709811178247E-020 -2.526030660120846E-020
   31.8360010486111      -3.257305803625378E-020 -2.466128039274925E-020
   32.0040012916667      -2.999195712990937E-020 -2.160386590634441E-020
   32.1720015347222      -2.685948412386707E-020 -1.973213611782477E-020
   32.3399985486111      -2.643441575528701E-020 -1.565696335347432E-020
   32.5079987916667      -2.456989067975831E-020 -1.123840817371601E-020
   32.6759990347222      -2.295042598187311E-020 -8.890311060422961E-021
   32.8439992777778      -2.160252892749245E-020 -8.779442619335347E-021
   33.0119995277778      -1.810125081570997E-020 -4.860999966767372E-021
   33.1799997708333      -1.610596373111782E-020 -5.442342376132930E-021
   33.3480000138889      -1.568909719033233E-020 -1.646682003021148E-021
   33.5160002569444      -1.536670791540786E-020 -6.728245087613293E-022
   33.6840005000000      -1.176041411933535E-020  1.160670791993958E-022
   33.8520007500000      -1.222549204531722E-020  2.457640128398792E-021
   34.0200009930556      -1.223691013595166E-020  6.281946941087614E-021
   34.1880012361111      -6.718678938066465E-021  9.184223202416918E-021
   34.3560014791667      -5.600940513595165E-021  1.190672762537764E-020
   34.5239984930556      -2.270891297583082E-021  1.614611572507553E-020
   34.6919987361111       2.232501746223565E-021  1.967236543806647E-020
   34.8599989791667       2.163022478851964E-021  2.387392690332327E-020
   35.0279992222222       5.953540619335348E-021  2.625968072507553E-020
   35.1959994652778       7.319650018126888E-021  3.180211320241692E-020
   35.3639997152778       1.099743121903323E-020  3.221501877643505E-020
   35.5319999583333       1.271670238066465E-020  3.562349521148036E-020
   35.7000002013889       1.460031258912387E-020  3.432569880664653E-020
   35.8680004444444       1.762876824773414E-020  3.530910909365559E-020
   36.0360006875000       1.888391487915408E-020  3.592665815709970E-020
   36.2040009375000       2.093457933534743E-020  3.574827453172205E-020
   36.3720011805556       2.467012447129910E-020  3.760328578549849E-020
   36.5400014236111       2.572249563444109E-020  4.036824067975830E-020
   36.7079984375000       2.795100018126888E-020  4.151030722054381E-020
   36.8759986805556       2.853712137462236E-020  4.632553297583082E-020
   37.0439989236111       3.037074338368580E-020  4.623568767371602E-020
   37.2119991666667       3.397125815709970E-020  4.922942673716012E-020
   37.3799994097222       3.341493796072508E-020  4.986579102719033E-020
   37.5479996597222       3.378470768882175E-020  5.190246463746224E-020
   37.7159999027778       3.550655785498490E-020  5.170071253776435E-020
   37.8840001458333       3.747779922960725E-020  5.242132930513595E-020
   38.0520003888889       3.757211780966767E-020  5.337631555891239E-020
   38.2200006319444       4.045461983383686E-020  5.031407794561934E-020
   38.3880008819444       4.165994193353474E-020  5.361034021148036E-020
   38.5560011250000       4.333287848942598E-020  5.315409637462236E-020
   38.7240013680556       4.546758424471299E-020  5.103641903323263E-020
   38.8920016111111       4.476685981873111E-020  5.385538058912386E-020
   39.0599986250000       4.637485894259818E-020  5.167267836858006E-020
   39.2279988680556       4.811976019637462E-020  4.994526034743202E-020
   39.3959991111111       4.687123228096677E-020  5.209584496978852E-020
   39.5639993541667       4.834309397280967E-020  5.107435439577039E-020
   39.7319995972222       4.882166418429003E-020  5.035033394259819E-020
   39.8999998472222       5.117793439577039E-020  4.989239077039275E-020
   40.0680000902778       5.133299451661631E-020  4.907631086102719E-020
   40.2360003333333       5.240296138972810E-020  4.947226797583082E-020
   40.4040005763889       5.172370367069487E-020  4.799060007552870E-020
   40.5720008194444       5.044869096676737E-020  4.661269709969788E-020
   40.7400010694444       5.070033880664653E-020  4.463446593655589E-020
   40.9080013125000       4.904651237160121E-020  4.526159879154079E-020
   41.0760015555556       4.810054762839879E-020  4.376087823262839E-020
   41.2439985694444       4.857186063444109E-020  4.138701981873111E-020
   41.4119988125000       4.734005625377644E-020  4.001596919939577E-020
   41.5799990555556       4.570812137462235E-020  3.912492824773414E-020
   41.7479992986111       4.547357693353474E-020  3.656158299093656E-020
   41.9159995416667       4.304758365558912E-020  3.603083542296073E-020
   42.0839997916667       4.220864758308157E-020  3.372119222054381E-020
   42.2520000347222       4.340793951661632E-020  3.229915879154079E-020
   42.4200002777778       4.236848086102719E-020  2.971693832326284E-020
   42.5880005208333       4.042292457703928E-020  3.113347637462236E-020
   42.7560007638889       4.084110811178248E-020  2.878691492447130E-020
   42.9240010138889       3.982182416918429E-020  2.588897386706949E-020
   43.0920012569444       3.818214726586103E-020  2.347674776435045E-020
   43.2600015000000       3.920709152567976E-020  2.154114012084592E-020
   43.4279985138889       3.736817655589124E-020  1.997839728096677E-020
   43.5959987569444       3.690157172205438E-020  1.900855924471299E-020
   43.7639990000000       3.681815143504532E-020  1.694766623867070E-020
   43.9319992430556       3.579107049848942E-020  1.500981072658610E-020
   44.0999994861111       3.565825178247734E-020  1.341283234441088E-020
   44.2679997361111       3.382773607250755E-020  1.003397072658610E-020
   44.4359999791667       3.285469678247734E-020  9.350663936555892E-021
   44.6040002222222       3.107023580060423E-020  8.087093070996978E-021
   44.7720004652778       2.867808693353474E-020  7.024241580060424E-021
   44.9400007083333       2.681482388217523E-020  5.370823740181268E-021
   45.1080009513889       2.463892152567976E-020  3.193963635951662E-021
   45.2760012013889       2.241779913897281E-020  1.916821135951662E-021
   45.4440014444444       2.019329055891239E-020 -1.264067704833837E-021
   45.6119984513889       2.013624132930514E-020 -2.401857293051360E-021
   45.7799987013889       1.917081034743202E-020 -3.446375549848942E-021
   45.9479989444444       1.832470203927493E-020 -4.253263373111783E-021
   46.1159991875000       1.872762522658610E-020 -5.391750034743202E-021
   46.2839994305556       1.890942626888218E-020 -8.201439545317220E-021
   46.4519996736111       1.733168546827795E-020 -9.367381856495468E-021
   46.6199999236111       1.564859158610272E-020 -1.196104915105740E-020
   46.7880001666667       1.469198594259819E-020 -1.265427773413897E-020
   46.9560004097222       1.250222019637462E-020 -1.444693181268882E-020
   47.1240006527778       1.074643188368580E-020 -1.523267217522658E-020
   47.2920008958333       9.787116664652568E-021 -1.806788995468278E-020
   47.4600011458333       8.201919984894259E-021 -1.965864323262840E-020
   47.6280013888889       7.885993219033233E-021 -2.051636330815710E-020
   47.7959983958333       7.973157688821752E-021 -2.174975457703927E-020
   47.9639986458333       6.843005308157100E-021 -2.491320312688822E-020
   48.1319988888889       5.414980441087613E-021 -2.710427460725075E-020
   48.2999991319444       5.086479155589124E-021 -2.932163845921450E-020
   48.4679993750000       4.630020089123867E-021 -3.167122374622356E-020
   48.6359996180556       3.590274987915408E-021 -3.206897765861027E-020
   48.8039998680556       3.400607596676737E-021 -3.213414000000000E-020
   48.9720001111111       2.276422756797583E-021 -3.353005102719033E-020
   49.1400003541667       1.175984840030211E-021 -3.351484188821752E-020
   49.3080005972222       1.331323455135952E-021 -3.585173457703927E-020
   49.4760008402778      -5.330298918429003E-022 -3.666302632930513E-020
   49.6440010902778      -1.093486771903323E-021 -3.645860276435045E-020
   49.8120013333333      -2.330838620845921E-021 -3.428285285498489E-020
   49.9800015763889      -3.464936820241692E-021 -3.443574382175227E-020
   50.1479985833333      -4.017438803625378E-021 -3.606771868580060E-020
   50.3159988333333      -6.075468540785498E-021 -3.756626007552870E-020
   50.4839990763889      -5.859058975830816E-021 -3.822011761329305E-020
   50.6519993194444      -6.556917646525680E-021 -3.809438616314199E-020
   50.8199995625000      -6.141554898791540E-021 -3.777387990936556E-020
   50.9879998055556      -6.436767787009064E-021 -3.675791219033232E-020
   51.1560000555556      -7.790197706948641E-021 -3.581129270392749E-020
   51.3240002986111      -7.859622151057402E-021 -3.789539049848943E-020
   51.4920005416667      -8.759030500000000E-021 -3.820792232628398E-020
   51.6600007847222      -8.979579093655589E-021 -3.579518391238671E-020
   51.8280010277778      -9.069532486404834E-021 -3.630076370090634E-020
   51.9960012777778      -1.012268084894260E-020 -3.554553780966767E-020
   52.1640015208333      -9.511321903323263E-021 -3.520936261329305E-020
   52.3319985277778      -1.087106001208459E-020 -3.559686299093656E-020
   52.4999987777778      -1.110379015256798E-020 -3.474462454682779E-020
   52.6679990208333      -1.143167230211480E-020 -3.500616107250755E-020
   52.8359992638889      -1.171786679758308E-020 -3.254398675226586E-020
   53.0039995069444      -1.120845224018127E-020 -3.316675879154078E-020
   53.1719997500000      -1.103425575075529E-020 -3.204012880664652E-020
   53.3400000000000      -1.111367008761329E-020 -3.108269598187311E-020
   53.5080002430556      -1.029941385951662E-020 -3.041321697885196E-020
   53.6760004861111      -9.000825264350454E-021 -3.031125634441088E-020
   53.8440007291667      -9.342047888217523E-021 -2.808677525679758E-020
   54.0120009722222      -9.148020305135952E-021 -2.568807892749245E-020
   54.1800012222222      -8.377438463746224E-021 -2.492822481873112E-020
   54.3480014652778      -8.340152235649546E-021 -2.539588175226586E-020
   54.5160017083333      -7.475577312688822E-021 -2.425048651057402E-020
   54.6840019513889      -7.772886891238671E-021 -2.344404539274925E-020
   54.8520021944444      -7.469846400302114E-021 -2.264330956193354E-020
   55.0200024444444      -7.065512519637463E-021 -2.042725397280967E-020
   55.1880026875000      -6.539063290030212E-021 -2.011011767371601E-020
   55.3560029305556      -7.033395545317220E-021 -2.079040249244713E-020
   55.5240031736111      -6.623133329305135E-021 -1.944444219033233E-020
   55.6919969513889      -6.806814282477341E-021 -1.850930826283988E-020
   55.8599971944444      -6.271507222054381E-021 -1.753438095166163E-020
   56.0279974375000      -6.933550347432024E-021 -1.765774081570997E-020
   56.1959976875000      -6.258714661631420E-021 -1.692056296072508E-020
   56.3639979305556      -4.845344135951662E-021 -1.663589037764351E-020
   56.5319981736111      -4.660125027190332E-021 -1.494917413897281E-020
   56.6999984166667      -3.721014194864049E-021 -1.477653954531722E-020
   56.8679986597222      -3.105248827794562E-021 -1.262109179758308E-020
   57.0359989097222      -2.091809818731118E-021 -1.200807974169184E-020
   57.2039991527778      -2.622208149546828E-021 -1.054043642145015E-020
   57.3719993958333      -1.787665223564955E-021 -9.408444126888217E-021
   57.5399996388889      -2.406571722054381E-021 -7.780698874622357E-021
   57.7079998819444      -3.371322966767371E-021 -8.985571779456193E-021
   57.8760001319444      -3.081491125377644E-021 -8.717755812688822E-021
   58.0440003750000      -3.543281570996979E-021 -8.010896241691843E-021
   58.2120006180556      -3.256025297583082E-021 -7.937781347432024E-021
   58.3800008611111      -3.984351891238670E-021 -9.674448918429002E-021
   58.5480011041667      -3.434040938066465E-021 -8.256021595166164E-021
   58.7160013541667      -3.836063209969789E-021 -1.045943207401813E-020
   58.8840015972222      -4.372089367069487E-021 -1.105375946978852E-020
   59.0520018402778      -5.387434202416919E-021 -1.211993030362538E-020
   59.2200020833333      -5.431006128398791E-021 -1.138485038066465E-020
   59.3880023263889      -7.527719679758308E-021 -1.342401052870091E-020
   59.5560025763889      -8.775614722054381E-021 -1.447294676737160E-020
   59.7240028194444      -1.215631250604230E-020 -1.937673084592145E-020
   59.8920030625000      -1.308812022054381E-020 -2.273492418429003E-020
   60.0599968402778      -2.199175364048338E-020 -2.967334015105740E-020
