  -60.0599968402778      -3.662003539274924E-046 -3.662003539274924E-046
  -59.8920030625000      -1.657232592145015E-013 -1.080247841540786E-012
  -59.7240028194444      -3.874458240181269E-013 -1.544050889728097E-012
  -59.5560025763889      -1.056562105287009E-013  3.607019013595166E-013
  -59.3880023263889       2.606345191842900E-013  1.210970313595166E-012
  -59.2200020833333       1.834481291540785E-013  2.444687830815710E-013
  -59.0520018402778      -1.644941525679758E-013 -7.604791250755287E-013
  -58.8840015972222      -3.578076907854985E-013 -6.494966951661631E-013
  -58.7160013541667      -3.407672767371601E-013  1.011795548338369E-013
  -58.5480011041667      -2.534277336858006E-013  5.333083336858005E-013
  -58.3800008611111      -8.086648273413898E-014  5.176973317220543E-013
  -58.2120006180556       1.586117105740181E-013  4.324857859516617E-013
  -58.0440003750000       2.455675809667674E-013  3.870180024169184E-013
  -57.8760001319444       8.038012601208459E-014  2.678526877643504E-013
  -57.7079998819444      -1.298117370543807E-013  1.479338429154079E-013
  -57.5399996388889      -1.829212762839879E-013  1.631044347432024E-013
  -57.3719993958333      -1.344236697432024E-013  1.953935712990937E-013
  -57.2039991527778      -9.508684960725076E-014  9.768393504531722E-014
  -57.0359989097222      -2.840330092145015E-014  3.066213362537764E-014
  -56.8679986597222       1.020483840030212E-013  2.177574166163142E-013
  -56.6999984166667       1.895005845921450E-013  4.982717410876133E-013
  -56.5319981736111       1.313510918882175E-013  5.054435805135952E-013
  -56.3639979305556      -9.821404243202418E-015  2.148213001510574E-013
  -56.1959976875000      -1.004605722205438E-013 -5.650803025679758E-014
  -56.0279974375000      -1.030501841993958E-013 -1.232979395015106E-013
  -55.8599971944444      -6.448166836858006E-014 -7.206145611782477E-014
  -55.6919969513889      -1.278202168580061E-014  1.026165845619335E-014
  -55.5240031736111       4.325430004531722E-014  1.231468770543807E-013
  -55.3560029305556       6.613963950151058E-014  1.984771234138973E-013
  -55.1880026875000       3.343816548338369E-014  1.496485253625378E-013
  -55.0200024444444      -1.332986543957704E-014  3.760166691842900E-014
  -54.8520021944444      -2.936413858006042E-014 -2.325445297583082E-014
  -54.6840019513889      -2.176132773413897E-014 -2.564420489425982E-014
  -54.5160017083333      -1.064174829305136E-014 -1.031359010271903E-014
  -54.3480014652778       2.900725590634441E-015  1.737140558912387E-014
  -54.1800012222222       1.688144839879154E-014  5.128986673716012E-014
  -54.0120009722222       2.222608164652568E-014  6.579758453172205E-014
  -53.8440007291667       1.932156888217523E-014  5.630102690332326E-014
  -53.6760004861111       1.682459953172206E-014  4.624952548338369E-014
  -53.5080002430556       1.782568170694864E-014  4.738530817220544E-014
  -53.3400000000000       2.018105361027190E-014  5.210450546827795E-014
  -53.1719997500000       2.259195370090634E-014  5.608409737160120E-014
  -53.0039995069444       2.349804536253776E-014  5.745586010574018E-014
  -52.8359992638889       2.223684635951662E-014  5.502660261329304E-014
  -52.6679990208333       2.186009954682780E-014  5.446266549848942E-014
  -52.4999987777778       2.586539261329305E-014  5.976729265861028E-014
  -52.3319985277778       3.482154980362538E-014  6.808943200906345E-014
  -52.1640015208333       4.753498702416918E-014  7.624011149546829E-014
  -51.9960012777778       6.314851503021148E-014  8.410769563444108E-014
  -51.8280010277778       8.172811098187311E-014  9.372612412386706E-014
  -51.6600007847222       1.034378293806646E-013  1.070921632628399E-013
  -51.4920005416667       1.274782981419939E-013  1.240890782175227E-013
  -51.3240002986111       1.520354314199396E-013  1.432000393504532E-013
  -51.1560000555556       1.750350661631420E-013  1.638964119335347E-013
  -50.9879998055556       1.947353616314199E-013  1.871421572507553E-013
  -50.8199995625000       2.098126137462236E-013  2.133765637462236E-013
  -50.6519993194444       2.192374345921450E-013  2.405856229607251E-013
  -50.4839990763889       2.222495015105740E-013  2.647378371601209E-013
  -50.3159988333333       2.184619135951662E-013  2.821179007552870E-013
  -50.1479985833333       2.079912274924471E-013  2.915742086102719E-013
  -49.9800015763889       1.915619182779456E-013  2.956080119335348E-013
  -49.8120013333333       1.705824031722055E-013  3.005885654078550E-013
  -49.6440010902778       1.471594749395770E-013  3.161892953172205E-013
  -49.4760008402778       1.239802780362538E-013  3.529258120845922E-013
  -49.3080005972222       1.040266605589124E-013  4.169323077039274E-013
  -49.1400003541667       9.018977240181270E-014  5.041256938066466E-013
  -48.9720001111111       8.495963877643505E-014  5.986754814199395E-013
  -48.8039998680556       9.039241536253776E-014  6.782291663141994E-013
  -48.6359996180556       1.084429835347432E-013  6.567020341389728E-013
  -48.4679993750000       1.414917298036254E-013 -1.941892225075529E-013
  -48.2999991319444       1.926110119335347E-013 -7.492240296072508E-013
  -48.1319988888889       9.958419620845921E-014 -8.906293796072508E-013
  -47.9639986458333      -3.151864888217523E-013 -1.194944613141994E-012
  -47.7959983958333      -4.776644421450151E-013 -1.788406448640483E-012
  -47.6280013888889      -6.104341184290029E-013 -2.486704364048338E-012
  -47.4600011458333      -7.468614515105740E-013 -2.910748178247734E-012
  -47.2920008958333      -8.734262892749244E-013 -2.890733975830816E-012
  -47.1240006527778      -9.776068004531721E-013 -2.631526752265861E-012
  -46.9560004097222      -1.051915352416918E-012 -2.196510345921450E-012
  -46.7880001666667      -1.094353459818731E-012 -1.561297415407855E-012
  -46.6199999236111      -1.111766938972810E-012 -1.163894341691843E-012
  -46.4519996736111      -1.105797896978852E-012 -1.193404220694864E-012
  -46.2839994305556      -1.088561516918429E-012 -1.638214069486405E-012
  -46.1159991875000      -1.083587566767372E-012 -2.190042373111783E-012
  -45.9479989444444      -1.083582451661631E-012 -2.210734448640483E-012
  -45.7799987013889      -1.062421802114804E-012 -1.560285469788520E-012
  -45.6119984513889      -1.007223257401813E-012 -1.034909066767372E-012
  -45.4440014444444      -9.412251105740180E-013 -1.537920176737160E-012
  -45.2760012013889      -9.138360595166164E-013 -2.302801287009063E-012
  -45.1080009513889      -9.415108839879153E-013 -2.586872475830816E-012
  -44.9400007083333      -9.886801850453172E-013 -2.818659036253776E-012
  -44.7720004652778      -1.013244120996979E-012 -2.435317305135952E-012
  -44.6040002222222      -1.010151596525680E-012 -1.445595238066465E-012
  -44.4359999791667      -9.689520921450152E-013 -1.689123161631420E-012
  -44.2679997361111      -9.051292779456193E-013 -2.549148371601208E-012
  -44.0999994861111      -8.739519681268883E-013 -3.641329265861027E-012
  -43.9319992430556      -8.862528033232629E-013 -4.227716196374622E-012
  -43.7639990000000      -9.853301457703928E-013 -4.135428152567975E-012
  -43.5959987569444      -1.104038310876133E-012 -3.635371628398791E-012
  -43.4279985138889      -1.171904131268882E-012 -2.939098108761329E-012
  -43.2600015000000      -1.174748029607251E-012 -3.424312864048338E-012
  -43.0920012569444      -1.131455117522659E-012 -4.536876749244713E-012
  -42.9240010138889      -1.050212283685801E-012 -5.331337922960725E-012
  -42.7560007638889      -9.588534229607250E-013 -5.397508555891239E-012
  -42.5880005208333      -9.128687232628399E-013 -4.906926157099698E-012
  -42.4200002777778      -9.322876475830816E-013 -4.700595066465257E-012
  -42.2520000347222      -9.583576799093656E-013 -4.278522484894260E-012
  -42.0839997916667      -9.756135140483384E-013 -3.547439280966767E-012
  -41.9159995416667      -9.449954246223566E-013 -3.284186954682780E-012
  -41.7479992986111      -8.177338463746224E-013 -3.482147768882175E-012
  -41.5799990555556      -3.882373610271903E-013 -4.279835968277945E-012
  -41.4119988125000       4.500720457703928E-013 -4.921247028700906E-012
  -41.2439985694444       1.031779814350453E-012 -3.838105060422961E-012
  -41.0760015555556       1.030052763444109E-012 -2.621417055891239E-013
  -40.9080013125000       7.965276641993958E-013  2.451430968277945E-012
  -40.7400010694444       4.572349548338369E-013  2.501852702416918E-012
  -40.5720008194444       1.416340793202417E-014  1.009232643806647E-012
  -40.4040005763889      -5.353751178247734E-013 -1.133708518126888E-012
  -40.2360003333333      -1.174514413293051E-012 -3.193778240181269E-012
  -40.0680000902778      -1.859339302114804E-012 -4.682431347432024E-012
  -39.8999998472222      -2.517287318731118E-012 -5.353534332326284E-012
  -39.7319995972222      -3.054470406344411E-012 -5.220163006042296E-012
  -39.5639993541667      -3.371731897280967E-012 -4.499392466767372E-012
  -39.3959991111111      -3.385337998489426E-012 -3.515491690332326E-012
  -39.2279988680556      -3.045681867069486E-012 -2.582531703927492E-012
  -39.0599986250000      -2.347834246223565E-012 -1.895865808157100E-012
  -38.8920016111111      -1.331184072054381E-012 -1.474423637915408E-012
  -38.7240013680556      -6.997404921450152E-014 -1.178681606797583E-012
  -38.5560011250000       1.340272136253776E-012 -7.864306722054382E-013
  -38.3880008819444       2.795376383685800E-012 -8.126934737160121E-014
  -38.2200006319444       4.191931125377643E-012  1.079006890483384E-012
  -38.0520003888889       5.434443764350453E-012  2.718921429003021E-012
  -37.8840001458333       6.441951370090634E-012  4.723031297583081E-012
  -37.7159999027778       7.154230212990937E-012  6.842757981873111E-012
  -37.5479996597222       7.536225419939577E-012  8.744697480362538E-012
  -37.3799994097222       7.579890391238672E-012  1.009542969486405E-011
  -37.2119991666667       7.304025125377643E-012  1.065355725830816E-011
  -37.0439989236111       6.752611226586104E-012  1.033188439123867E-011
  -36.8759986805556       5.990701725075529E-012  9.208085116314198E-012
  -36.7079984375000       5.096585120845921E-012  7.488241648036255E-012
  -36.5400014236111       4.150815978851964E-012  5.446411700906345E-012
  -36.3720011805556       3.225143549848942E-012  3.365259732628399E-012
  -36.2040009375000       2.374900880664652E-012  1.501948112688822E-012
  -36.0360006875000       1.620108712990937E-012 -9.247324105740180E-015
  -35.8680004444444       9.367690409365559E-013 -1.353064186404834E-012
  -35.7000002013889       5.070696716012085E-013 -2.620660989425982E-012
  -35.5319999583333       6.959111451661632E-013 -3.176891445619335E-012
  -35.3639997152778       9.344446163141995E-013 -3.130980200906344E-012
  -35.1959994652778       9.191012335347432E-013 -2.600459457703927E-012
  -35.0279992222222       8.012537427492447E-013 -2.142601134441087E-012
  -34.8599989791667       6.168488429003021E-013 -1.609000445619335E-012
  -34.6919987361111       4.754781244712990E-013 -1.126171411933535E-012
  -34.5239984930556       3.766372493957703E-013 -1.008304131722054E-012
  -34.3560014791667       2.228538140483384E-013 -1.304022599848943E-012
  -34.1880012361111       3.527541058912387E-014 -1.959391024169184E-012
  -34.0200009930556      -6.725026083081572E-014 -2.919823496978852E-012
  -33.8520007500000      -8.708544019637463E-014 -3.879974891238671E-012
  -33.6840005000000      -6.645703101208459E-014 -4.689400932024169E-012
  -33.5160002569444       7.897640978851964E-014 -5.186615487915408E-012
  -33.3480000138889       2.895484916918429E-013 -5.307283984894260E-012
  -33.1799997708333       4.691171083081571E-013 -5.244540954682779E-012
  -33.0119995277778       5.215340160120846E-013 -4.988652324773414E-012
  -32.8439992777778       4.251886690332326E-013 -4.593070134441088E-012
  -32.6759990347222       2.854346500000000E-013 -4.193795361027190E-012
  -32.5079987916667       2.131296984894260E-013 -4.039819838368580E-012
  -32.3399985486111       3.108512314199396E-013 -4.001379623867069E-012
  -32.1720015347222       5.262737208459214E-013 -4.132042811178248E-012
  -32.0040012916667       7.531765577039275E-013 -4.352570000000000E-012
  -31.8360010486111       8.824625320241692E-013 -4.448343003021148E-012
  -31.6680008055556       8.829668282477341E-013 -4.272192871601209E-012
  -31.5000005555556       7.322432354984895E-013 -3.818745922960725E-012
  -31.3320003125000       5.232382167673716E-013 -3.106637806646526E-012
  -31.1640000694444       4.415608110271904E-013 -2.217675354984894E-012
  -30.9959998263889       5.313361785498489E-013 -1.562097716012085E-012
  -30.8279995833333       8.827857880664652E-013 -1.155013144561933E-012
  -30.6599993333333       1.327128068429003E-012 -8.681154989425982E-013
  -30.4919990902778       1.785531273413897E-012 -5.582425256797583E-013
  -30.3239988472222       2.182149057401813E-012 -1.947820471299094E-013
  -30.1559986041667       2.440633629909366E-012  1.122045767824773E-013
  -29.9880015902778       2.454220277945619E-012  3.276555344410876E-013
  -29.8200013472222       2.175384075528701E-012  3.932783102719033E-013
  -29.6520011041667       1.662156314199396E-012  3.447191549848943E-013
  -29.4840008611111       9.270360578549848E-013  9.828942166163142E-014
  -29.3160006111111       1.993645262839879E-013 -2.124654723564955E-013
  -29.1480003680556      -1.731317444108761E-013 -3.714140861027190E-013
  -28.9800001250000      -2.255817217522659E-013 -4.151223255287009E-013
  -28.8119998819444      -9.128858084592145E-014 -4.486478324773414E-013
  -28.6439996388889       6.356048303625378E-014 -6.856000744712991E-013
  -28.4759993958333       2.124861842900302E-013 -1.014176825830816E-012
  -28.3079991458333       3.118002037764350E-013 -1.338035841842900E-012
  -28.1399989027778       3.494762803625378E-013 -1.500113561329305E-012
  -27.9719986597222       3.480902415407855E-013 -1.533177915407855E-012
  -27.8039984166667       3.235223435045317E-013 -1.259502237311178E-012
  -27.6360014027778       1.310508327341390E-013 -7.522955067975830E-013
  -27.4680011597222      -2.256132717522659E-013 -3.730583314199396E-013
  -27.3000009166667      -5.404140126888218E-013  3.745271652567976E-014
  -27.1320006736111      -8.013935268882176E-013  2.723630317220544E-013
  -26.9640004236111      -1.073054451661631E-012  2.034118300604230E-013
  -26.7960001805556      -1.268552483534743E-012  6.321654658610271E-014
  -26.6279999375000      -1.418669478700906E-012  1.981668438066465E-014
  -26.4599996944444      -1.610764391238671E-012  2.461075569486405E-013
  -26.2919994513889      -1.735642847432024E-012  6.950810773413897E-013
  -26.1239992013889      -1.668147493957704E-012  1.350440152416918E-012
  -25.9560005763889      -1.426398106646526E-012  2.038946219033233E-012
  -25.7880003333333      -1.275848091087613E-012  2.441346889728097E-012
  -25.6200000902778      -1.237989318277946E-012  2.541943158610272E-012
  -25.4519998402778      -1.123348057703927E-012  2.144265799093656E-012
  -25.2839995972222      -1.086000289425982E-012  1.520623841389728E-012
  -25.1159993541667      -1.173323271299094E-012  8.263722871601208E-013
  -24.9480007291667      -1.284420874471299E-012  1.501933647885196E-013
  -24.7800004791667      -1.330029406495468E-012 -2.872237107250755E-013
  -24.6120002361111      -1.172250782477341E-012 -3.939658267371602E-013
  -24.4439999930556      -5.669155561933534E-013 -3.157738211480362E-013
  -24.2759997500000       9.042656477341390E-014 -2.544508536253777E-013
  -24.1079995069444       4.035484601208459E-013 -4.683867425981873E-013
  -23.9399992569444       3.765803126888218E-013 -9.741826345921450E-013
  -23.7720006319444       1.597648141993958E-013 -1.496022003776435E-012
  -23.6040003888889      -1.060928577341390E-013 -1.640336406344411E-012
  -23.4360001458333      -5.905377311178247E-013 -1.452819234441088E-012
  -23.2679999027778      -1.283588710271903E-012 -1.299050159214502E-012
  -23.0999996527778      -2.058127586102719E-012 -1.278388355287009E-012
  -22.9319994097222      -2.668904876132931E-012 -1.109514293202417E-012
  -22.7640007847222      -2.694231042296072E-012 -5.023360042296072E-013
  -22.5960005416667      -2.190471703927493E-012  3.409511259818731E-013
  -22.4280002916667      -1.727670037764351E-012  1.150039865256798E-012
  -22.2600000486111      -1.505108558761329E-012  1.815756004531722E-012
  -22.0919998055556      -1.603800676737160E-012  2.166973549848943E-012
  -21.9239995625000      -2.041823575528701E-012  2.078961708459215E-012
  -21.7559993194444      -2.853080645015106E-012  1.477372940332326E-012
  -21.5880006875000      -4.157884845921450E-012  7.185231764350453E-013
  -21.4200004444444      -5.722033790030211E-012  1.224531239274924E-013
  -21.2520002013889      -7.070082015105741E-012 -2.293701063444108E-013
  -21.0839999583333      -7.541428374622357E-012 -3.925590969788520E-013
  -20.9159997083333      -6.844153306646525E-012 -6.496345506042296E-013
  -20.7479994652778      -5.115569264350453E-012 -1.076532200000000E-012
  -20.5799992222222      -3.348173702416918E-012 -1.516293971299094E-012
  -20.4120005972222      -2.214773345921450E-012 -2.176572114803625E-012
  -20.2440003472222      -2.096695761329305E-012 -2.995056368580061E-012
  -20.0760001041667      -2.901054354984894E-012 -3.812260342900302E-012
  -19.9079998611111      -4.276596868580060E-012 -4.481492719033233E-012
  -19.7399996180556      -6.033925960725076E-012 -4.834153554380665E-012
  -19.5719993750000      -7.781512258308157E-012 -4.926542557401813E-012
  -19.4040007430556      -8.974210432024170E-012 -4.824512726586103E-012
  -19.2360005000000      -9.379321086102719E-012 -4.418290172205438E-012
  -19.0680002569444      -8.720406740181268E-012 -3.297294294561933E-012
  -18.9000000138889      -7.321026631419939E-012 -2.047911018126888E-012
  -18.7319997638889      -5.997605903323262E-012 -7.175482933534743E-013
  -18.5639995208333      -5.519558962235650E-012 -1.281699025226586E-013
  -18.3959992777778      -6.085890435045317E-012 -5.578025034743203E-013
  -18.2280006527778      -7.271594537764351E-012 -1.772724800604230E-012
  -18.0600004097222      -8.557846610271903E-012 -3.128471634441088E-012
  -17.8920001597222      -9.607466216012085E-012 -3.871448981873111E-012
  -17.7239999166667      -1.004940675830816E-011 -3.549157610271903E-012
  -17.5559996736111      -9.611924549848943E-012 -2.317540419939577E-012
  -17.3879994305556      -8.101525492447130E-012  2.244433658610272E-013
  -17.2200007986111      -5.898072898791541E-012  3.786485726586102E-012
  -17.0520005555556      -3.564479694864048E-012  7.620660732628400E-012
  -16.8840003125000      -2.178349980362538E-012  1.106072601812689E-011
  -16.7160000694444      -1.860621929003021E-012  1.346617077643505E-011
  -16.5479998263889      -2.250300148036254E-012  1.469337709516616E-011
  -16.3799995763889      -3.064783404833837E-012  1.419564969033233E-011
  -16.2119993333333      -4.188838936555891E-012  1.221619784138973E-011
  -16.0440007083333      -5.369058672205438E-012  9.018503299093656E-012
  -15.8760004652778      -5.921443261329305E-012  4.882260422960726E-012
  -15.7080002152778      -6.027203577039275E-012  8.846180753776435E-013
  -15.5399999722222      -5.741373137462236E-012 -1.571757158610272E-012
  -15.3719997291667      -5.029858370090635E-012 -1.865834610271903E-012
  -15.2039994861111      -4.150889098187311E-012 -3.633390584592145E-013
  -15.0359992430556      -3.621189954682780E-012  1.814851223564955E-012
  -14.8680006111111      -3.292916794561933E-012  4.531225344410876E-012
  -14.7000003680556      -3.059456347432024E-012  6.729832534743203E-012
  -14.5320001250000      -2.684009945619335E-012  7.041230305135952E-012
  -14.3639998819444      -2.250297799093656E-012  4.954193818731118E-012
  -14.1959996319444      -1.382509162537764E-012  1.347667362084592E-012
  -14.0279993888889       1.131712003474320E-013 -2.515515657099698E-012
  -13.8600007638889       1.717137844410876E-012 -5.734301250755287E-012
  -13.6920005208333       2.499483667673716E-012 -7.101170944108762E-012
  -13.5240002708333       2.839154892749245E-012 -6.987935574018127E-012
  -13.3560000277778       2.986519054380664E-012 -5.541114395770393E-012
  -13.1879997847222       3.542252425981873E-012 -3.912748271903323E-012
  -13.0200003472222       4.496933876132931E-012 -2.492235521148037E-012
  -12.8520001041667       5.810707403323262E-012 -1.816447797583082E-012
  -12.6839998611111       7.273288383685801E-012 -1.654783392749245E-012
  -12.5159996180556       8.192443702416918E-012 -1.343162405740181E-012
  -12.3480001805556       8.753171400302114E-012 -9.586992998489425E-013
  -12.1799999375000       8.406953548338368E-012  4.454245800604229E-014
  -12.0119996944444       6.942242685800604E-012  6.093862406344411E-013
  -11.8440002569444       4.769188737160121E-012  6.461142882175226E-013
  -11.6760000138889       2.493630009063444E-012  3.074505864048338E-013
  -11.5079997638889       1.776283216012084E-012 -2.834137758308157E-013
  -11.3400003333333       2.431196063444109E-012 -2.122632382175227E-012
  -11.1720000833333       3.711185773413898E-012 -5.198366744712991E-012
  -11.0039998402778       5.084078509063444E-012 -8.744714250755286E-012
  -10.8359995972222       6.307940406344411E-012 -1.172800426737160E-011
  -10.6680001597222       6.945120543806646E-012 -1.326108206193354E-011
  -10.4999999166667       6.434316658610272E-012 -1.424977490785498E-011
  -10.3319996736111       5.438263803625378E-012 -1.555542670694864E-011
  -10.1640002361111       3.620129708459215E-012 -1.447589279003021E-011
  -9.99599999305556       2.272984083081571E-012 -1.099862597734139E-011
  -9.82799975000000       1.999307567975831E-012 -6.929063566465257E-012
  -9.66000031250000       2.444993519637462E-012 -2.355778714501510E-012
  -9.49200006944444       2.547077184290030E-012  2.273069782477342E-012
  -9.32399981944444       1.904667427492447E-012  6.503120297583082E-012
  -9.15600038888889       4.725671850453172E-013  8.720561030211480E-012
  -8.98800013888889      -4.120326939577040E-013  9.153847200906344E-012
  -8.81999989583333      -5.766649536253777E-014  7.574892039274924E-012
  -8.65199965277778       2.508554290030211E-012  3.476871359516616E-012
  -8.48400021527778       5.811502336858006E-012 -2.945012478851964E-012
  -8.31599997222222       9.424100975830817E-012 -8.468725552870091E-012
  -8.14799972916667       1.221792858157100E-011 -1.193567836102719E-011
  -7.98000029166667       1.234065149546828E-011 -1.171619632477341E-011
  -7.81200004861111       1.031648616767372E-011 -8.689732385196375E-012
  -7.64399980555556       7.216455697885196E-012 -6.156474457703928E-012
  -7.47600036805556       2.494577891238671E-012 -5.344370465256798E-012
  -7.30800012500000      -4.279208072507553E-012 -5.171926330815710E-012
  -7.13999988194444      -1.058494279154078E-011 -5.143806830815710E-012
  -6.97199963194444      -1.247752354682779E-011 -6.344147093655589E-012
  -6.80400019791667      -7.014586293051360E-012  2.510088478851964E-013
  -6.63599995347222       3.473063394259819E-012  1.186482936102719E-011
  -6.46800011388889       1.127233251359517E-011  2.222217709969789E-011
  -6.29999986944444       1.331243272658610E-011  2.865283438066465E-011
  -6.13200002916667       8.987794731117825E-012  2.894552003021148E-011
  -5.96400018888889      -1.887264471299094E-013  2.506032172205438E-011
  -5.79599994444444      -1.344312107099698E-011  2.098631842900302E-011
  -5.62800010416667      -2.823427694864048E-011  1.739212063444109E-011
  -5.45999985972222      -3.953456025679758E-011  1.539966811178248E-011
  -5.29200001944444      -4.023262823262840E-011  1.591582589123867E-011
  -5.12400017916667      -2.328255345921450E-011  1.969658004531722E-011
  -4.95599993472222       4.603944282477341E-012  2.847257173716012E-011
  -4.78800009444444       2.431243256797583E-011  3.580973584592145E-011
  -4.61999985000000       3.141423475830816E-011  3.250937216012085E-011
  -4.45200000972222       2.615718719033233E-011  1.861270184290030E-011
  -4.28400016944444       1.243172064048338E-011  1.863586660120846E-012
  -4.11599992500000      -4.639270169184290E-012 -1.278897498187311E-011
  -3.94800008541667      -2.121770098187311E-011 -2.117892031722054E-011
  -3.77999984097222      -3.386064574018127E-011 -1.712712415407855E-011
  -3.61200000069444      -3.597793697885196E-011 -1.885947255287009E-012
  -3.44400016041667      -2.053090427492447E-011  2.610835616314199E-011
  -3.27599991597222       2.846204641993958E-012  6.478183951661631E-011
  -3.10800007569444       2.126106474320242E-011  9.678358416918429E-011
  -2.94000003333333       3.211128308157100E-011  1.020107207854985E-010
  -2.77199999097222       3.531957942598188E-011  7.521135645015105E-011
  -2.60399994861111       2.829307382175227E-011  2.396130155589124E-011
  -2.43599990625000       1.335296693655589E-011 -3.269601842900302E-011
  -2.26800006597222      -8.170152705438067E-012 -8.670185750755287E-011
  -2.10000002361111      -3.043864456193354E-011 -1.249293303927492E-010
  -1.93199998125000      -4.053121986404834E-011 -1.321500331117825E-010
  -1.76399993888889      -1.338809828398792E-011 -9.829185602719033E-011
  -1.59599999791667       5.418572605740181E-011 -3.074171732628399E-011
  -1.42799995555556       1.171860567673716E-010  5.087187602719034E-011
  -1.26000001458333       1.435393033081571E-010  1.096588439425982E-010
  -1.09199997222222       1.303391795317220E-010  1.196022025981873E-010
 -0.924000030555556       8.296427929003020E-011  9.655555577039274E-011
 -0.755999988194444       1.231471990483384E-011  5.358591314199396E-011
 -0.587999996527778      -6.807416933534743E-011  2.076391929003021E-012
 -0.420000004722222      -1.381753603776435E-010 -4.420338146525680E-011
 -0.251999987708333      -1.743561320241692E-010 -6.870922495468278E-011
 -8.400000222222222E-002 -1.372905951359516E-010 -5.003972530211481E-011
  8.400000222222222E-002  3.010238919939577E-012  5.861585805135952E-011
  0.251999987708333       2.041421694864048E-010  2.341267723564955E-010
  0.420000004722222       3.525417031722054E-010  4.032358790030211E-010
  0.587999996527778       3.870235693353475E-010  4.823468057401812E-010
  0.755999988194444       3.381136712990937E-010  4.779672435045317E-010
  0.924000030555556       2.363593148036254E-010  3.754073762839879E-010
   1.09199997222222       1.156353670090635E-010  2.556528040785498E-010
   1.26000001458333       3.187198743202417E-011  1.100607406495468E-010
   1.42799995555556       1.119494963293051E-011  4.167441551359517E-011
   1.59599999791667       1.167904175528701E-010  4.081648077039275E-011
   1.76399993888889       3.651800687311178E-010  1.973143688821752E-010
   1.93199998125000       7.480058116314199E-010  5.302070323262839E-010
   2.10000002361111       1.128915965709970E-009  9.780874492447131E-010
   2.26800006597222       1.552542832326284E-009  1.471031430966767E-009
   2.43599990625000       1.899926531722055E-009  1.807588433534743E-009
   2.60399994861111       2.457607010574018E-009  2.379653217522659E-009
   2.77199999097222       3.121242935045317E-009  3.029185791540785E-009
   2.94000003333333       4.289606001510574E-009  4.409021487915408E-009
   3.10800007569444       5.896618223564955E-009  6.312828141993959E-009
   3.27599991597222       8.499243787009063E-009  9.647267900302114E-009
   3.44400016041667       1.270540055891239E-008  1.479024955135952E-008
   3.61200000069444       1.941539418429003E-008  2.279020341389728E-008
   3.77999984097222       2.932770078549849E-008  3.532598870090635E-008
   3.94800008541667       4.431627240181269E-008  5.496511722054381E-008
   4.11599992500000       6.780740222054380E-008  8.580678596676738E-008
   4.28400016944444       1.020920277341390E-007  1.356937848489426E-007
   4.45200000972222       1.547725657099698E-007  2.206392820241692E-007
   4.61999985000000       2.117491610271903E-007  3.733822732628399E-007
   4.78800009444444      -1.542256818731118E-007  8.561886182779457E-007
   4.95599993472222      -2.617156238670695E-006  3.510545531722054E-006
   5.12400017916667      -5.329099519637462E-006  7.200916509063444E-006
   5.29200001944444      -4.591321814199396E-006  1.159037696827795E-005
   5.45999985972222      -2.704242108761329E-006  1.236443545770393E-005
   5.62800010416667       3.142915441087613E-006  3.519385358006042E-006
   5.79599994444444       1.659621611782477E-005 -1.544388590634441E-005
   5.96400018888889       2.258121714501511E-005 -3.034402854984894E-005
   6.13200002916667       2.344415539274925E-006 -3.987634864048338E-005
   6.29999986944444      -8.645535551359516E-005 -4.989444489425983E-005
   6.46800011388889      -2.227480723564955E-004 -7.703543564954683E-005
   6.63599995347222      -3.296304774924471E-004 -1.398410839425982E-004
   6.80400019791667      -4.204754293051359E-004 -2.350664030211481E-004
   6.97199963194444      -6.106928486404833E-004 -3.848892504531722E-004
   7.13999988194444      -1.056296947885196E-003 -6.399494552870091E-004
   7.30800012500000      -1.770565877643505E-003 -1.106085283836858E-003
   7.47600036805556      -2.755286651057402E-003 -1.947777868580060E-003
   7.64399980555556      -4.041161782477341E-003 -3.188023753776435E-003
   7.81200004861111      -5.502035610271903E-003 -4.696088614803625E-003
   7.98000029166667      -6.996255626888217E-003 -6.274710249244713E-003
   8.14799972916667      -8.574471373111783E-003 -7.935737194864049E-003
   8.31599997222222      -1.023926331570997E-002 -9.513124598187312E-003
   8.48400021527778      -1.194017891389728E-002 -1.098013716465257E-002
   8.65199965277778      -1.357310920392749E-002 -1.230510556042296E-002
   8.81999989583333      -1.489416566163142E-002 -1.342884219335348E-002
   8.98800013888889      -1.593833531722054E-002 -1.438543659667674E-002
   9.15600038888889      -1.686082506042296E-002 -1.497929910120846E-002
   9.32399981944444      -1.744122087613293E-002 -1.532892590634441E-002
   9.49200006944444      -1.741794229607251E-002 -1.547550651057402E-002
   9.66000031250000      -1.706165273413898E-002 -1.560683696374622E-002
   9.82799975000000      -1.671715734138973E-002 -1.547528033232629E-002
   9.99599999305556      -1.654772311178248E-002 -1.500457579305136E-002
   10.1640002361111      -1.629871184290030E-002 -1.430474451359517E-002
   10.3319996736111      -1.597489619335347E-002 -1.360876970845921E-002
   10.4999999166667      -1.561532783987915E-002 -1.293039609969789E-002
   10.6680001597222      -1.530934676737160E-002 -1.226127687915408E-002
   10.8359995972222      -1.501135523564955E-002 -1.173619417220544E-002
   11.0039998402778      -1.463321328549849E-002 -1.129163283987915E-002
   11.1720000833333      -1.412872965558912E-002 -1.083906539577039E-002
   11.3400003333333      -1.345976601963746E-002 -1.028640176586103E-002
   11.5079997638889      -1.270268258761329E-002 -9.832197806646526E-003
   11.6760000138889      -1.209315936706949E-002 -9.312094518126889E-003
   11.8440002569444      -1.158552947734139E-002 -8.685799163141994E-003
   12.0119996944444      -1.094865726888218E-002 -8.162978912386706E-003
   12.1799999375000      -1.027902735649547E-002 -7.845598404833837E-003
   12.3480001805556      -9.709376222054381E-003 -7.569879203927493E-003
   12.5159996180556      -9.176749836858006E-003 -7.266438619335347E-003
   12.6839998611111      -8.698240148036253E-003 -6.912808403323262E-003
   12.8520001041667      -8.135251768882175E-003 -6.509695888217523E-003
   13.0200003472222      -7.497097430513595E-003 -6.044013983383685E-003
   13.1879997847222      -6.909229244712991E-003 -5.683086790030211E-003
   13.3560000277778      -6.446992522658610E-003 -5.462207102719033E-003
   13.5240002708333      -6.112306859516616E-003 -5.160951542296073E-003
   13.6920005208333      -5.775883478851964E-003 -4.666990383685800E-003
   13.8600007638889      -5.328982258308157E-003 -4.175380277945619E-003
   14.0279993888889      -4.823535231117825E-003 -3.720801042296072E-003
   14.1959996319444      -4.237043533232628E-003 -3.171680196374622E-003
   14.3639998819444      -3.554034448640483E-003 -2.570466332326284E-003
   14.5320001250000      -2.972117364048338E-003 -2.039909182779456E-003
   14.7000003680556      -2.426485460725076E-003 -1.591346235649547E-003
   14.8680006111111      -1.898523723564955E-003 -1.242515183685801E-003
   15.0359992430556      -1.422833009818731E-003 -9.358570294561935E-004
   15.2039994861111      -1.031543282930513E-003 -6.955766605740182E-004
   15.3719997291667      -7.202211102719033E-004 -4.867445395770392E-004
   15.5399999722222      -4.763851262839879E-004 -2.926158131419940E-004
   15.7080002152778      -2.907839157099698E-004 -1.316325361933535E-004
   15.8760004652778      -1.640327927492447E-004 -1.051876267673716E-006
   16.0440007083333      -9.161664954682779E-005  8.971146744712991E-005
   16.2119993333333      -2.701763693353474E-005  1.603725880664652E-004
   16.3799995763889       2.515716394259819E-005  2.080384877643505E-004
   16.5479998263889       4.907561820241692E-005  2.211164626888218E-004
   16.7160000694444       6.956222194864048E-005  2.082349716012085E-004
   16.8840003125000       8.127495669184290E-005  1.836704974320242E-004
   17.0520005555556       7.448896900302114E-005  1.514741413897281E-004
   17.2200007986111       6.479030515105740E-005  1.218752468429003E-004
   17.3879994305556       5.887102706948640E-005  9.301661027190333E-005
   17.5559996736111       5.139829731117825E-005  6.645304513595167E-005
   17.7239999166667       3.870577746223565E-005  4.497483608761329E-005
   17.8920001597222       2.686128729607251E-005  2.928812821752266E-005
   18.0600004097222       2.092876812688822E-005  1.774674557401813E-005
   18.2280006527778       1.531833462235649E-005  1.049793207250755E-005
   18.3959992777778       8.807208084592145E-006  7.357945654078550E-006
   18.5639995208333       4.227626984894260E-006  6.300898049848942E-006
   18.7319997638889       1.311514880362538E-006  5.201672575528701E-006
   18.9000000138889       1.443699246676737E-007  3.124578797583082E-006
   19.0680002569444       1.440416904984894E-008  1.648357250755287E-006
   19.2360005000000       3.664271034743202E-009  9.284111364048338E-007
   19.4040007430556       4.409698199395770E-010  4.042730438066466E-007
   19.5719993750000       8.663344898791540E-011  9.227507932024170E-008
   19.7399996180556       2.490830637462235E-011  2.285754173716012E-008
   19.9079998611111       3.941348087613294E-012  7.069368365558913E-009
   20.0760001041667       6.900444465256798E-013  3.782553430513595E-009
   20.2440003472222       3.881253744712991E-013  4.702692965256798E-010
   20.4120005972222       5.669793268882175E-014  3.538294061933535E-011
   20.5799992222222       2.949904084592145E-014  2.484480294561934E-011
   20.7479994652778       4.628600577039275E-015  4.523202222054381E-012
   20.9159997083333       2.607903219033233E-015  3.429043722054380E-013
   21.0839999583333       3.905928812688822E-016  1.551055776435045E-013
   21.2520002013889       2.369955194864048E-016  3.604274271903323E-014
   21.4200004444444       3.418972232628399E-017  6.019791155589123E-015
   21.5880006875000       2.011755836858006E-017  1.908736777945619E-015
   21.7559993194444       3.285062146525680E-018  6.550537435045317E-016
   21.9239995625000       1.920168992447130E-018  1.316574683383686E-016
   22.0919998055556       4.670233149546827E-019  5.157897862537764E-017
   22.2600000486111       3.349443527190332E-019  1.098872220090634E-017
   22.4280002916667       2.055476948640483E-019  4.677455400302114E-018
   22.5960005416667       1.771961018126888E-019  1.033418180966767E-018
   22.7640007847222       1.592441533232628E-019  5.500675702416918E-019
   22.9319994097222       1.473706178851964E-019  2.188759086102719E-019
   23.0999996527778       1.302783374773414E-019  1.665927558912387E-019
   23.2679999027778       1.203042886253776E-019  1.292627696072507E-019
   23.4360001458333       1.104938765709970E-019  1.157826545015106E-019
   23.6040003888889       9.541132018126889E-020  1.065786882930514E-019
   23.7720006319444       8.285139477341390E-020  9.599731392749245E-020
   23.9399992569444       7.440540590634440E-020  8.497895829305135E-020
   24.1079995069444       5.794573623867069E-020  8.365679879154078E-020
   24.2759997500000       5.219845536253776E-020  6.723830323262840E-020
   24.4439999930556       4.462023641993958E-020  6.337315563444109E-020
   24.6120002361111       3.651661036253776E-020  5.091811471299093E-020
   24.7800004791667       2.853575190332327E-020  4.237302910876133E-020
   24.9480007291667       1.813307353474320E-020  3.327115848942598E-020
   25.1159993541667       5.778336392749245E-021  1.972688938066465E-020
   25.2839995972222      -3.622644676737160E-021  1.552417462235649E-020
   25.4519998402778      -1.068962381873112E-020  1.089147712990936E-020
   25.6200000902778      -1.905333070996979E-020  5.785974694864048E-021
   25.7880003333333      -2.335453493957704E-020 -2.497232809667674E-021
   25.9560005763889      -2.933840448640483E-020 -8.522821080060423E-021
   26.1239992013889      -3.555658853474321E-020 -1.466326203323263E-020
   26.2919994513889      -3.765378128398791E-020 -2.237187187311178E-020
   26.4599996944444      -3.229384333836858E-020 -2.707841209969788E-020
   26.6279999375000      -3.440481326283988E-020 -2.867384858006042E-020
   26.7960001805556      -3.837532518126888E-020 -2.786818465256797E-020
   26.9640004236111      -3.379713790030211E-020 -3.016460046827795E-020
   27.1320006736111      -3.644995610271903E-020 -2.983227879154078E-020
   27.3000009166667      -3.814376209969789E-020 -3.401124771903324E-020
   27.4680011597222      -3.485596157099698E-020 -2.847098190332326E-020
   27.6360014027778      -3.481247835347432E-020 -2.899573179758308E-020
   27.8039984166667      -2.854343643504532E-020 -2.888014141993958E-020
   27.9719986597222      -3.090079122356495E-020 -2.715818629909366E-020
   28.1399989027778      -2.912951013595167E-020 -2.448648288519638E-020
   28.3079991458333      -2.995319959214501E-020 -2.612931105740181E-020
   28.4759993958333      -2.292443101208459E-020 -2.103129199395771E-020
   28.6439996388889      -2.706172104229607E-020 -2.056346762839879E-020
   28.8119998819444      -2.439118968277945E-020 -1.753385490936556E-020
   28.9800001250000      -2.381108616314199E-020 -1.931501966767371E-020
   29.1480003680556      -2.132020293051360E-020 -1.754506557401813E-020
   29.3160006111111      -2.072696574018127E-020 -1.602676930513595E-020
   29.4840008611111      -2.055585306646526E-020 -1.584064368580060E-020
   29.6520011041667      -2.056567302114804E-020 -1.336532693655589E-020
   29.8200013472222      -1.714565853474320E-020 -1.463223526435045E-020
   29.9880015902778      -1.967282401812689E-020 -1.404251671299094E-020
   30.1559986041667      -1.697969762839879E-020 -1.151478396072507E-020
   30.3239988472222      -1.752653022658610E-020 -9.781764981873113E-021
   30.4919990902778      -1.803294469788520E-020 -1.029564281570997E-020
   30.6599993333333      -1.598188164652568E-020 -1.095857247280967E-020
   30.8279995833333      -1.429352104682780E-020 -8.531915693353475E-021
   30.9959998263889      -1.252519882326284E-020 -8.713365007552870E-021
   31.1640000694444      -1.445138759214502E-020 -7.094345761329304E-021
   31.3320003125000      -1.284047833987915E-020 -7.872852042296072E-021
   31.5000005555556      -1.255205720392749E-020 -6.534869909365559E-021
   31.6680008055556      -1.221626061027190E-020 -4.493007679758308E-021
   31.8360010486111      -1.127834400453172E-020 -4.893439003021148E-021
   32.0040012916667      -1.122089993353474E-020 -3.980663941087614E-021
   32.1720015347222      -1.124723601510574E-020 -3.794611090634441E-021
   32.3399985486111      -1.086066277794562E-020 -5.074343528700906E-021
   32.5079987916667      -1.091839173716012E-020 -2.332411137462236E-021
   32.6759990347222      -1.039140771450151E-020 -2.842264432024169E-021
   32.8439992777778      -9.140992394259820E-021 -1.884016925981873E-021
   33.0119995277778      -9.277838930513596E-021 -1.747641457703928E-021
   33.1799997708333      -6.844895827794562E-021 -1.536175140483384E-021
   33.3480000138889      -7.808817392749244E-021 -1.957747989425982E-021
   33.5160002569444      -8.053408577039276E-021 -1.805346989425982E-021
   33.6840005000000      -7.562683054380664E-021 -1.343979037311178E-021
   33.8520007500000      -7.860534924471299E-021  2.107131129909366E-022
   34.0200009930556      -7.456587145015105E-021 -1.397204560271903E-022
   34.1880012361111      -7.155840767371601E-021 -6.621482892749245E-023
   34.3560014791667      -5.820591327794562E-021 -1.701894019637462E-023
   34.5239984930556      -6.037926161631420E-021  1.309249165861027E-022
   34.6919987361111      -7.069707149546827E-021  2.059302527190332E-022
   34.8599989791667      -6.531013897280966E-021  1.338166437915408E-021
   35.0279992222222      -5.746967880664653E-021  9.856064731117825E-022
   35.1959994652778      -5.391892480362538E-021  9.914724113293051E-022
   35.3639997152778      -4.507187516616314E-021  5.699300972809668E-022
   35.5319999583333      -4.817916601208459E-021  2.237648196374622E-021
   35.7000002013889      -5.016898521148036E-021  9.167618051359516E-022
   35.8680004444444      -5.803721592145016E-021  1.519252454682780E-021
   36.0360006875000      -4.965306255287009E-021  2.598995705438066E-021
   36.2040009375000      -5.191474865558913E-021  3.272858484894260E-021
   36.3720011805556      -4.380463321752266E-021  1.997014077039275E-021
   36.5400014236111      -3.958326315709970E-021  1.965312412386707E-021
   36.7079984375000      -3.825760938066465E-021  2.163146025679758E-021
   36.8759986805556      -3.522068199395770E-021  2.135193225075529E-021
   37.0439989236111      -3.076429641993958E-021  2.293684684290030E-021
   37.2119991666667      -3.445121034743202E-021  2.994185460725075E-021
   37.3799994097222      -2.469309217522659E-021  2.781022453172205E-021
   37.5479996597222      -3.368989492447130E-021  3.050634913897281E-021
   37.7159999027778      -2.851291570996979E-021  2.636167134441087E-021
   37.8840001458333      -3.121741521148036E-021  3.144410581570997E-021
   38.0520003888889      -2.762571764350453E-021  3.521648986404834E-021
   38.2200006319444      -2.481805486404834E-021  3.163550690332326E-021
   38.3880008819444      -2.140401682779456E-021  3.104221723564955E-021
   38.5560011250000      -2.296415817220544E-021  3.345349870090635E-021
   38.7240013680556      -2.347541077039275E-021  3.821844950151058E-021
   38.8920016111111      -1.739737166163142E-021  3.658809151057402E-021
   39.0599986250000      -1.969543277945619E-021  3.634253007552870E-021
   39.2279988680556      -1.156113137764350E-021  4.406683823262840E-021
   39.3959991111111      -2.117863040785499E-021  4.161982681268882E-021
   39.5639993541667      -1.313660899848943E-021  4.629843595166163E-021
   39.7319995972222      -2.340555493957704E-021  4.519889486404834E-021
   39.8999998472222      -1.891686777945619E-021  4.968126415407855E-021
   40.0680000902778      -1.429870873111783E-021  4.943780815709969E-021
   40.2360003333333      -1.501179433534743E-021  5.869177567975831E-021
   40.4040005763889      -6.599573675226586E-022  4.788174022658610E-021
   40.5720008194444      -1.370994387462236E-021  5.453682996978852E-021
   40.7400010694444      -1.313667616012085E-021  5.733514950151058E-021
   40.9080013125000      -5.062250853474320E-022  4.561271634441087E-021
   41.0760015555556      -1.503916628549849E-023  4.409352791540785E-021
   41.2439985694444      -8.056520499999999E-022  4.846975382175227E-021
   41.4119988125000      -6.724292706948641E-022  5.631403126888217E-021
   41.5799990555556      -9.586558634441086E-022  5.092552435045317E-021
   41.7479992986111      -1.266699872054381E-022  4.441298270392749E-021
   41.9159995416667      -1.188900165709970E-021  4.561948871601209E-021
   42.0839997916667      -5.196530256797584E-022  5.088829809667674E-021
   42.2520000347222      -1.346096657099698E-022  5.314318058912387E-021
   42.4200002777778      -1.569900965256798E-022  4.702567702416918E-021
   42.5880005208333      -5.293447522658610E-022  4.803845160120846E-021
   42.7560007638889      -1.387256936404834E-022  5.332904631419939E-021
   42.9240010138889       4.134900519637462E-023  5.350858948640484E-021
   43.0920012569444       9.246870067975831E-023  5.238920607250755E-021
   43.2600015000000       6.790462471299094E-022  4.618268063444108E-021
   43.4279985138889       2.753306241691843E-022  5.674515231117825E-021
   43.5959987569444       2.748884315709970E-022  5.869599280966768E-021
   43.7639990000000       3.717103439577039E-022  5.242503287009063E-021
   43.9319992430556       4.793402317220544E-022  5.832407391238671E-021
   44.0999994861111       3.489517876132931E-022  5.723265782477342E-021
   44.2679997361111       5.542386950151057E-022  6.242233525679758E-021
   44.4359999791667       7.389261635951662E-023  5.748867771903323E-021
   44.6040002222222       6.586212429003021E-022  6.369087045317221E-021
   44.7720004652778       3.588641712990937E-022  5.122030740181269E-021
   44.9400007083333       7.658838895770393E-022  5.577047238670694E-021
   45.1080009513889       6.454068530211480E-022  5.789563933534743E-021
   45.2760012013889       4.230596578549849E-022  5.313808879154078E-021
   45.4440014444444       5.741294913897281E-022  6.111984441087614E-021
   45.6119984513889       7.949573513595166E-022  6.473030661631420E-021
   45.7799987013889       6.412411176737161E-022  6.242788936555891E-021
   45.9479989444444       6.817509839879154E-022  5.668112077039275E-021
   46.1159991875000       6.045800386706948E-022  6.425001705438067E-021
   46.2839994305556       6.130717989425981E-022  5.937245036253776E-021
   46.4519996736111       3.977781693353474E-022  6.622396113293051E-021
   46.6199999236111       1.124656143202417E-021  6.727518649546828E-021
   46.7880001666667       7.041917723564955E-022  6.007257379154079E-021
   46.9560004097222       6.348195345921450E-022  5.634160187311178E-021
   47.1240006527778       7.473992299093656E-022  5.952712814199396E-021
   47.2920008958333       1.581330986404834E-021  5.706701552870091E-021
   47.4600011458333       1.295616929456193E-021  6.509039256797583E-021
   47.6280013888889       1.388705595770393E-022  5.845657898791541E-021
   47.7959983958333       9.987941155589124E-022  5.719774629909366E-021
   47.9639986458333       9.916690540785499E-022  5.647619365558913E-021
   48.1319988888889       1.506058018580060E-021  6.069044146525680E-021
   48.2999991319444       4.288957247734139E-022  6.091785365558912E-021
   48.4679993750000       1.412400118882175E-021  7.008711951661631E-021
   48.6359996180556       1.221944203776435E-021  6.187214768882175E-021
   48.8039998680556       1.253410257401813E-021  6.014465844410876E-021
   48.9720001111111       7.036601806646525E-022  6.128521181268882E-021
   49.1400003541667       1.361789347885196E-021  5.739763161631420E-021
   49.3080005972222       9.004816067975832E-022  6.482830003021148E-021
   49.4760008402778       1.178376260422961E-021  6.630856596676737E-021
   49.6440010902778       1.430176536404834E-021  6.774364936555892E-021
   49.8120013333333       1.657612001510574E-021  6.551941442598187E-021
   49.9800015763889       1.335436085800604E-021  6.062939004531723E-021
   50.1479985833333       1.925306764350453E-021  6.714502424471299E-021
   50.3159988333333       1.478266717975831E-021  6.192467116314200E-021
   50.4839990763889       1.361419178398792E-021  6.487508196374622E-021
   50.6519993194444       1.375394563595166E-021  6.570567376132931E-021
   50.8199995625000       1.383479254380665E-021  5.475424602719033E-021
   50.9879998055556       1.341577620845921E-021  6.318690879154079E-021
   51.1560000555556       1.402368523413897E-021  5.810583317220543E-021
   51.3240002986111       1.382449651963746E-021  6.348638690332327E-021
   51.4920005416667       1.466759910876133E-021  6.296132089123867E-021
   51.6600007847222       1.632340664652568E-021  6.229029873111782E-021
   51.8280010277778       1.232972445619335E-021  6.087867503021148E-021
   51.9960012777778       2.175347563444109E-021  6.159773489425982E-021
   52.1640015208333       1.465212539577039E-021  5.627973200906345E-021
   52.3319985277778       1.742035496978852E-021  6.672126912386707E-021
   52.4999987777778       1.449965458006042E-021  6.730080160120846E-021
   52.6679990208333       1.519482367069486E-021  6.300584120845921E-021
   52.8359992638889       1.576886451661631E-021  6.472762015105740E-021
   53.0039995069444       1.344731871601208E-021  6.440525087613293E-021
   53.1719997500000       1.777252993957704E-021  6.595620827794562E-021
   53.3400000000000       1.295611462839879E-021  7.009014959214502E-021
   53.5080002430556       1.879622528700906E-021  6.233472533232629E-021
   53.6760004861111       1.725234953172206E-021  7.078875484894259E-021
   53.8440007291667       1.723788324773414E-021  6.294866327794561E-021
   54.0120009722222       1.526922930513595E-021  6.940780055891239E-021
   54.1800012222222       1.407518566163142E-021  6.250365385196375E-021
   54.3480014652778       1.799610299093656E-021  7.037274048338369E-021
   54.5160017083333       1.588463231117825E-021  6.509661516616315E-021
   54.6840019513889       1.817404052870091E-021  6.905788566465256E-021
   54.8520021944444       1.742568104229607E-021  6.571902484894260E-021
   55.0200024444444       1.543568847432024E-021  6.239544563444108E-021
   55.1880026875000       1.754425712990936E-021  6.612709229607251E-021
   55.3560029305556       1.729170777945619E-021  7.107558160120846E-021
   55.5240031736111       1.786433042296072E-021  6.596207475830816E-021
   55.6919969513889       2.064728557401813E-021  7.158338552870091E-021
   55.8599971944444       1.646737137462236E-021  7.183535074018127E-021
   56.0279974375000       1.786945501510574E-021  7.056772768882174E-021
   56.1959976875000       2.037445654078550E-021  7.110704445619335E-021
   56.3639979305556       1.977831484894260E-021  7.572822264350452E-021
   56.5319981736111       1.625291824773414E-021  7.061716484894260E-021
   56.6999984166667       1.782683084592145E-021  8.087551643504531E-021
   56.8679986597222       2.228938435045317E-021  7.237591077039275E-021
   57.0359989097222       2.541352649546828E-021  6.680393720543806E-021
   57.2039991527778       1.729461758308157E-021  7.203287447129909E-021
   57.3719993958333       2.112587265861027E-021  7.747633516616315E-021
   57.5399996388889       2.250579921450151E-021  7.539565105740181E-021
   57.7079998819444       2.334797404833837E-021  7.676788995468279E-021
   57.8760001319444       2.160837697885196E-021  7.537941358006042E-021
   58.0440003750000       2.476166882175227E-021  7.550696432024169E-021
   58.2120006180556       2.167828279456193E-021  7.813085744712991E-021
   58.3800008611111       2.293954268882175E-021  8.239818475830816E-021
   58.5480011041667       2.360360190332326E-021  8.108184302114803E-021
   58.7160013541667       2.123271577039275E-021  8.082241818731117E-021
   58.8840015972222       2.544592179758308E-021  8.121302986404834E-021
   59.0520018402778       2.507044022658610E-021  8.204979429003020E-021
   59.2200020833333       2.948556203927492E-021  8.217791981873112E-021
   59.3880023263889       2.518803388217523E-021  8.053238018126887E-021
   59.5560025763889       2.123459006042296E-021  8.713076993957704E-021
   59.7240028194444       2.090347728096677E-021  7.282192605740182E-021
   59.8920030625000       2.373517610271903E-021  7.746415862537764E-021
   60.0599968402778       2.102645323262840E-021  9.403308610271904E-021
