  -60.0599968402778      -1.104840087059493E-010  4.062946049546300E-009
  -59.8920030625000      -5.882403277687910E-009 -5.446616527292976E-009
  -59.7240028194444      -2.093315383052061E-008 -4.828930393735108E-008
  -59.5560025763889       9.746208053254844E-009 -4.839377864610490E-008
  -59.3880023263889       2.010011080875026E-008  4.059779322308282E-008
  -59.2200020833333      -1.236791912258588E-007 -1.909384945331778E-007
  -59.0520018402778      -2.819385269073679E-007 -5.361801643161323E-007
  -58.8840015972222      -2.724207025008210E-007 -4.128456678021099E-007
  -58.7160013541667      -1.418510255476348E-007 -1.067839872008440E-007
  -58.5480011041667      -2.634352885593803E-008  3.126804327793027E-008
  -58.3800008611111       2.037623143086216E-008  3.897579097947456E-008
  -58.2120006180556       2.333214126636006E-008  2.065199725593317E-008
  -58.0440003750000       1.437447559885245E-008  9.755865125001774E-009
  -57.8760001319444       6.884317908273170E-009  4.799570116243727E-009
  -57.7079998819444       2.713119503235233E-009  1.849825202510509E-009
  -57.5399996388889       7.614833372810464E-010  2.402467489251670E-010
  -57.3719993958333       1.963101298633605E-011 -3.138938945465120E-010
  -57.2039991527778      -1.680956099876831E-010 -3.916434788332928E-010
  -57.0359989097222      -1.900464122730951E-010 -3.586391524870603E-010
  -56.8679986597222      -1.858956192337368E-010 -3.084563744391834E-010
  -56.6999984166667      -1.640793094402222E-010 -2.489358454805795E-010
  -56.5319981736111      -1.364767432372078E-010 -2.043263132583571E-010
  -56.3639979305556      -1.256940170503767E-010 -1.854912669103862E-010
  -56.1959976875000      -1.232272104462956E-010 -1.649163650176774E-010
  -56.0279974375000      -1.150546153027848E-010 -1.301011689633556E-010
  -55.8599971944444      -1.104711507096840E-010 -1.067760365853254E-010
  -55.6919969513889      -1.147402056554901E-010 -1.049266561862413E-010
  -55.5240031736111      -1.129351326879846E-010 -9.533923884238718E-011
  -55.3560029305556      -9.783737888727437E-011 -5.852294867531530E-011
  -55.1880026875000      -8.216172136990178E-011 -1.693037399186465E-011
  -55.0200024444444      -7.559995388647499E-011  2.624497194609931E-012
  -54.8520021944444      -7.451810105152741E-011  4.901016960784473E-012
  -54.6840019513889      -7.456778350594921E-011  6.701604779900098E-012
  -54.5160017083333      -7.379359511934297E-011  1.496191752222502E-011
  -54.3480014652778      -6.877674750521472E-011  3.318173775267453E-011
  -54.1800012222222      -6.017988066289871E-011  6.051590120874149E-011
  -54.0120009722222      -5.248193004063287E-011  8.431464529374825E-011
  -53.8440007291667      -4.593868544936694E-011  9.580013477245072E-011
  -53.6760004861111      -4.030414549129169E-011  1.034384274126787E-010
  -53.5080002430556      -3.931268595099030E-011  1.124920166882812E-010
  -53.3400000000000      -4.145425373469263E-011  1.157370376455534E-010
  -53.1719997500000      -3.901887019698715E-011  1.155977497534095E-010
  -53.0039995069444      -3.125604465995820E-011  1.226409489908915E-010
  -52.8359992638889      -2.443328093102837E-011  1.362053130027464E-010
  -52.6679990208333      -2.020067623501218E-011  1.521053953134083E-010
  -52.4999987777778      -1.648066820732134E-011  1.697733888127468E-010
  -52.3319985277778      -1.444190906220004E-011  1.822595887179053E-010
  -52.1640015208333      -1.509971940842888E-011  1.841523910998145E-010
  -51.9960012777778      -1.499473966556042E-011  1.832052627046093E-010
  -51.8280010277778      -1.113750019350823E-011  1.859148219339898E-010
  -51.6600007847222      -5.535190858243464E-012  1.880577439818672E-010
  -51.4920005416667      -1.602140916868808E-012  1.872214472575630E-010
  -51.3240002986111       1.265928851435133E-013  1.874776165465500E-010
  -51.1560000555556       5.199446887768602E-013  1.910278357257378E-010
  -50.9879998055556      -1.998905038062506E-013  1.960901131906979E-010
  -50.8199995625000      -9.748513500177902E-013  2.013006159914789E-010
  -50.6519993194444       6.762414411395373E-014  2.067846777883821E-010
  -50.4839990763889       2.764325598514103E-012  2.115021291085106E-010
  -50.3159988333333       5.077129022899769E-012  2.130387439563580E-010
  -50.1479985833333       5.854817458848003E-012  2.104984676459337E-010
  -49.9800015763889       5.148779087283111E-012  2.049735973963920E-010
  -49.8120013333333       3.322959426623324E-012  1.980267804341937E-010
  -49.6440010902778       1.372485378553591E-012  1.916742557201329E-010
  -49.4760008402778       5.693371054691188E-013  1.876687790966701E-010
  -49.3080005972222       1.965427561784768E-012  1.860792567559933E-010
  -49.1400003541667       8.668386152997583E-012  1.881964839106072E-010
  -48.9720001111111       2.691900563198071E-011  2.020409203137851E-010
  -48.8039998680556       5.585346529085188E-011  2.357491904610267E-010
  -48.6359996180556       6.772651269387032E-011  2.677031660631616E-010
  -48.4679993750000       8.101061320650438E-012  2.257488732646000E-010
  -48.2999991319444      -1.545328690755424E-010  4.229802548674358E-011
  -48.1319988888889      -3.649872505748934E-010 -2.337211050337068E-010
  -47.9639986458333      -4.948087055256961E-010 -4.235648668747726E-010
  -47.7959983958333      -4.521182608435076E-010 -3.808993793319635E-010
  -47.6280013888889      -2.711923835560624E-010 -1.477504868324244E-010
  -47.4600011458333      -7.414619404889502E-011  9.952895368938566E-011
  -47.2920008958333       4.332230717038037E-011  2.319251379952451E-010
  -47.1240006527778       7.122683342389567E-011  2.501346955422001E-010
  -46.9560004097222       5.289078797351618E-011  2.206528489114528E-010
  -46.7880001666667       2.869047917973723E-011  1.925446156157835E-010
  -46.6199999236111       1.402520327237489E-011  1.777887790811487E-010
  -46.4519996736111       7.974651144867277E-012  1.712358909926838E-010
  -46.2839994305556       6.106082598878343E-012  1.672969071140278E-010
  -46.1159991875000       5.663565303742972E-012  1.636814177124433E-010
  -45.9479989444444       5.599302988187161E-012  1.599838268429024E-010
  -45.7799987013889       5.617485986594290E-012  1.563816381104982E-010
  -45.6119984513889       5.646175390761224E-012  1.531508979605535E-010
  -45.4440014444444       5.667122331398330E-012  1.505345908015353E-010
  -45.2760012013889       5.675144746178812E-012  1.486901322953768E-010
  -45.1080009513889       5.669686684854313E-012  1.476473593787721E-010
  -44.9400007083333       5.652649181093975E-012  1.472791990913520E-010
  -44.7720004652778       5.627218409484643E-012  1.473008468364250E-010
  -44.6040002222222       5.597149669038019E-012  1.473125350069863E-010
  -44.4359999791667       5.566345809542623E-012  1.468896755387327E-010
  -44.2679997361111       5.538235410432921E-012  1.456991726559281E-010
  -44.0999994861111       5.515248119210172E-012  1.435966689815568E-010
  -43.9319992430556       5.499037953734117E-012  1.406624003966746E-010
  -43.7639990000000       5.490967453209406E-012  1.371646460374010E-010
  -43.5959987569444       5.491690715499328E-012  1.334746329953530E-010
  -43.4279985138889       5.500015477630516E-012  1.299696169888226E-010
  -43.2600015000000       5.512660381590899E-012  1.269530888458661E-010
  -43.0920012569444       5.525733775641989E-012  1.246066837168352E-010
  -42.9240010138889       5.536572829358454E-012  1.229769115909423E-010
  -42.7560007638889       5.544004382322851E-012  1.219892172302850E-010
  -42.5880005208333       5.547071330612360E-012  1.214774268215615E-010
  -42.4200002777778       5.544195407882120E-012  1.212203195929617E-010
  -42.2520000347222       5.533841822569729E-012  1.209805917791717E-010
  -42.0839997916667       5.515640709669912E-012  1.205408482657293E-010
  -41.9159995416667       5.490582108546741E-012  1.197315322549000E-010
  -41.7479992986111       5.460359559589465E-012  1.184484834581781E-010
  -41.5799990555556       5.426824363950931E-012  1.166623075088615E-010
  -41.4119988125000       5.391952648106337E-012  1.144222232332822E-010
  -41.2439985694444       5.357899707331301E-012  1.118523102748158E-010
  -41.0760015555556       5.326758918271882E-012  1.091343827673524E-010
  -40.9080013125000       5.300200437154036E-012  1.064767930911884E-010
  -40.7400010694444       5.279356913802465E-012  1.040770587927569E-010
  -40.5720008194444       5.264907806370225E-012  1.020876949461789E-010
  -40.4040005763889       5.257030966240083E-012  1.005912982037701E-010
  -40.2360003333333       5.255130261925354E-012  9.958808993286480E-011
  -40.0680000902778       5.257671560572460E-012  9.899916208589079E-011
  -39.8999998472222       5.262432378605626E-012  9.868502648205200E-011
  -39.7319995972222       5.267037741356077E-012  9.847475608574965E-011
  -39.5639993541667       5.269403494101302E-012  9.819898368388273E-011
  -39.3959991111111       5.267935232130229E-012  9.772044489664861E-011
  -39.2279988680556       5.261701541164216E-012  9.695546789425209E-011
  -39.0599986250000       5.250734697935687E-012  9.588093990143925E-011
  -38.8920016111111       5.236191065787050E-012  9.452739338966954E-011
  -38.7240013680556       5.220065873749429E-012  9.296449340428200E-011
  -38.5560011250000       5.204578311854472E-012  9.128572390173000E-011
  -38.3880008819444       5.191548063231424E-012  8.959256819843855E-011
  -38.2200006319444       5.181927620841331E-012  8.797930070145114E-011
  -38.0520003888889       5.177329503887956E-012  8.653559539537697E-011
  -37.8840001458333       5.195136379555972E-012  8.542485422619729E-011
  -37.7159999027778       5.343285263983968E-012  8.521399362678769E-011
  -37.5479996597222       6.098250550948305E-012  8.792480703777105E-011
  -37.3799994097222       9.133423385444318E-012  9.972911685747619E-011
  -37.2119991666667       1.925088398014918E-011  1.361294297460988E-010
  -37.0439989236111       4.750507922636265E-011  2.275613237709463E-010
  -36.8759986805556       1.128745420771737E-010  4.142942936631073E-010
  -36.7079984375000       2.337325507170819E-010  7.066019944330580E-010
  -36.5400014236111       3.956112457145228E-010  9.902510362444001E-010
  -36.3720011805556       4.939814937340920E-010  9.152134563347431E-010
  -36.2040009375000       2.944801540724580E-010 -8.541985330879738E-011
  -36.0360006875000      -4.976410480800690E-010 -2.463124811828101E-009
  -35.8680004444444      -1.999243044203763E-009 -5.954310251893050E-009
  -35.7000002013889      -3.859190736386179E-009 -9.212208470605198E-009
  -35.5319999583333      -5.230322602104489E-009 -1.033528471387400E-008
  -35.3639997152778      -5.237763545786574E-009 -8.296274629508864E-009
  -35.1959994652778      -3.714468887543844E-009 -4.151243469599055E-009
  -35.0279992222222      -1.540766019541466E-009 -6.475461450280088E-010
  -34.8599989791667      -1.216298256953288E-010 -2.009501828965437E-010
  -34.6919987361111      -3.395151805982343E-010 -2.961636494608908E-009
  -34.5239984930556      -1.899820295579169E-009 -6.778625684325639E-009
  -34.3560014791667      -3.641398032481833E-009 -9.028211471387374E-009
  -34.1880012361111      -4.465326292334768E-009 -8.531217285974615E-009
  -34.0200009930556      -4.037729873950616E-009 -5.984973157992209E-009
  -33.8520007500000      -2.785992892829977E-009 -2.964846861306587E-009
  -33.6840005000000      -1.403123319588280E-009 -6.965388206674620E-010
  -33.5160002569444      -3.764555293094146E-010  4.542088023656157E-010
  -33.3480000138889       1.633928505503582E-010  7.526823128191553E-010
  -33.1799997708333       3.289258829198816E-010  6.356841165062161E-010
  -33.0119995277778       2.983225870875404E-010  4.203954339902558E-010
  -32.8439992777778       2.067046420930553E-010  2.478349058987168E-010
  -32.6759990347222       1.219374479657207E-010  1.445579095957994E-010
  -32.5079987916667       6.406942980282039E-011  9.293228517757156E-011
  -32.3399985486111       3.088387944346638E-011  7.005907441881825E-011
  -32.1720015347222       1.425930443655048E-011  6.016301244730640E-011
  -32.0040012916667       7.054563364470638E-012  5.494312969461034E-011
  -31.8360010486111       4.639831665848636E-012  5.099536123389399E-011
  -31.6680008055556       4.396533279703060E-012  4.750857828764140E-011
  -31.5000005555556       4.875291746330337E-012  4.472821576407223E-011
  -31.3320003125000       5.242994210532334E-012  4.306917063857802E-011
  -31.1640000694444       5.091843919342923E-012  4.272838894534765E-011
  -30.9959998263889       4.406343430234771E-012  4.359503897231079E-011
  -30.8279995833333       3.464435590653400E-012  4.524556040560865E-011
  -30.6599993333333       2.630094078819313E-012  4.696249813232029E-011
  -30.4919990902778       2.165207526016312E-012  4.788647690574659E-011
  -30.3239988472222       2.172401779126479E-012  4.736460561716432E-011
  -30.1559986041667       2.634059011914593E-012  4.532499542024104E-011
  -29.9880015902778       3.435973441031113E-012  4.238355751026078E-011
  -29.8200013472222       4.343573419522147E-012  3.955873214099964E-011
  -29.6520011041667       5.015864820561246E-012  3.777285394865657E-011
  -29.4840008611111       5.136202359686121E-012  3.746316331196933E-011
  -29.3160006111111       4.604814375353702E-012  3.850251098385304E-011
  -29.1480003680556       3.632378345920224E-012  4.037002164346891E-011
  -28.9800001250000       2.633098449770440E-012  4.235811817543672E-011
  -28.8119998819444       1.992740429184521E-012  4.369832978575178E-011
  -28.6439996388889       1.895034313839652E-012  4.369612179377015E-011
  -28.4759993958333       2.313150563936475E-012  4.198919380636422E-011
  -28.3079991458333       3.102749114150732E-012  3.882853496456662E-011
  -28.1399989027778       4.061229738416357E-012  3.511283489259171E-011
  -27.9719986597222       4.914236588194727E-012  3.204313320019454E-011
  -27.8039984166667       5.327381068757157E-012  3.059184483812621E-011
  -27.6360014027778       5.042268175750789E-012  3.113027606657065E-011
  -27.4680011597222       4.079632086862232E-012  3.337513202887868E-011
  -27.3000009166667       2.813282155810676E-012  3.654959477281437E-011
  -27.1320006736111       1.788306851781090E-012  3.960358757715135E-011
  -26.9640004236111       1.404063714950060E-012  4.147014969605913E-011
  -26.7960001805556       1.734571526635868E-012  4.140834172958552E-011
  -26.6279999375000       2.610276659139989E-012  3.936107733611496E-011
  -26.4599996944444       3.796050033165319E-012  3.607981417811834E-011
  -26.2919994513889       5.037803117980077E-012  3.282794787756676E-011
  -26.1239992013889       5.995813424144605E-012  3.080496349138814E-011
  -25.9560005763889       6.287920487455527E-012  3.066912455748299E-011
  -25.7880003333333       5.725192125289694E-012  3.239751327840958E-011
  -25.6200000902778       4.520185770990080E-012  3.540173667875985E-011
  -25.4519998402778       3.210922277403109E-012  3.870103791922210E-011
  -25.2839995972222       2.343073894409965E-012  4.112457260258228E-011
  -25.1159993541667       2.204522726917596E-012  4.166364936567529E-011
  -24.9480007291667       2.800242355909665E-012  3.994093081031487E-011
  -24.7800004791667       3.961237738771303E-012  3.648950471895653E-011
  -24.6120002361111       5.392023788659444E-012  3.255801690556051E-011
  -24.4439999930556       6.657565483982645E-012  2.952308976945625E-011
  -24.2759997500000       7.277004065024904E-012  2.830574843369845E-011
  -24.1079995069444       6.971716896833232E-012  2.912718732174434E-011
  -23.9399992569444       5.870834622638314E-012  3.159392803435827E-011
  -23.7720006319444       4.458023419168580E-012  3.487027985935522E-011
  -23.6040003888889       3.296978962499474E-012  3.781276643378498E-011
  -23.4360001458333       2.780206080223213E-012  3.919819445268789E-011
  -23.2679999027778       3.058996027217770E-012  3.818833849232005E-011
  -23.0999996527778       4.079142995559621E-012  3.485235770964281E-011
  -22.9319994097222       5.582447288062541E-012  3.029703048154427E-011
  -22.7640007847222       7.093179510631321E-012  2.618227406400303E-011
  -22.5960005416667       8.034205009741517E-012  2.394688506492886E-011
  -22.4280002916667       8.004514368160480E-012  2.427139401534479E-011
  -22.2600000486111       7.026879808679579E-012  2.698108235165495E-011
  -22.0919998055556       5.540148959569738E-012  3.122549637948693E-011
  -21.9239995625000       4.140023170653131E-012  3.572094961022225E-011
  -21.7559993194444       3.301572139136661E-012  3.902013491793128E-011
  -21.5880006875000       3.276340956301324E-012  3.991125466032798E-011
  -21.4200004444444       4.120157829906783E-012  3.793643506343822E-011
  -21.2520002013889       5.687909205790945E-012  3.373825976029059E-011
  -21.0839999583333       7.566437429214881E-012  2.888805493956290E-011
  -20.9159997083333       9.102668929110800E-012  2.520935849454491E-011
  -20.7479994652778       9.655541689835991E-012  2.401479267512259E-011
  -20.5799992222222       8.963445549262451E-012  2.568201105971823E-011
  -20.4120005972222       7.339186178111157E-012  2.965624644102574E-011
  -20.2440003472222       5.504883665202167E-012  3.467451159654553E-011
  -20.0760001041667       4.189154944497170E-012  3.904303690636119E-011
  -19.9079998611111       3.814214587725345E-012  4.103786807735647E-011
  -19.7399996180556       4.468863460948283E-012  3.952813116382236E-011
  -19.5719993750000       6.035088279130354E-012  3.461984930340623E-011
  -19.4040007430556       8.209889899183756E-012  2.784123750960294E-011
  -19.2360005000000       1.041038445695887E-011  2.155317144749708E-011
  -19.0680002569444       1.183867861136178E-011  1.788028217948087E-011
  -18.9000000138889       1.187459141650439E-011  1.790783201738044E-011
  -18.7319997638889       1.053100458216970E-011  2.154253066513696E-011
  -18.5639995208333       8.506154732598496E-012  2.771828292031608E-011
  -18.3959992777778       6.723265102194751E-012  3.457829795072106E-011
  -18.2280006527778       5.781538078185860E-012  3.980629599614193E-011
  -18.0600004097222       5.811528432282300E-012  4.138498918431927E-011
  -17.8920001597222       6.733127290723642E-012  3.855292065281770E-011
  -17.7239999166667       8.454122005088864E-012  3.231871325908455E-011
  -17.5559996736111       1.070193227647731E-011  2.504151421624743E-011
  -17.3879994305556       1.276840923024857E-011  1.929450499596272E-011
  -17.2200007986111       1.369078338897701E-011  1.684628190583905E-011
  -17.0520005555556       1.290059891726286E-011  1.830446563188817E-011
  -16.8840003125000       1.072755736719003E-011  2.319675535944934E-011
  -16.7160000694444       8.205848720541975E-012  3.009727044325469E-011
  -16.5479998263889       6.373449876137427E-012  3.680022294141087E-011
  -16.3799995763889       5.758081456925251E-012  4.083113626486238E-011
  -16.2119993333333       6.409099197750011E-012  4.045298206773305E-011
  -16.0440007083333       8.160835194272249E-012  3.568025721384495E-011
  -15.8760004652778       1.067089721018431E-011  2.839416033219884E-011
  -15.7080002152778       1.326054376763205E-011  2.139774251313445E-011
  -15.5399999722222       1.497408123938870E-011  1.719695213595131E-011
  -15.3719997291667       1.504368568351579E-011  1.717107541846741E-011
  -15.2039994861111       1.340698527878548E-011  2.130117975163269E-011
  -15.0359992430556       1.078476622864704E-011  2.833643636044063E-011
  -14.8680006111111       8.252298890759171E-012  3.609668239371063E-011
  -14.7000003680556       6.709065316052798E-012  4.189523030988617E-011
  -14.5320001250000       6.625710325202441E-012  4.340119150443500E-011
  -14.3639998819444       8.040379087558862E-012  3.970914698378586E-011
  -14.1959996319444       1.059809934567329E-011  3.191847650730371E-011
  -14.0279993888889       1.348691564245431E-011  2.283321132405999E-011
  -13.8600007638889       1.562188184631183E-011  1.591775145443153E-011
  -13.6920005208333       1.610792332706346E-011  1.344940349228444E-011
  -13.5240002708333       1.469664230419435E-011  1.609586368589414E-011
  -13.3560000277778       1.211453796279362E-011  2.329909763218223E-011
  -13.1879997847222       9.041589494597709E-012  3.029552072091722E-011
  -13.0200003472222       1.792141689883419E-012  4.750110589472984E-011
  -12.8520001041667      -2.779333620384413E-011  6.210151347441732E-011
  -12.6839998611111      -1.335333739723678E-011  4.078485590772182E-009
  -12.5159996180556       8.380372333085669E-010  3.160670789128920E-008
  -12.3480001805556       5.757665908404493E-008 -4.557488443519721E-007
  -12.1799999375000       4.924557380099955E-007 -5.269993138335293E-006
  -12.0119996944444      -1.663031432661638E-005 -1.320446650618256E-005
  -11.8440002569444      -8.316218363810024E-005 -5.482595358732207E-005
  -11.6760000138889      -1.907133712203488E-004 -1.896084843258519E-004
  -11.5079997638889      -3.233493305817718E-004 -3.923043604711724E-004
  -11.3400003333333      -3.829480202827859E-004 -5.520756162125238E-004
  -11.1720000833333      -4.146644120654331E-004 -4.917147403966510E-004
  -11.0039998402778      -2.550440508715699E-004 -3.450039776882038E-004
  -10.8359995972222      -1.301940861214497E-004 -1.458117395099669E-004
  -10.6680001597222      -4.481054145033714E-005 -5.569856978712965E-005
  -10.4999999166667      -9.258984480405805E-006 -1.675913794978063E-005
  -10.3319996736111      -7.287958835355747E-006 -1.042969498990498E-005
  -10.1640002361111      -6.498867679286346E-006 -7.203405337178206E-006
  -9.99599999305556      -5.391686948638654E-006 -6.215048877403843E-006
  -9.82799975000000      -4.320832877537570E-006 -5.327976893532545E-006
  -9.66000031250000      -3.575319071061999E-006 -4.494993426244609E-006
  -9.49200006944444      -3.029009785934556E-006 -3.892793572157955E-006
  -9.32399981944444      -2.601667920429688E-006 -3.438014953620292E-006
  -9.15600038888889      -2.232910378630234E-006 -2.972328357779947E-006
  -8.98800013888889      -1.993365847483108E-006 -2.644564233027746E-006
  -8.81999989583333      -1.694077815366402E-006 -2.328966381023614E-006
  -8.65199965277778      -1.516770063962614E-006 -2.057813404311318E-006
  -8.48400021527778      -1.309748214768222E-006 -1.818062180627212E-006
  -8.31599997222222      -1.185050092179989E-006 -1.624725036092082E-006
  -8.14799972916667      -1.044507857872883E-006 -1.471364933237920E-006
  -7.98000029166667      -9.168333082028072E-007 -1.299922659713097E-006
  -7.81200004861111      -8.229612327904343E-007 -1.193673041503958E-006
  -7.64399980555556      -7.401787055040620E-007 -1.056275678681901E-006
  -7.47600036805556      -6.664923480785165E-007 -9.785955717084435E-007
  -7.30800012500000      -6.051995490285094E-007 -8.861373720759250E-007
  -7.13999988194444      -5.513483760417604E-007 -8.011430306499732E-007
  -6.97199963194444      -4.984341461650090E-007 -7.424235008857428E-007
  -6.80400019791667      -4.586518396032285E-007 -6.601697092926187E-007
  -6.63599995347222      -4.116615814637242E-007 -6.201940481212562E-007
  -6.46800011388889      -3.769156890911968E-007 -5.587060813656260E-007
  -6.29999986944444      -3.394542635148620E-007 -5.029659131281302E-007
  -6.13200002916667      -3.081687880327849E-007 -4.742049474519798E-007
  -5.96400018888889      -2.886185414762939E-007 -4.220652150609507E-007
  -5.79599994444444      -2.574023092600613E-007 -3.895666651118688E-007
  -5.62800010416667      -2.404605148627728E-007 -3.583193078744193E-007
  -5.45999985972222      -2.202152882973028E-007 -3.265194073541650E-007
  -5.29200001944444      -2.005516795987900E-007 -3.103660757901531E-007
  -5.12400017916667      -1.909381276117776E-007 -2.848954188468470E-007
  -4.95599993472222      -1.778421533309345E-007 -2.682246619288829E-007
  -4.78800009444444      -1.669200799681652E-007 -2.481852874291018E-007
  -4.61999985000000      -1.540145247198560E-007 -2.327041857180231E-007
  -4.45200000972222      -1.443446370722729E-007 -2.194192708971887E-007
  -4.28400016944444      -1.389430442822657E-007 -2.076303396024834E-007
  -4.11599992500000      -1.337178082235329E-007 -1.989095901324845E-007
  -3.94800008541667      -1.213220913415135E-007 -1.885307788451748E-007
  -3.77999984097222      -1.149010377519136E-007 -1.738898997629976E-007
  -3.61200000069444      -1.090166520478181E-007 -1.695707623618357E-007
  -3.44400016041667      -1.041973462288417E-007 -1.609847330499720E-007
  -3.27599991597222      -9.785955500945603E-008 -1.531259203394465E-007
  -3.10800007569444      -9.284072140880486E-008 -1.488324686713785E-007
  -2.94000003333333      -8.769047013817470E-008 -1.417211512221406E-007
  -2.77199999097222      -8.285640046216328E-008 -1.361409892625927E-007
  -2.60399994861111      -7.910555786267807E-008 -1.317322434801036E-007
  -2.43599990625000      -7.563110029514408E-008 -1.263521273767214E-007
  -2.26800006597222      -7.331847002884080E-008 -1.243969861296102E-007
  -2.10000002361111      -7.123932545594702E-008 -1.217067823385916E-007
  -1.93199998125000      -6.818684084780363E-008 -1.175811938661151E-007
  -1.76399993888889      -6.710150926862761E-008 -1.129967281385235E-007
  -1.59599999791667      -6.612344761881226E-008 -1.107377193642466E-007
  -1.42799995555556      -6.508845126421136E-008 -1.086369686787360E-007
  -1.26000001458333      -6.276694433041243E-008 -1.048300223665251E-007
  -1.09199997222222      -6.091851723738313E-008 -1.032171476658439E-007
 -0.924000030555556      -5.974411693437720E-008 -1.033311033662711E-007
 -0.755999988194444      -5.903735174967013E-008 -1.064601539004207E-007
 -0.587999996527778      -5.749068234973221E-008 -1.049439672600106E-007
 -0.420000004722222      -5.482148035744500E-008 -1.019569540789331E-007
 -0.251999987708333      -5.303639319206223E-008 -1.031919045027418E-007
 -8.400000222222222E-002 -5.169485276020050E-008 -1.024002148299008E-007
  8.400000222222222E-002 -5.108041017682661E-008 -1.016254366621726E-007
  0.251999987708333      -5.081271293790780E-008 -1.032770340757516E-007
  0.420000004722222      -5.119208874143018E-008 -1.024143311349915E-007
  0.587999996527778      -5.190366728649155E-008 -1.025685636894506E-007
  0.755999988194444      -5.208886291242753E-008 -1.061756260643589E-007
  0.924000030555556      -5.260513886064923E-008 -1.097342311215061E-007
   1.09199997222222      -5.357187940539608E-008 -1.120621054332855E-007
   1.26000001458333      -5.366376492254685E-008 -1.135717627253904E-007
   1.42799995555556      -5.291461843261967E-008 -1.130773572893325E-007
   1.59599999791667      -5.194673929937637E-008 -1.145061479866816E-007
   1.76399993888889      -5.279700950217170E-008 -1.253479376090821E-007
   1.93199998125000      -5.461386377549094E-008 -1.114560106668517E-007
   2.10000002361111      -5.594995949517420E-008 -4.343318560960799E-007
   2.26800006597222      -5.694247741588027E-008 -1.871884775428662E-006
   2.43599990625000      -5.889714916827634E-008 -4.394744664987241E-006
   2.60399994861111      -6.527555711486307E-008 -8.361774310037144E-006
   2.77199999097222      -1.883570878261767E-007 -1.478451096346824E-005
   2.94000003333333      -3.262842865910669E-007 -1.791908104529423E-005
   3.10800007569444      -1.828196050523304E-006 -1.941941385082565E-005
   3.27599991597222      -3.867296495329984E-006 -2.524045694097766E-005
   3.44400016041667      -7.696834841562446E-006 -3.732570577609610E-005
   3.61200000069444      -1.835092994376045E-005 -4.949646958034857E-005
   3.77999984097222      -3.425323986357618E-005 -6.195414722870443E-005
   3.94800008541667      -5.514999981537304E-005 -8.784701768363020E-005
   4.11599992500000      -8.849094378582894E-005 -1.355950997623071E-004
   4.28400016944444      -1.534074970570487E-004 -1.823315126198980E-004
   4.45200000972222      -2.309356615184462E-004 -2.344690495549978E-004
   4.61999985000000      -2.989355496139383E-004 -3.331839048016376E-004
   4.78800009444444      -3.929086456409559E-004 -4.713711532680337E-004
   4.95599993472222      -5.416126871907135E-004 -6.479017941705292E-004
   5.12400017916667      -7.886652555277641E-004 -8.618398928411685E-004
   5.29200001944444      -1.124319413112794E-003 -1.142049146772766E-003
   5.45999985972222      -1.502894433579638E-003 -1.470012218057857E-003
   5.62800010416667      -1.956573118507322E-003 -1.906438231987495E-003
   5.79599994444444      -2.529018093522474E-003 -2.467607167910098E-003
   5.96400018888889      -3.185940268677807E-003 -3.053973597828566E-003
   6.13200002916667      -3.928856765671491E-003 -3.718686144200728E-003
   6.29999986944444      -4.856567270742818E-003 -4.422154627097041E-003
   6.46800011388889      -5.894577532134319E-003 -5.237370322348823E-003
   6.63599995347222      -6.867892598202524E-003 -6.163907443659245E-003
   6.80400019791667      -7.878720550341865E-003 -7.394720280614288E-003
   6.97199963194444      -9.061822183875773E-003 -8.615025010488138E-003
   7.13999988194444      -1.043990058187056E-002 -9.901004524222155E-003
   7.30800012500000      -1.188317987830444E-002 -1.127803472298055E-002
   7.47600036805556      -1.323155733724664E-002 -1.262930426360385E-002
   7.64399980555556      -1.456801564526112E-002 -1.401756683008892E-002
   7.81200004861111      -1.594295724610013E-002 -1.554818852890709E-002
   7.98000029166667      -1.744490285902042E-002 -1.687885278263466E-002
   8.14799972916667      -1.900801715120728E-002 -1.849790611034100E-002
   8.31599997222222      -2.047576703792237E-002 -2.004658050672684E-002
   8.48400021527778      -2.182378660183373E-002 -2.163689267016184E-002
   8.65199965277778      -2.333547009257683E-002 -2.271915482059792E-002
   8.81999989583333      -2.494964741054422E-002 -2.383022460314272E-002
   8.98800013888889      -2.650256974809663E-002 -2.511584199375862E-002
   9.15600038888889      -2.759638890369920E-002 -2.622226492518930E-002
   9.32399981944444      -2.855943138505584E-002 -2.734048535226158E-002
   9.49200006944444      -2.946034611738896E-002 -2.809670124939193E-002
   9.66000031250000      -3.014193231164276E-002 -2.871901711175138E-002
   9.82799975000000      -3.074047498139720E-002 -2.933164886339586E-002
   9.99599999305556      -3.150361659457593E-002 -3.001867831861025E-002
   10.1640002361111      -3.197109685454693E-002 -3.085474648124437E-002
   10.3319996736111      -3.243807635171832E-002 -3.089354804364698E-002
   10.4999999166667      -3.243588376734781E-002 -3.082871846657721E-002
   10.6680001597222      -3.234023361604620E-002 -3.071257973305749E-002
   10.8359995972222      -3.213907944111302E-002 -3.065592068762291E-002
   11.0039998402778      -3.192301857225300E-002 -3.046720620826645E-002
   11.1720000833333      -3.136077085139063E-002 -2.996713151236701E-002
   11.3400003333333      -3.084135054630015E-002 -2.926333379033220E-002
   11.5079997638889      -3.003144619527441E-002 -2.850695380265814E-002
   11.6760000138889      -2.910466469813605E-002 -2.781123042018541E-002
   11.8440002569444      -2.832631932364272E-002 -2.717375323176895E-002
   12.0119996944444      -2.745782646611053E-002 -2.638767867084554E-002
   12.1799999375000      -2.660966941151834E-002 -2.527458180452254E-002
   12.3480001805556      -2.578192736960236E-002 -2.436744015357352E-002
   12.5159996180556      -2.498146383930397E-002 -2.356278950975163E-002
   12.6839998611111      -2.381012361960652E-002 -2.243549039742090E-002
   12.8520001041667      -2.241174548812607E-002 -2.142423948731575E-002
   13.0200003472222      -2.104449488918993E-002 -2.004348684985294E-002
   13.1879997847222      -1.969468448124508E-002 -1.876569484803254E-002
   13.3560000277778      -1.871997606075001E-002 -1.736621335868545E-002
   13.5240002708333      -1.726802122944326E-002 -1.603366065880269E-002
   13.6920005208333      -1.590377941686585E-002 -1.496860389024641E-002
   13.8600007638889      -1.458280352458363E-002 -1.366675860047781E-002
   14.0279993888889      -1.335884285471971E-002 -1.245986607462692E-002
   14.1959996319444      -1.241723104300125E-002 -1.146562887242580E-002
   14.3639998819444      -1.124891870192613E-002 -1.036073649211946E-002
   14.5320001250000      -1.018723921173764E-002 -9.415872600966976E-003
   14.7000003680556      -9.120666025478239E-003 -8.342240727990542E-003
   14.8680006111111      -8.122638484043624E-003 -7.338670207371552E-003
   15.0359992430556      -7.301905625847248E-003 -6.696034092746535E-003
   15.2039994861111      -6.527272074553930E-003 -5.929802358107683E-003
   15.3719997291667      -5.544161489523792E-003 -5.209881052725717E-003
   15.5399999722222      -4.752360759404062E-003 -4.454148937087307E-003
   15.7080002152778      -4.056603784839729E-003 -3.828455438187146E-003
   15.8760004652778      -3.445237721617957E-003 -3.203918346886387E-003
   16.0440007083333      -2.942168566276746E-003 -2.762013098260455E-003
   16.2119993333333      -2.510705823508427E-003 -2.412148029558956E-003
   16.3799995763889      -2.032689701142348E-003 -2.021942178104824E-003
   16.5479998263889      -1.680459476650498E-003 -1.726755760135367E-003
   16.7160000694444      -1.433316154602150E-003 -1.411001900150645E-003
   16.8840003125000      -1.237377574391885E-003 -1.135254542599092E-003
   17.0520005555556      -1.027683130751834E-003 -9.104359964348045E-004
   17.2200007986111      -8.294496811442382E-004 -7.488574995446807E-004
   17.3879994305556      -6.579207704265818E-004 -5.927332613765165E-004
   17.5559996736111      -5.209380914670263E-004 -4.603885921147842E-004
   17.7239999166667      -4.429209070288321E-004 -3.682726450311330E-004
   17.8920001597222      -3.570382689629999E-004 -2.918864777814344E-004
   18.0600004097222      -2.732211189437308E-004 -2.288705933987592E-004
   18.2280006527778      -2.231085780915613E-004 -1.860931320457004E-004
   18.3959992777778      -1.765735752349436E-004 -1.342584007785557E-004
   18.5639995208333      -1.338643113445462E-004 -9.662363984481900E-005
   18.7319997638889      -1.151308213267567E-004 -6.531963837259115E-005
   18.9000000138889      -8.959233294675707E-005 -4.604459594780522E-005
   19.0680002569444      -6.804280032002524E-005 -3.534259138832668E-005
   19.2360005000000      -4.989491315173805E-005 -2.256667634598602E-005
   19.4040007430556      -3.677340047243905E-005 -1.347035250167895E-005
   19.5719993750000      -2.725401765344302E-005 -6.963154904835628E-006
   19.7399996180556      -1.604961408222186E-005 -5.220093409836782E-006
   19.9079998611111      -1.318852639074013E-005 -3.551420288414867E-006
   20.0760001041667      -9.932518405960092E-006 -1.407327915655700E-006
   20.2440003472222      -3.192868795560244E-006 -9.273700322713663E-007
   20.4120005972222      -1.380310421526967E-006 -7.046186863848939E-007
   20.5799992222222      -1.186400853876693E-006 -5.030522082040672E-007
   20.7479994652778      -1.045921387315988E-006 -2.582303581264895E-007
   20.9159997083333      -5.676437773076232E-007 -1.120925612475055E-007
   21.0839999583333      -1.377092810061446E-007 -4.792131397762392E-008
   21.2520002013889      -4.712855586877628E-008 -4.620787139081506E-008
   21.4200004444444      -3.145932035075507E-008 -4.266167211603243E-008
   21.5880006875000      -2.748189372074430E-008 -4.188837788548691E-008
   21.7559993194444      -2.643574892512566E-008 -4.179729639450341E-008
   21.9239995625000      -2.582635713576052E-008 -4.248054519041633E-008
   22.0919998055556      -2.517863924825655E-008 -4.094851552206923E-008
   22.2600000486111      -2.576117442900656E-008 -4.119593945304782E-008
   22.4280002916667      -2.653804899932445E-008 -4.127106994960096E-008
   22.5960005416667      -2.660395209680955E-008 -3.991001166648276E-008
   22.7640007847222      -2.656736085245409E-008 -4.025390784825362E-008
   22.9319994097222      -2.567903434424543E-008 -4.011256937495264E-008
   23.0999996527778      -2.572774802324741E-008 -3.898491316010012E-008
   23.2679999027778      -2.777360919195104E-008 -3.922865421916079E-008
   23.4360001458333      -2.857442914547774E-008 -3.991660305692543E-008
   23.6040003888889      -2.792725896406949E-008 -3.900971382525665E-008
   23.7720006319444      -2.762155128233929E-008 -3.825801496214023E-008
   23.9399992569444      -2.673646247209839E-008 -3.770915440716085E-008
   24.1079995069444      -2.559401542402598E-008 -3.566251618847480E-008
   24.2759997500000      -2.666594297849002E-008 -3.516228027359043E-008
   24.4439999930556      -2.759745480779374E-008 -3.607559361453730E-008
   24.6120002361111      -2.600998517878540E-008 -3.540689821818982E-008
   24.7800004791667      -2.369770026116831E-008 -3.351876090481069E-008
   24.9480007291667      -2.272674802482492E-008 -3.211792766261596E-008
   25.1159993541667      -2.313474227722299E-008 -3.114226458777151E-008
   25.2839995972222      -2.432546321323339E-008 -3.154797357340892E-008
   25.4519998402778      -2.420175394947952E-008 -3.235435155761664E-008
   25.6200000902778      -2.300229395436393E-008 -3.080778198294270E-008
   25.7880003333333      -2.199316804922077E-008 -2.860851927242441E-008
   25.9560005763889      -2.075407743459996E-008 -2.786954451271228E-008
   26.1239992013889      -2.122908234161852E-008 -2.877087301711078E-008
   26.2919994513889      -2.286423094157257E-008 -3.001065568769094E-008
   26.4599996944444      -2.309667788204191E-008 -3.052121713100868E-008
   26.6279999375000      -2.184789444939884E-008 -2.940671670027201E-008
   26.7960001805556      -1.974001001935906E-008 -2.685373953680643E-008
   26.9640004236111      -1.886832117865392E-008 -2.556414238185436E-008
   27.1320006736111      -2.042958849246459E-008 -2.772966570729066E-008
   27.3000009166667      -2.208008776638588E-008 -2.946394280137405E-008
   27.4680011597222      -2.169731508379123E-008 -2.954607208948584E-008
   27.6360014027778      -2.062383074306543E-008 -2.849207051347925E-008
   27.8039984166667      -1.924616448580246E-008 -2.539688084472823E-008
   27.9719986597222      -1.841286919913676E-008 -2.596280939962809E-008
   28.1399989027778      -2.023836133741794E-008 -2.984261171769621E-008
   28.3079991458333      -2.298774865485858E-008 -3.108373532389001E-008
   28.4759993958333      -2.344407616132751E-008 -3.072776798383773E-008
   28.6439996388889      -2.210565065028394E-008 -3.060271507758862E-008
   28.8119998819444      -2.009545394320355E-008 -2.850426579720490E-008
   28.9800001250000      -1.954226297465422E-008 -2.694165349260437E-008
   29.1480003680556      -2.163965999856687E-008 -2.864434426344678E-008
   29.3160006111111      -2.309659694319503E-008 -2.991504143602030E-008
   29.4840008611111      -2.235373560586081E-008 -2.933643733690736E-008
   29.6520011041667      -2.054856130011951E-008 -2.927228259673654E-008
   29.8200013472222      -1.751742113251218E-008 -2.585788140657170E-008
   29.9880015902778      -1.603077438199311E-008 -2.263330301453081E-008
   30.1559986041667      -1.811628505661907E-008 -2.489827994807093E-008
   30.3239988472222      -1.977433083848706E-008 -2.549588926858955E-008
   30.4919990902778      -1.881949283285475E-008 -2.473667087371130E-008
   30.6599993333333      -1.657217477134351E-008 -2.426195062153609E-008
   30.8279995833333      -1.419506194401337E-008 -2.112945471087698E-008
   30.9959998263889      -1.366330445490706E-008 -1.986167685347757E-008
   31.1640000694444      -1.615395752265762E-008 -2.317350816642580E-008
   31.3320003125000      -1.781988841968537E-008 -2.448837546066482E-008
   31.5000005555556      -1.673929330690065E-008 -2.317049711575549E-008
   31.6680008055556      -1.506653089947884E-008 -2.180622138996591E-008
   31.8360010486111      -1.295872875658056E-008 -1.869543955841698E-008
   32.0040012916667      -1.232341929656878E-008 -1.807717920161625E-008
   32.1720015347222      -1.526530860735607E-008 -2.279057359584507E-008
   32.3399985486111      -1.741921403822887E-008 -2.420296538705509E-008
   32.5079987916667      -1.639231863914352E-008 -2.226408139280867E-008
   32.6759990347222      -1.494352987121981E-008 -2.179679567837223E-008
   32.8439992777778      -1.351208835458910E-008 -1.949754919177688E-008
   33.0119995277778      -1.296277316701251E-008 -1.995517446784676E-008
   33.1799997708333      -1.584134008827573E-008 -2.546119206941430E-008
   33.3480000138889      -1.838212602319187E-008 -2.635352520492840E-008
   33.5160002569444      -1.752892301198386E-008 -2.485025968361523E-008
   33.6840005000000      -1.632787655783241E-008 -2.494123594586393E-008
   33.8520007500000      -1.521860229203685E-008 -2.205695585769905E-008
   34.0200009930556      -1.489752100503843E-008 -2.095646381702136E-008
   34.1880012361111      -1.770910292015603E-008 -2.479522711377765E-008
   34.3560014791667      -1.951590146805972E-008 -2.525458995051248E-008
   34.5239984930556      -1.771085396376724E-008 -2.367394374213044E-008
   34.6919987361111      -1.569954565466757E-008 -2.408075354343011E-008
   34.8599989791667      -1.364939185552051E-008 -2.056932430660954E-008
   35.0279992222222      -1.216169960029584E-008 -1.754114527189436E-008
   35.1959994652778      -1.422246895531348E-008 -2.079721690338539E-008
   35.3639997152778      -1.563008920388728E-008 -2.101494991489017E-008
   35.5319999583333      -1.360471989036124E-008 -1.937842394449059E-008
   35.7000002013889      -1.205377269122078E-008 -1.971894483019553E-008
   35.8680004444444      -1.062457057874879E-008 -1.607791912978936E-008
   36.0360006875000      -9.951734987472328E-009 -1.503995758712010E-008
   36.2040009375000      -1.295379668454520E-008 -1.993933408503738E-008
   36.3720011805556      -1.451710374169431E-008 -1.967862080643633E-008
   36.5400014236111      -1.234297356207249E-008 -1.727044103748145E-008
   36.7079984375000      -1.118881283905648E-008 -1.795702464974452E-008
   36.8759986805556      -9.883797551148848E-009 -1.465359512669070E-008
   37.0439989236111      -8.926550840838987E-009 -1.394611359613637E-008
   37.2119991666667      -1.227041433541800E-008 -2.026203826590355E-008
   37.3799994097222      -1.409410281572056E-008 -1.998771050512092E-008
   37.5479996597222      -1.162855125779773E-008 -1.642477104098155E-008
   37.7159999027778      -1.079227594153046E-008 -1.703967633642807E-008
   37.8840001458333      -1.026357739945990E-008 -1.469807957597367E-008
   38.0520003888889      -9.516589365581460E-009 -1.536431837951202E-008
   38.2200006319444      -1.245108529043460E-008 -2.204730620568950E-008
   38.3880008819444      -1.442958909724459E-008 -2.196291997529653E-008
   38.5560011250000      -1.290746540097860E-008 -1.933523861310320E-008
   38.7240013680556      -1.298143572602894E-008 -2.125943025109907E-008
   38.8920016111111      -1.273403877123520E-008 -1.921156711189118E-008
   39.0599986250000      -1.192785100978536E-008 -1.797219320101396E-008
   39.2279988680556      -1.550888778872298E-008 -2.377906869941785E-008
   39.3959991111111      -1.738973355564001E-008 -2.332591951449150E-008
   39.5639993541667      -1.486681965710393E-008 -2.063172934117145E-008
   39.7319995972222      -1.473681038893154E-008 -2.326860708136408E-008
   39.8999998472222      -1.315654325718601E-008 -1.869694238201672E-008
   40.0680000902778      -1.066663418046871E-008 -1.494807612514553E-008
   40.2360003333333      -1.294693549108471E-008 -1.910202811589003E-008
   40.4040005763889      -1.388301111243662E-008 -1.808434258804257E-008
   40.5720008194444      -1.085237278832306E-008 -1.612484263375899E-008
   40.7400010694444      -9.894589161362188E-009 -1.752366177079783E-008
   40.9080013125000      -8.570682649844899E-009 -1.312452793953039E-008
   41.0760015555556      -7.120797791465513E-009 -1.139802264210419E-008
   41.2439985694444      -9.683617520112400E-009 -1.635960047917155E-008
   41.4119988125000      -1.112906135124240E-008 -1.545735732669246E-008
   41.5799990555556      -8.945564824101285E-009 -1.324737787645267E-008
   41.7479992986111      -8.275023944852498E-009 -1.446591053858223E-008
   41.9159995416667      -7.702284779154514E-009 -1.115986591061592E-008
   42.0839997916667      -6.409145049030398E-009 -1.062276354488745E-008
   42.2520000347222      -9.044550316661639E-009 -1.693497632867144E-008
   42.4200002777778      -1.085920767459985E-008 -1.586561059575134E-008
   42.5880005208333      -8.699089261948953E-009 -1.263694597556042E-008
   42.7560007638889      -8.621566252604576E-009 -1.469085819229377E-008
   42.9240010138889      -8.395661459976308E-009 -1.202859294942775E-008
   43.0920012569444      -6.928637102950417E-009 -1.181416237461745E-008
   43.2600015000000      -9.589660558231743E-009 -1.915551738241211E-008
   43.4279985138889      -1.168724509596224E-008 -1.877235482653163E-008
   43.5959987569444      -9.826267924224852E-009 -1.546865954534387E-008
   43.7639990000000      -1.010699415404455E-008 -1.798009180941231E-008
   43.9319992430556      -1.048715712490522E-008 -1.611018671234034E-008
   44.0999994861111      -9.515230212551864E-009 -1.502884828781583E-008
   44.2679997361111      -1.214082056842167E-008 -2.130754360963793E-008
   44.4359999791667      -1.434307948807704E-008 -2.070117365730010E-008
   44.6040002222222      -1.278437264751568E-008 -1.750014268541442E-008
   44.7720004652778      -1.307663582481814E-008 -2.056237002935820E-008
   44.9400007083333      -1.261540052590946E-008 -1.755823215823193E-008
   45.1080009513889      -9.839074995093340E-009 -1.328875279809598E-008
   45.2760012013889      -1.127924679868030E-008 -1.739208223341741E-008
   45.4440014444444      -1.282821090344126E-008 -1.677022805389805E-008
   45.6119984513889      -9.693503253364859E-009 -1.378616518847868E-008
   45.7799987013889      -8.775912121449310E-009 -1.726857127189685E-008
   45.9479989444444      -8.600459239547583E-009 -1.417121099289003E-008
   46.1159991875000      -6.118746233841707E-009 -8.721324742029609E-009
   46.2839994305556      -7.469554540370304E-009 -1.406321259332280E-008
   46.4519996736111      -9.779782178584940E-009 -1.509954719724043E-008
   46.6199999236111      -7.667057409947545E-009 -1.070584052973665E-008
   46.7880001666667      -7.114310952522630E-009 -1.260710531304447E-008
   46.9560004097222      -7.206409618586102E-009 -1.046776204050601E-008
   47.1240006527778      -5.020956650071334E-009 -7.502103398794207E-009
   47.2920008958333      -6.641362653846896E-009 -1.378181589878397E-008
   47.4600011458333      -9.370631125420638E-009 -1.454731673937363E-008
   47.6280013888889      -7.212252291759697E-009 -9.753951518227934E-009
   47.7959983958333      -6.319034862291060E-009 -1.217499029621292E-008
   47.9639986458333      -7.118434280388758E-009 -1.131717223717627E-008
   48.1319988888889      -5.512406636659158E-009 -7.744997271850309E-009
   48.2999991319444      -6.339876789302963E-009 -1.447181391794945E-008
   48.4679993750000      -9.163263432479204E-009 -1.748469892765633E-008
   48.6359996180556      -8.311572693225642E-009 -1.263533657493125E-008
   48.8039998680556      -8.350551056164600E-009 -1.538009535130466E-008
   48.9720001111111      -9.868481949309605E-009 -1.664996556640993E-008
   49.1400003541667      -8.462498083725221E-009 -1.282844698880109E-008
   49.3080005972222      -9.603931331571155E-009 -1.863998474593020E-008
   49.4760008402778      -1.341693952187267E-008 -2.262005683292104E-008
   49.6440010902778      -1.239485207967078E-008 -1.656846761982999E-008
   49.8120013333333      -1.177627605725029E-008 -1.877127829046496E-008
   49.9800015763889      -1.328603314374216E-008 -1.987554224196754E-008
   50.1479985833333      -1.092867289444138E-008 -1.286374720502872E-008
   50.3159988333333      -9.801379565368288E-009 -1.443564897141939E-008
   50.4839990763889      -1.201182443559153E-008 -1.708138582040057E-008
   50.6519993194444      -1.059423278662410E-008 -1.250996394788617E-008
   50.8199995625000      -8.364359110226752E-009 -1.418415499182630E-008
   50.9879998055556      -8.664492567331151E-009 -1.486753734095349E-008
   51.1560000555556      -6.751538396909193E-009 -8.171047020299323E-009
   51.3240002986111      -5.598899383910020E-009 -9.724946577095305E-009
   51.4920005416667      -8.024506670915930E-009 -1.429716641256809E-008
   51.6600007847222      -7.522583784204378E-009 -1.030913703033951E-008
   51.8280010277778      -5.557379438255775E-009 -1.008126804415811E-008
   51.9960012777778      -6.443351197244285E-009 -1.189733447084560E-008
   52.1640015208333      -5.468699229124750E-009 -6.737414667964187E-009
   52.3319985277778      -4.210704914537439E-009 -8.261494465957095E-009
   52.4999987777778      -6.963684374989216E-009 -1.425040478629221E-008
   52.6679990208333      -7.444307337530494E-009 -9.931388831482217E-009
   52.8359992638889      -5.229532067117341E-009 -8.392636247066263E-009
   53.0039995069444      -6.122049347771188E-009 -1.181798149633891E-008
   53.1719997500000      -5.939405431169444E-009 -7.636787747870789E-009
   53.3400000000000      -4.488354330873743E-009 -7.997306064996921E-009
   53.5080002430556      -6.873373181193444E-009 -1.536755337059820E-008
   53.6760004861111      -8.032892951305215E-009 -1.324105359243855E-008
   53.8440007291667      -6.386015832815894E-009 -1.084874522736179E-008
   54.0120009722222      -7.639613977195572E-009 -1.469978610527756E-008
   54.1800012222222      -8.153850188254224E-009 -1.233775684548610E-008
   54.3480014652778      -6.608911600303492E-009 -1.207884047309820E-008
   54.5160017083333      -8.008462589607021E-009 -1.869046026519272E-008
   54.6840019513889      -9.628842624816389E-009 -1.745816205012948E-008
   54.8520021944444      -8.378287903558073E-009 -1.425792565605636E-008
   55.0200024444444      -8.425023221621011E-009 -1.786692390415526E-008
   55.1880026875000      -9.108778580058892E-009 -1.590114688704647E-008
   55.3560029305556      -6.947323944650141E-009 -1.111679457702458E-008
   55.5240031736111      -5.872540477794890E-009 -1.403282691100807E-008
   55.6919969513889      -7.343449383825520E-009 -1.383660697979090E-008
   55.8599971944444      -6.764821677205832E-009 -1.042247221676115E-008
   56.0279974375000      -5.361129822942940E-009 -1.383941567305168E-008
   56.1959976875000      -5.719237412949584E-009 -1.273733446645654E-008
   56.3639979305556      -4.727983538011098E-009 -6.367001174377050E-009
   56.5319981736111      -2.967419135736191E-009 -8.571065101334896E-009
   56.6999984166667      -4.576762371810575E-009 -1.140683319170154E-008
   56.8679986597222      -5.719364896779583E-009 -7.654047310609917E-009
   57.0359989097222      -3.302591095818156E-009 -9.185034170840658E-009
   57.2039991527778      -3.435843443815254E-009 -1.235891511844047E-008
   57.3719993958333      -5.653830430249943E-009 -7.692911004693222E-009
   57.5399996388889      -4.252637328219453E-009 -6.001660054717313E-009
   57.7079998819444      -1.941074987423420E-009 -1.008155606253340E-008
   57.8760001319444      -2.976622257267093E-009 -9.877322854062230E-009
   58.0440003750000      -2.443784530973911E-009 -7.006438687461543E-009
   58.2120006180556      -1.741557332367575E-009 -9.162323154449933E-009
   58.3800008611111      -3.457794277286412E-009 -1.107817167909844E-008
   58.5480011041667      -5.649527343833153E-009 -7.830994249108613E-009
   58.7160013541667      -6.037069543534389E-009 -4.295532278113630E-009
   58.8840015972222      -3.455362640278657E-009 -6.423488671448932E-009
   59.0520018402778      -8.520707623723055E-009 -1.719498137177764E-008
   59.2200020833333      -2.039115312070708E-009 -2.322349803202239E-008
   59.3880023263889      -6.268054129827431E-009 -3.885389211517242E-008
   59.5560025763889       2.032525784538929E-007  1.238784600114575E-007
   59.7240028194444       7.613538602393123E-007  5.578922566987355E-007
   59.8920030625000       1.868297419378073E-006  1.294151808444550E-006
   60.0599968402778       1.547612688472366E-006  1.012286582861082E-006
