  -60.0599968402778       1.923952452587626E-008  1.328362187833406E-007
  -59.8920030625000       7.000293155408672E-009  5.270621940750468E-008
  -59.7240028194444       3.137736575428215E-009  3.774186311877811E-008
  -59.5560025763889       1.471988808716931E-009  8.616179553118179E-009
  -59.3880023263889       1.645022869614480E-009  2.187429304953406E-009
  -59.2200020833333       8.685305827129140E-010  1.122117080880904E-008
  -59.0520018402778       1.034294099976333E-009  1.304648622786324E-008
  -58.8840015972222       1.900699192238269E-009  9.194328351661997E-009
  -58.7160013541667       1.196446164488185E-009  6.741247278807302E-009
  -58.5480011041667       5.366662471720320E-010  4.429141108005295E-009
  -58.3800008611111       7.192666991807233E-010  3.904319352467667E-009
  -58.2120006180556       6.227785668157626E-010  5.358026029157762E-009
  -58.0440003750000       4.805141127605539E-010  4.571547000431115E-009
  -57.8760001319444       6.094809113311724E-010  3.186619558036726E-009
  -57.7079998819444       5.609796641755807E-010  3.528784581998264E-009
  -57.5399996388889       4.569825461829106E-010  3.464677394429221E-009
  -57.3719993958333       2.914214053698194E-010  2.910496574865376E-009
  -57.2039991527778      -2.235920412418791E-012  2.380795357542862E-009
  -57.0359989097222      -2.723442176577543E-011  2.017428383085686E-009
  -56.8679986597222       1.504942251247353E-010  2.219149855555974E-009
  -56.6999984166667       1.878686892999872E-010  2.227053687309455E-009
  -56.5319981736111       1.498294772777455E-010  1.964549219882006E-009
  -56.3639979305556       1.310226341656594E-010  1.930106146454534E-009
  -56.1959976875000       1.014838539314054E-010  1.957641313673491E-009
  -56.0279974375000       6.975779154157416E-011  1.964433876879040E-009
  -55.8599971944444       5.431017374976890E-011  1.942347128104922E-009
  -55.6919969513889       7.337264856210203E-011  1.929857249208052E-009
  -55.5240031736111       1.032829089350851E-010  1.994807752867317E-009
  -55.3560029305556       4.271366548568977E-011  1.961383201785208E-009
  -55.1880026875000      -4.059004093038224E-011  1.575234049799548E-009
  -55.0200024444444       5.903512903966320E-010  1.863463278818816E-009
  -54.8520021944444       2.589600110241712E-009  4.896891909983075E-009
  -54.6840019513889       4.556164620955497E-009  8.870734489838176E-009
  -54.5160017083333       4.084196396614394E-009  8.535247530049901E-009
  -54.3480014652778       1.483580397125965E-009  4.017728396616313E-009
  -54.1800012222222      -5.789553115427501E-010  7.462111573217046E-010
  -54.0120009722222      -9.070977420362790E-010  6.789534240057010E-010
  -53.8440007291667      -4.329906633801392E-010  1.567441851694962E-009
  -53.6760004861111      -8.067113707416531E-011  1.920563742534026E-009
  -53.5080002430556       3.744680888926059E-011  1.918930735427339E-009
  -53.3400000000000       6.611759267512834E-011  1.894669846129813E-009
  -53.1719997500000       7.426539926754960E-011  1.891532495246928E-009
  -53.0039995069444       7.711866768387710E-011  1.881698700156095E-009
  -52.8359992638889       7.882431777616240E-011  1.860008398376041E-009
  -52.6679990208333       8.051651966907516E-011  1.835877353967958E-009
  -52.4999987777778       8.219630094838246E-011  1.825667177800644E-009
  -52.3319985277778       8.378105952742100E-011  1.846353459121811E-009
  -52.1640015208333       8.521826732964471E-011  1.898815433208065E-009
  -51.9960012777778       8.639696090121824E-011  1.959169940132986E-009
  -51.8280010277778       8.717850047831222E-011  1.995498458473561E-009
  -51.6600007847222       8.754632875589981E-011  1.993614699443357E-009
  -51.4920005416667       8.766973390202301E-011  1.964295263957595E-009
  -51.3240002986111       8.765809319966643E-011  1.928473813495160E-009
  -51.1560000555556       8.729841710249787E-011  1.900249964141131E-009
  -50.9879998055556       8.640517631768446E-011  1.883509779930545E-009
  -50.8199995625000       8.531111365595546E-011  1.877853104515266E-009
  -50.6519993194444       8.456293636343343E-011  1.882065636994795E-009
  -50.4839990763889       8.436274684698990E-011  1.893021999548377E-009
  -50.3159988333333       8.465150371721652E-011  1.905764821604839E-009
  -50.1479985833333       8.547353544320498E-011  1.917525040502323E-009
  -49.9800015763889       8.695181505808923E-011  1.931049966072972E-009
  -49.8120013333333       8.898288838863964E-011  1.950464949654087E-009
  -49.6440010902778       9.113578069446252E-011  1.972008207039735E-009
  -49.4760008402778       9.292518166160205E-011  1.981713844153257E-009
  -49.3080005972222       9.414980041245918E-011  1.966057104218139E-009
  -49.1400003541667       9.488499323662151E-011  1.926327160685175E-009
  -48.9720001111111       9.526992159530781E-011  1.882143207163574E-009
  -48.8039998680556       9.551991476859695E-011  1.859117866243085E-009
  -48.6359996180556       9.599519689939994E-011  1.870704733562462E-009
  -48.4679993750000       9.693174383720851E-011  1.909875838820565E-009
  -48.2999991319444       9.813534714171073E-011  1.956253493429982E-009
  -48.1319988888889       9.916981509861834E-011  1.991007350827283E-009
  -47.9639986458333       9.985823432653037E-011  2.008780051858068E-009
  -47.7959983958333       1.004628657918940E-010  2.020515482719078E-009
  -47.6280013888889       1.013445870767746E-010  2.045604004661394E-009
  -47.4600011458333       1.025350794408227E-010  2.096605310454249E-009
  -47.2920008958333       1.037116704344113E-010  2.166477263439835E-009
  -47.1240006527778       1.045349404712369E-010  2.229938431591788E-009
  -46.9560004097222       1.049108893729739E-010  2.260373856715140E-009
  -46.7880001666667       1.050019597791229E-010  2.249187820920444E-009
  -46.6199999236111       1.051763437803896E-010  2.211482780221942E-009
  -46.4519996736111       1.058978353786519E-010  2.173749915250976E-009
  -46.2839994305556       1.073748608531026E-010  2.154508282218735E-009
  -46.1159991875000       1.092093280843871E-010  2.154225659080410E-009
  -45.9479989444444       1.106017647446041E-010  2.161265601414445E-009
  -45.7799987013889       1.110921707888613E-010  2.164975618311355E-009
  -45.6119984513889       1.110276806218060E-010  2.162078226819581E-009
  -45.4440014444444       1.111607292033742E-010  2.152901411443148E-009
  -45.2760012013889       1.118719134494498E-010  2.135920088340960E-009
  -45.1080009513889       1.130172657533798E-010  2.108864672139322E-009
  -44.9400007083333       1.144917617859422E-010  2.074856831304919E-009
  -44.7720004652778       1.165243580307115E-010  2.045426437346807E-009
  -44.6040002222222       1.191845720440039E-010  2.035407487439107E-009
  -44.4359999791667       1.219518552657272E-010  2.052787788418173E-009
  -44.2679997361111       1.242500429087633E-010  2.091807633545390E-009
  -44.0999994861111       1.265661369336692E-010  2.135831051492462E-009
  -43.9319992430556       1.311716709484143E-010  2.167028850771457E-009
  -43.7639990000000       1.397490399889237E-010  2.164297222326279E-009
  -43.5959987569444       1.365683090129780E-010  2.058787793165402E-009
  -43.4279985138889       3.939085097500796E-011  1.649451416390097E-009
  -43.2600015000000      -3.524628455578812E-010  6.420763956358719E-010
  -43.0920012569444      -1.230857282303782E-009 -7.756749395833872E-010
  -42.9240010138889      -2.198203379102743E-009 -6.238248282131356E-010
  -42.7560007638889      -1.447730449272986E-009  5.637162083382893E-009
  -42.5880005208333       3.926510651712345E-009  2.236898510626946E-008
  -42.4200002777778       1.506970787272678E-008  4.689466546054773E-008
  -42.2520000347222       2.778041642274951E-008  6.558277030648992E-008
  -42.0839997916667       3.370447994695447E-008  6.269245057886197E-008
  -41.9159995416667       2.819384999414754E-008  3.790905450341436E-008
  -41.7479992986111       1.636453120291228E-008  1.107586955350879E-008
  -41.5799990555556       7.223047949944613E-009  2.187768587343011E-009
  -41.4119988125000       9.633736926076026E-010  7.842715344818817E-009
  -41.2439985694444      -1.305247460125355E-008  4.830074847827801E-009
  -41.0760015555556      -4.244543788324352E-008 -2.243701832400227E-008
  -40.9080013125000      -7.922706280881049E-008 -6.455983972728428E-008
  -40.7400010694444      -1.049720919654526E-007 -9.815498302535479E-008
  -40.5720008194444      -1.073714112773243E-007 -1.079068489211746E-007
  -40.4040005763889      -8.922999504839572E-008 -9.538124696847324E-008
  -40.2360003333333      -6.291552172551578E-008 -7.177852421397289E-008
  -40.0680000902778      -3.957572602588496E-008 -4.754410741547806E-008
  -39.8999998472222      -2.369786484574365E-008 -2.797116467589569E-008
  -39.7319995972222      -1.442188340819339E-008 -1.417344904875412E-008
  -39.5639993541667      -9.106589769884103E-009 -5.374368584815330E-009
  -39.3959991111111      -5.635105478127759E-009 -3.440702416667982E-010
  -39.2279988680556      -2.972193372903203E-009  2.094316839692692E-009
  -39.0599986250000      -8.516314657516317E-010  2.982830856573035E-009
  -38.8920016111111       6.836714654877673E-010  3.222963927587637E-009
  -38.7240013680556       1.611907584384205E-009  3.516961295847711E-009
  -38.5560011250000       2.090620988123219E-009  4.277112881459975E-009
  -38.3880008819444       2.467892809787460E-009  5.596967227278127E-009
  -38.2200006319444       3.177255564372255E-009  7.347991586691971E-009
  -38.0520003888889       4.553082411205899E-009  9.367571512471436E-009
  -37.8840001458333       6.636941189220381E-009  1.162505725005075E-008
  -37.7159999027778       9.081621817387588E-009  1.424537153040593E-008
  -37.5479996597222       1.123871906921694E-008  1.734241478520603E-008
  -37.3799994097222       1.241739851972002E-008  2.074937334786435E-008
  -37.2119991666667       1.218778185551781E-008  2.385883447851135E-008
  -37.0439989236111       1.056603659068994E-008  2.577151344038619E-008
  -36.8759986805556       7.992677522900456E-009  2.573268819534285E-008
  -36.7079984375000       5.141180348872749E-009  2.356586440371634E-008
  -36.5400014236111       2.678907958755143E-009  1.978258018875010E-008
  -36.3720011805556       1.103521382868686E-009  1.533462879804050E-008
  -36.2040009375000       7.169249418599929E-010  1.130097031585285E-008
  -36.0360006875000       1.717184473891346E-009  8.838425085452207E-009
  -35.8680004444444       4.313905805989943E-009  9.445787251922464E-009
  -35.7000002013889       8.732202016296416E-009  1.521225777331102E-008
  -35.5319999583333       1.501287839667604E-008  2.844915499540201E-008
  -35.3639997152778       2.266731490951218E-008  5.015076270963667E-008
  -35.1959994652778       3.042981186405301E-008  7.752452582589409E-008
  -35.0279992222222       3.640275634842454E-008  1.025650238191016E-007
  -34.8599989791667       3.869938165763542E-008  1.147893591255561E-007
  -34.6919987361111       3.633885253514677E-008  1.085892559283784E-007
  -34.5239984930556       2.988725130319980E-008  8.940849405515423E-008
  -34.3560014791667       2.138786789147648E-008  7.120940923747037E-008
  -34.1880012361111       1.350762574639183E-008  6.647209779480456E-008
  -34.0200009930556       8.327440725337957E-009  7.904313527970137E-008
  -33.8520007500000       6.477499337912264E-009  1.061555524275313E-007
  -33.6840005000000       7.119104077135969E-009  1.445860496368063E-007
  -33.5160002569444       8.702455779690544E-009  1.917745728543371E-007
  -33.3480000138889       9.925078042765160E-009  2.425159919761203E-007
  -33.1799997708333       1.028446451904337E-008  2.923529312172703E-007
  -33.0119995277778       1.002884856502493E-008  3.460086990544495E-007
  -32.8439992777778       9.746865033998478E-009  4.130436847321711E-007
  -32.6759990347222       9.958479491693693E-009  4.902056329205685E-007
  -32.5079987916667       1.090565160766786E-008  5.592431054685122E-007
  -32.3399985486111       1.253920159334974E-008  6.128669929307140E-007
  -32.1720015347222       1.461291225071440E-008  6.698154223263219E-007
  -32.0040012916667       1.680404837782691E-008  7.477298517901197E-007
  -31.8360010486111       1.880980945289489E-008  8.281767557758484E-007
  -31.6680008055556       2.040074881005461E-008  8.686043115800107E-007
  -31.5000005555556       2.144692057156577E-008  8.551143865027811E-007
  -31.3320003125000       2.194718616951658E-008  8.234853061632034E-007
  -31.1640000694444       2.206253141621023E-008  8.166213263643803E-007
  -30.9959998263889       2.210723171614130E-008  8.391173703511178E-007
  -30.8279995833333       2.245180915722216E-008  8.631992760071599E-007
  -30.6599993333333       2.335980190114247E-008  8.638835932699564E-007
  -30.4919990902778       2.485178678681057E-008  8.380347746778774E-007
  -30.3239988472222       2.668510468441097E-008  7.977070260231962E-007
  -30.1559986041667       2.845880599570619E-008  7.565762449252604E-007
  -29.9880015902778       2.977956857954467E-008  7.239113210800711E-007
  -29.8200013472222       3.041232836295647E-008  7.047526834042470E-007
  -29.6520011041667       3.037036526579400E-008  6.995681126319065E-007
  -29.4840008611111       2.992437677070472E-008  7.021604196319601E-007
  -29.3160006111111       2.951781518941651E-008  7.011721916142312E-007
  -29.1480003680556       2.959520396625313E-008  6.871888001727125E-007
  -28.9800001250000       3.039978773054463E-008  6.586412626400486E-007
  -28.8119998819444       3.184223603491871E-008  6.211941476158615E-007
  -28.6439996388889       3.352378471234227E-008  5.835854073686563E-007
  -28.4759993958333       3.490709669089860E-008  5.536863304511820E-007
  -28.3079991458333       3.553787878340175E-008  5.351152247154083E-007
  -28.1399989027778       3.520800178833919E-008  5.258531127215242E-007
  -27.9719986597222       3.401211134663898E-008  5.208825745609404E-007
  -27.8039984166667       3.231275269555746E-008  5.162718081338127E-007
  -27.6360014027778       3.064246575706955E-008  5.101174425897500E-007
  -27.4680011597222       2.955404218837635E-008  5.005319505694529E-007
  -27.3000009166667       2.943542417776234E-008  4.847974460435294E-007
  -27.1320006736111       3.034915572676685E-008  4.613837987408216E-007
  -26.9640004236111       3.198620782025580E-008  4.322711771385562E-007
  -26.7960001805556       3.377874975808905E-008  4.027047616606865E-007
  -26.6279999375000       3.511614325766560E-008  3.784974064527594E-007
  -26.4599996944444       3.554901912435940E-008  3.632104795466732E-007
  -26.2919994513889       3.490411801988398E-008  3.570424294296930E-007
  -26.1239992013889       3.331105798053893E-008  3.573815662858179E-007
  -25.9560005763889       3.116947733142985E-008  3.600547289707623E-007
  -25.7880003333333       2.905319380808490E-008  3.607254911380947E-007
  -25.6200000902778       2.753483527087834E-008  3.562798897734572E-007
  -25.4519998402778       2.697104089140239E-008  3.457628724203254E-007
  -25.2839995972222       2.735850821237794E-008  3.303245081495100E-007
  -25.1159993541667       2.835400751098020E-008  3.122427030622465E-007
  -24.9480007291667       2.943994884868172E-008  2.937856502893749E-007
  -24.7800004791667       3.012420133158218E-008  2.766542354410796E-007
  -24.6120002361111       3.008052224646878E-008  2.620702964877435E-007
  -24.4439999930556       2.921999128484377E-008  2.509960302006379E-007
  -24.2759997500000       2.772340618258791E-008  2.439971468344413E-007
  -24.1079995069444       2.602402593820773E-008  2.407737501557402E-007
  -23.9399992569444       2.468752550370541E-008  2.398675435316761E-007
  -23.7720006319444       2.418096530480693E-008  2.390234141419025E-007
  -23.6040003888889       2.463598154843631E-008  2.361127347434319E-007
  -23.4360001458333       2.576454432160164E-008  2.300017758466295E-007
  -23.2679999027778       2.699188618503393E-008  2.208464859424436E-007
  -23.0999996527778       2.771305907114819E-008  2.098227923341523E-007
  -22.9319994097222       2.751797232495664E-008  1.986131693085862E-007
  -22.7640007847222       2.630396163715721E-008  1.888610875621183E-007
  -22.5960005416667       2.429389848329110E-008  1.816460130776838E-007
  -22.4280002916667       2.199453327472235E-008  1.770932874406745E-007
  -22.2600000486111       2.008140643201576E-008  1.743413085980388E-007
  -22.0919998055556       1.918261276268402E-008  1.719667360504156E-007
  -21.9239995625000       1.961024627460888E-008  1.686606704878594E-007
  -21.7559993194444       2.118577155707694E-008  1.637589655468765E-007
  -21.5880006875000       2.329138150671308E-008  1.573661661401720E-007
  -21.4200004444444       2.512932390049683E-008  1.501505089042739E-007
  -21.2520002013889       2.602858028190121E-008  1.430739533723533E-007
  -21.0839999583333       2.564477154295566E-008  1.371733252466340E-007
  -20.9159997083333       2.402060274426781E-008  1.332847245650818E-007
  -20.7479994652778       2.156017212255128E-008  1.316579817793214E-007
  -20.5799992222222       1.894584620529408E-008  1.316775590172954E-007
  -20.4120005972222       1.696377959683418E-008  1.319959853474974E-007
  -20.2440003472222       1.622382677802472E-008  1.311210440290453E-007
  -20.0760001041667       1.687802814093963E-008  1.281234112575056E-007
  -19.9079998611111       1.852322571454377E-008  1.230136957443526E-007
  -19.7399996180556       2.038095710060412E-008  1.166043841541758E-007
  -19.5719993750000       2.164411586529101E-008  1.100856818186528E-007
  -19.4040007430556       2.177832468011599E-008  1.046687100301988E-007
  -19.2360005000000       2.065819337991150E-008  1.013563202350902E-007
  -19.0680002569444       1.856579048046399E-008  1.006411694400242E-007
  -18.9000000138889       1.611484628476863E-008  1.021320804965072E-007
  -18.7319997638889       1.409816611256961E-008  1.044771470056977E-007
  -18.5639995208333       1.322580814720611E-008  1.058769603813693E-007
  -18.3959992777778       1.381021174524609E-008  1.049439349421089E-007
  -18.2280006527778       1.557837256398275E-008  1.012874330734120E-007
  -18.0600004097222       1.777705653704426E-008  9.546374319856989E-008
  -17.8920001597222       1.953375460773037E-008  8.854893169397949E-008
  -17.7239999166667       2.022848370010863E-008  8.183465703064529E-008
  -17.5559996736111       1.965107214186185E-008  7.673938167060143E-008
  -17.3879994305556       1.794574130721787E-008  7.456920955909385E-008
  -17.2200007986111       1.551567478480973E-008  7.591907624547394E-008
  -17.0520005555556       1.299105030179356E-008  8.006452256588385E-008
  -16.8840003125000       1.116699286221035E-008  8.495172806996338E-008
  -16.7160000694444       1.076190173515854E-008  8.803608228731183E-008
  -16.5479998263889       1.204141283321212E-008  8.751285610672268E-008
  -16.3799995763889       1.458639021472076E-008  8.309305369075834E-008
  -16.2119993333333       1.743812077237289E-008  7.589568936501019E-008
  -16.0440007083333       1.953548541662986E-008  6.780605664247465E-008
  -15.8760004652778       2.013299220500294E-008  6.087217516745952E-008
  -15.7080002152778       1.899597098269190E-008  5.686097946930033E-008
  -15.5399999722222       1.641695877490091E-008  5.675027221202862E-008
  -15.3719997291667       1.316364592918484E-008  6.021167650700768E-008
  -15.2039994861111       1.033057995813724E-008  6.556034932988721E-008
  -15.0359992430556       8.988420315278376E-009  7.044395560777730E-008
  -14.8680006111111       9.691808189711455E-009  7.286774102247634E-008
  -14.7000003680556       1.215094508774014E-008  7.187579508746159E-008
  -14.5320001250000       1.534537656912307E-008  6.761863241932160E-008
  -14.3639998819444       1.801723075986348E-008  6.108715749324941E-008
  -14.1959996319444       1.919656853837558E-008  5.390085524561664E-008
  -14.0279993888889       1.848221502800375E-008  4.810858171626171E-008
  -13.8600007638889       1.607827662341952E-008  4.562139701807558E-008
  -13.6920005208333       1.272729359286652E-008  4.730716819403734E-008
  -13.5240002708333       9.579549535239556E-009  5.239604912786954E-008
  -13.3560000277778       7.893444482417481E-009  5.871983730920549E-008
  -13.1879997847222       8.527507437871843E-009  6.364614325452469E-008
  -13.0200003472222       1.145745036423843E-008  6.515423023625225E-008
  -12.8520001041667       1.569670862663499E-008  6.253552535652624E-008
  -12.6839998611111       1.974139817616160E-008  5.651636561397224E-008
  -12.5159996180556       2.223073728448336E-008  4.897631924061805E-008
  -12.3480001805556       2.240456727045887E-008  4.246580023009070E-008
  -12.1799999375000       2.023047217737430E-008  3.942891317792373E-008
  -12.0119996944444       1.635250185205659E-008  4.118149128221719E-008
  -11.8440002569444       1.197159483362547E-008  4.723376985467833E-008
  -11.6760000138889       8.564458874505167E-009  5.546322202679494E-008
  -11.5079997638889       7.352829902847640E-009  6.299147243806403E-008
  -11.3400003333333       8.727676676375885E-009  6.726928074930759E-008
  -11.1720000833333       1.204238548883861E-008  6.693145522806855E-008
  -11.0039998402778       1.596143259801001E-008  6.211258648298226E-008
  -10.8359995972222       1.908994480237232E-008  5.418023513841032E-008
  -10.6680001597222       2.044627741574856E-008  4.529268019451583E-008
  -10.4999999166667       1.962103181852563E-008  3.808792584533624E-008
  -10.3319996736111       1.680036820249824E-008  3.511523940623436E-008
  -10.1640002361111       1.282202962099614E-008  3.774685995012483E-008
  -9.99599999305556       9.128395582432027E-009  4.527234213755657E-008
  -9.82799975000000       7.320256087593126E-009  5.508723499199242E-008
  -9.66000031250000       8.345436187284124E-009  6.392675347131105E-008
  -9.49200006944444       1.189555778905184E-008  6.912575888007430E-008
  -9.32399981944444       1.658124838248555E-008  6.918314146569159E-008
  -9.15600038888889       2.074148553611534E-008  6.390225497853569E-008
  -8.98800013888889       2.316684662349326E-008  5.461454368650632E-008
  -8.81999989583333       2.328770943144449E-008  4.436276022771881E-008
  -8.65199965277778       2.105437952528050E-008  3.717696522705064E-008
  -8.48400021527778       1.695354445560240E-008  3.615350851446329E-008
  -8.31599997222222       1.220116698352037E-008  4.171726349868902E-008
  -8.14799972916667       8.670030359183528E-009  5.148959428379391E-008
  -7.98000029166667       8.168338830566758E-009  6.162897877695438E-008
  -7.81200004861111       1.136434262315507E-008  6.860119446046074E-008
  -7.64399980555556       1.723091563641869E-008  7.038497576647480E-008
  -7.47600036805556       2.356029557638597E-008  6.679876948184736E-008
  -7.30800012500000       2.813195353426021E-008  5.932618567853697E-008
  -7.13999988194444       2.962359847471294E-008  5.076072649498545E-008
  -6.97199963194444       2.782513156421380E-008  4.461131735401536E-008
  -6.80400019791667       2.344157504391873E-008  4.396709885714455E-008
  -6.63599995347222       1.791191424181588E-008  4.997933265721901E-008
  -6.46800011388889       1.323452830960187E-008  6.108455655057667E-008
  -6.29999986944444       1.144202549289743E-008  7.380103088186844E-008
  -6.13200002916667       1.364624185845742E-008  8.438626087884154E-008
  -5.96400018888889       1.925515176491911E-008  9.000774109048917E-008
  -5.79599994444444       2.614598956182123E-008  8.925154184634131E-008
  -5.62800010416667       3.179893198155794E-008  8.258606990091604E-008
  -5.45999985972222       3.449127262400510E-008  7.243316266107020E-008
  -5.29200001944444       3.374664000834796E-008  6.241769518225165E-008
  -5.12400017916667       3.012854252121680E-008  5.640856147175445E-008
  -4.95599993472222       2.497839378273219E-008  5.751695076224354E-008
  -4.78800009444444       2.030264018244833E-008  6.670547556288999E-008
  -4.61999985000000       1.839155443137481E-008  8.168034893051780E-008
  -4.45200000972222       2.084874601712129E-008  9.749543408922846E-008
  -4.28400016944444       2.754754319474709E-008  1.090258902332432E-007
  -4.11599992500000       3.650375325984386E-008  1.134300600478631E-007
  -3.94800008541667       4.493194806359278E-008  1.108494627293309E-007
  -3.77999984097222       5.062196468476161E-008  1.034105993320545E-007
  -3.61200000069444       5.263444531030804E-008  9.431396549319891E-008
  -3.44400016041667       5.119824035110120E-008  8.772916048170913E-008
  -3.27599991597222       4.740825952724981E-008  8.742681461309859E-008
  -3.10800007569444       4.313940341887795E-008  9.456475662018332E-008
  -2.94000003333333       4.088536716547521E-008  1.078284969473586E-007
  -2.77199999097222       4.295380039182598E-008  1.245865957736753E-007
  -2.60399994861111       5.016785769603432E-008  1.411713814122591E-007
  -2.43599990625000       6.115303360425734E-008  1.542722121268382E-007
  -2.26800006597222       7.304016935841070E-008  1.620476329176499E-007
  -2.10000002361111       8.307849489801439E-008  1.642369558560905E-007
  -1.93199998125000       8.984383865960111E-008  1.629478713309892E-007
  -1.76399993888889       9.335323624285101E-008  1.618299200791029E-007
  -1.59599999791667       9.459298924065706E-008  1.645425718434938E-007
  -1.42799995555556       9.535144947196999E-008  1.744160343797729E-007
  -1.26000001458333       9.833513865393136E-008  1.933910414291985E-007
  -1.09199997222222       1.065538524518585E-007  2.209531137130384E-007
 -0.924000030555556       1.216299089602413E-007  2.534945521937204E-007
 -0.755999988194444       1.425048221545613E-007  2.842903817197704E-007
 -0.587999996527778       1.662001265579327E-007  3.078803534358510E-007
 -0.420000004722222       1.899928960921421E-007  3.245331087679353E-007
 -0.251999987708333       2.128441789693099E-007  3.378400397990917E-007
 -8.400000222222222E-002  2.350895613991472E-007  3.521557473726982E-007
  8.400000222222222E-002  2.576502727867832E-007  3.726494123527837E-007
  0.251999987708333       2.821709927651313E-007  4.032922504758936E-007
  0.420000004722222       3.115361537590645E-007  4.463127606673766E-007
  0.587999996527778       3.499918510065982E-007  5.046233922969007E-007
  0.755999988194444       4.018529049988553E-007  5.794784247444834E-007
  0.924000030555556       4.697289981366924E-007  6.646578322674562E-007
   1.09199997222222       5.542356576910716E-007  7.564323190025252E-007
   1.26000001458333       6.553750853962408E-007  8.594215444605732E-007
   1.42799995555556       7.736359989434000E-007  9.763533664933710E-007
   1.59599999791667       9.145524233996801E-007  1.115689109922332E-006
   1.76399993888889       1.087598863185748E-006  1.291996200282242E-006
   1.93199998125000       1.300703071168990E-006  1.527205771739305E-006
   2.10000002361111       1.593296864723078E-006  1.844507942255833E-006
   2.26800006597222       1.968541346330204E-006  2.292777171365680E-006
   2.43599990625000       2.527902908744730E-006  2.923521326357432E-006
   2.60399994861111       3.923193626675866E-006  3.900852732598549E-006
   2.77199999097222       6.889263149338867E-006  5.447439031272022E-006
   2.94000003333333       1.385473329836209E-005  7.957341617005304E-006
   3.10800007569444       4.812087003231657E-005  1.381509918975855E-005
   3.27599991597222       1.237491446621553E-004  2.398584149595165E-005
   3.44400016041667       1.018164358525042E-004  7.876102541964382E-005
   3.61200000069444       1.363936556615558E-004  1.420089317417959E-004
   3.77999984097222       5.855452304916648E-004  5.564058250681095E-004
   3.94800008541667       1.459010958322452E-003  9.997158262537455E-004
   4.11599992500000       3.030271122762095E-003  3.664377755757721E-003
   4.28400016944444       7.457444985539771E-003  1.349438801478121E-002
   4.45200000972222       1.976004734486270E-002  2.870986486724336E-002
   4.61999985000000       3.344530422855135E-002  4.223462787061322E-002
   4.78800009444444       3.896353636049303E-002  5.009121753148506E-002
   4.95599993472222       5.003147191029645E-002  6.125162045447062E-002
   5.12400017916667       8.576381602015958E-002  9.029883112795883E-002
   5.29200001944444       0.115072500791234       0.124454573028179     
   5.45999985972222       0.143109015105109       0.157450308267484     
   5.62800010416667       0.182236997578287       0.204025881206484     
   5.79599994444444       0.227407238396740       0.258652068559536     
   5.96400018888889       0.276899092846922       0.311979072866583     
   6.13200002916667       0.333101718319074       0.386775732699477     
   6.29999986944444       0.386070124320682       0.459729382259318     
   6.46800011388889       0.457998450881157       0.498988874199725     
   6.63599995347222       0.516600746839323       0.528737545763937     
   6.80400019791667       0.555276848986033       0.599420510626807     
   6.97199963194444       0.579580096142863       0.709358169250909     
   7.13999988194444       0.649722402373981       0.785738555095589     
   7.30800012500000       0.741815339420370       0.800966170315217     
   7.47600036805556       0.774041969220302       0.823864040065268     
   7.64399980555556       0.824299952775200       0.901762787421636     
   7.81200004861111       0.917820311845507       0.943532105004410     
   7.98000029166667       0.948296093176720       0.949243965809974     
   8.14799972916667       0.961568936026179       0.993367484031954     
   8.31599997222222       0.941850468409943        1.02011342719725     
   8.48400021527778       0.917395625077804       0.976739787527424     
   8.65199965277778       0.942147957474294       0.979590829281492     
   8.81999989583333       0.979460372204534        1.02638812700748     
   8.98800013888889       0.936056675959792        1.03344249033031     
   9.15600038888889       0.908511242557949       0.980553549211663     
   9.32399981944444       0.881741489538787       0.904192582617762     
   9.49200006944444       0.857021929861886       0.868008290118284     
   9.66000031250000       0.809108278870455       0.810716493823739     
   9.82799975000000       0.734488066341299       0.752107407915588     
   9.99599999305556       0.673772294986971       0.715757486684361     
   10.1640002361111       0.641805538066395       0.700073498435308     
   10.3319996736111       0.637455734990499       0.683104540532846     
   10.4999999166667       0.592744617104968       0.628315915686456     
   10.6680001597222       0.559607911898780       0.568005095051276     
   10.8359995972222       0.494297357172348       0.496149103777040     
   11.0039998402778       0.404243613854228       0.440910216763580     
   11.1720000833333       0.357399012909513       0.406273935392162     
   11.3400003333333       0.324089526937585       0.334373356940943     
   11.5079997638889       0.294689449847300       0.266597382707123     
   11.6760000138889       0.255431066904954       0.222065880823548     
   11.8440002569444       0.202368778839746       0.192346632341626     
   12.0119996944444       0.155918174389342       0.161755863710212     
   12.1799999375000       0.123312836829852       0.139075509083138     
   12.3480001805556       9.130197373382812E-002  0.100706865764692     
   12.5159996180556       6.400071148674022E-002  7.275306967608004E-002
   12.6839998611111       4.486255281097926E-002  5.172580562169060E-002
   12.8520001041667       3.500849633071817E-002  3.806413805821383E-002
   13.0200003472222       2.937769583176584E-002  3.286916830111362E-002
   13.1879997847222       2.454404028805121E-002  2.711858231249345E-002
   13.3560000277778       1.835503631399127E-002  2.050097603050417E-002
   13.5240002708333       1.113575976128450E-002  1.202192055838425E-002
   13.6920005208333       9.297139553032057E-003  6.954466892576696E-003
   13.8600007638889       5.812556019078636E-003  6.040328091694923E-003
   14.0279993888889       3.214222756497289E-003  5.167208534392510E-003
   14.1959996319444       6.744997099214199E-004  2.531511620341274E-003
   14.3639998819444      -3.388631900885675E-004  6.402109291555868E-004
   14.5320001250000      -1.846561646104438E-004  3.206335178384066E-004
   14.7000003680556      -1.506586519187251E-004  1.242305946336264E-004
   14.8680006111111      -2.848701951362399E-005  2.471469132465230E-005
   15.0359992430556       2.895864584132484E-006  4.062080842709202E-006
   15.2039994861111       2.867739715042514E-006  2.184202117508339E-006
   15.3719997291667       1.462892039842766E-006  1.670043654675696E-006
   15.5399999722222       1.027041450064512E-006  1.414920849194541E-006
   15.7080002152778       8.799461401427722E-007  1.235042720236718E-006
   15.8760004652778       8.085039736306372E-007  1.122271454440221E-006
   16.0440007083333       7.889532738001360E-007  1.060398245945182E-006
   16.2119993333333       7.923509442492988E-007  9.908859989250925E-007
   16.3799995763889       7.885073365711195E-007  9.212007301959255E-007
   16.5479998263889       7.526803163138759E-007  8.948839581645079E-007
   16.7160000694444       6.944950477807034E-007  8.912354749641851E-007
   16.8840003125000       6.423831596292494E-007  8.589464248867574E-007
   17.0520005555556       5.956145317931827E-007  8.118659000687939E-007
   17.2200007986111       5.501753841096841E-007  7.875120288744467E-007
   17.3879994305556       5.210243420801176E-007  7.658241111057234E-007
   17.5559996736111       4.982525335548499E-007  7.438036183529286E-007
   17.7239999166667       4.599539935289586E-007  7.517413010500072E-007
   17.8920001597222       4.209595670489911E-007  7.610360489784757E-007
   18.0600004097222       3.975703102931500E-007  7.440801598591028E-007
   18.2280006527778       3.818673623456470E-007  7.262136609559399E-007
   18.3959992777778       3.788635239194356E-007  7.071082939891082E-007
   18.5639995208333       3.870102748280415E-007  6.743948480050925E-007
   18.7319997638889       3.866650944213699E-007  6.398327267492053E-007
   18.9000000138889       3.859796547804895E-007  5.991975706249631E-007
   19.0680002569444       3.928159200230374E-007  5.381400000987011E-007
   19.2360005000000       3.836782646804078E-007  4.676505766511189E-007
   19.4040007430556       3.545227977743090E-007  4.122010662557650E-007
   19.5719993750000       3.261748959486439E-007  3.729926501859609E-007
   19.7399996180556       3.026949840819833E-007  3.371557010253352E-007
   19.9079998611111       2.788276722782014E-007  3.103957976586494E-007
   20.0760001041667       2.601928056895497E-007  3.019582594304483E-007
   20.2440003472222       2.549825493899618E-007  3.105715393205585E-007
   20.4120005972222       2.598309187803024E-007  3.343271509870227E-007
   20.5799992222222       2.629324057465903E-007  3.696969020620703E-007
   20.7479994652778       2.705116335103234E-007  4.165619697075198E-007
   20.9159997083333       3.012659343268041E-007  4.729232555954376E-007
   21.0839999583333       3.410187995888784E-007  5.231395004773278E-007
   21.2520002013889       3.640975623096969E-007  5.674453718422783E-007
   21.4200004444444       3.899679222242044E-007  6.257968846911815E-007
   21.5880006875000       4.458140707421046E-007  6.863699246500593E-007
   21.7559993194444       5.075433530056397E-007  7.208218351710363E-007
   21.9239995625000       5.409242370446560E-007  7.378012945389422E-007
   22.0919998055556       5.642698066873700E-007  7.545404745273403E-007
   22.2600000486111       6.001229443378344E-007  7.664696624278555E-007
   22.4280002916667       6.179189048918488E-007  7.729909656340049E-007
   22.5960005416667       6.089660565884101E-007  7.855976500732795E-007
   22.7640007847222       6.067575233333957E-007  8.087560814651014E-007
   22.9319994097222       5.938376899537637E-007  8.199972395581279E-007
   23.0999996527778       5.432850710875768E-007  8.028787754399497E-007
   23.2679999027778       4.899669507041150E-007  7.979186410706416E-007
   23.4360001458333       4.577238757237491E-007  8.230422181586251E-007
   23.6040003888889       4.353882482293359E-007  8.308015260052663E-007
   23.7720006319444       4.166997224993315E-007  8.359472012565657E-007
   23.9399992569444       4.048437925920263E-007  8.835161417889022E-007
   24.1079995069444       4.243915569484026E-007  9.132095177320244E-007
   24.2759997500000       4.743273750742066E-007  8.722066901028950E-007
   24.4439999930556       5.083074036781663E-007  8.043773490297637E-007
   24.6120002361111       5.297202476263163E-007  7.237705033366810E-007
   24.7800004791667       5.524203953214283E-007  6.149388526471571E-007
   24.9480007291667       5.343575199819484E-007  5.115456504327122E-007
   25.1159993541667       4.808930562143635E-007  4.347021609953418E-007
   25.2839995972222       4.325578202533325E-007  3.725934219997298E-007
   25.4519998402778       3.866137662858719E-007  3.271847732552946E-007
   25.6200000902778       3.466631216406064E-007  3.089254998656142E-007
   25.7880003333333       3.213154752768373E-007  3.238062051562122E-007
   25.9560005763889       3.021219136824942E-007  3.631696847828275E-007
   26.1239992013889       2.907229076498681E-007  4.163340366927821E-007
   26.2919994513889       2.954180265794385E-007  4.904477686238839E-007
   26.4599996944444       3.212985097164314E-007  5.613046046214464E-007
   26.6279999375000       3.528025506532909E-007  5.818038168561481E-007
   26.7960001805556       3.795414953460887E-007  5.881349168598272E-007
   26.9640004236111       4.286180317206774E-007  6.525998708056474E-007
   27.1320006736111       5.007707191385164E-007  7.397071258726414E-007
   27.3000009166667       5.658014046441285E-007  7.825013002124410E-007
   27.4680011597222       6.159299298893242E-007  8.172452931363173E-007
   27.6360014027778       6.575285348462218E-007  8.749255689299944E-007
   27.8039984166667       7.157825285295785E-007  9.068159088339279E-007
   27.9719986597222       7.843154402040003E-007  9.218438640566696E-007
   28.1399989027778       7.967920128738339E-007  9.577748356682131E-007
   28.3079991458333       7.678829338423627E-007  9.772686385976401E-007
   28.4759993958333       7.704088465951635E-007  9.856021823466978E-007
   28.6439996388889       7.597269878731752E-007  1.014396690505453E-006
   28.8119998819444       6.937309539833334E-007  1.038891897867620E-006
   28.9800001250000       6.489013546560539E-007  1.068765029582478E-006
   29.1480003680556       6.348003703092379E-007  1.103614182591348E-006
   29.3160006111111       5.975798933194077E-007  1.127451923515047E-006
   29.4840008611111       5.598305942837192E-007  1.183341888314758E-006
   29.6520011041667       5.548271181088008E-007  1.237810294628326E-006
   29.8200013472222       5.908482700461936E-007  1.219807898742543E-006
   29.9880015902778       6.551963651353633E-007  1.172478373857767E-006
   30.1559986041667       7.174998834042382E-007  1.108087196329587E-006
   30.3239988472222       7.766675951536530E-007  9.779812747820586E-007
   30.4919990902778       8.154504065861751E-007  8.177417382024981E-007
   30.6599993333333       7.968845675362276E-007  6.855690075884426E-007
   30.8279995833333       7.291252469024309E-007  5.793405857029849E-007
   30.9959998263889       6.454644866060998E-007  4.904962475349437E-007
   31.1640000694444       5.705037760607861E-007  4.397441440530946E-007
   31.3320003125000       5.108696216824769E-007  4.302056200304898E-007
   31.5000005555556       4.682369862130855E-007  4.269654307024495E-007
   31.6680008055556       4.400143397231253E-007  4.410898989451884E-007
   31.8360010486111       4.166927721949177E-007  5.222813843319631E-007
   32.0040012916667       4.133734537195710E-007  6.453926530707240E-007
   32.1720015347222       4.302025982037548E-007  7.419866292398545E-007
   32.3399985486111       4.490122134507619E-007  8.031387400239249E-007
   32.5079987916667       4.855050313721852E-007  8.535877529462520E-007
   32.6759990347222       5.450342847233306E-007  8.992809942654757E-007
   32.8439992777778       6.200570725029347E-007  9.555084557363372E-007
   33.0119995277778       6.928972283848354E-007  1.034914897020819E-006
   33.1799997708333       7.465698105881605E-007  1.107662239594188E-006
   33.3480000138889       8.229053719148338E-007  1.151751142461564E-006
   33.5160002569444       9.281838569382568E-007  1.195520076487932E-006
   33.6840005000000       9.856495821074402E-007  1.251432921126989E-006
   33.8520007500000       9.792428497740066E-007  1.287131296991622E-006
   34.0200009930556       9.980660632413210E-007  1.313387891854940E-006
   34.1880012361111       1.037569972178966E-006  1.343649287135942E-006
   34.3560014791667       9.797450795387505E-007  1.368586632315207E-006
   34.5239984930556       8.884398414292472E-007  1.419025370923712E-006
   34.6919987361111       8.668914463206099E-007  1.441489470311362E-006
   34.8599989791667       8.463535546007770E-007  1.463892355064512E-006
   35.0279992222222       7.993503888559989E-007  1.656856173285337E-006
   35.1959994652778       7.995481035004635E-007  1.875668636672559E-006
   35.3639997152778       8.725829523030169E-007  1.909199662890077E-006
   35.5319999583333       1.007407261154745E-006  1.852617523769289E-006
   35.7000002013889       1.141674601847136E-006  1.744332394425906E-006
   35.8680004444444       1.248737180991218E-006  1.530108465837120E-006
   36.0360006875000       1.273209595072497E-006  1.289090313505090E-006
   36.2040009375000       1.259106322124206E-006  1.110337258191248E-006
   36.3720011805556       1.220361585708545E-006  9.693643688027898E-007
   36.5400014236111       1.074416906715659E-006  7.937507468180288E-007
   36.7079984375000       9.034330885635333E-007  6.302509903984437E-007
   36.8759986805556       8.561330918456900E-007  5.659517196307737E-007
   37.0439989236111       9.752518626862302E-007  7.389220517875001E-007
   37.2119991666667       6.986632443189130E-007  5.902796461371201E-007
   37.3799994097222       9.138960797509888E-007  5.206975516916861E-007
   37.5479996597222      -7.213138769745681E-006 -2.703556590827150E-006
   37.7159999027778      -6.210030067825479E-005 -7.644635268253588E-005
   37.8840001458333      -1.566409881397242E-003 -2.334482497238717E-003
   38.0520003888889       3.734407564196304E-002  2.794208347377807E-002
   38.2200006319444       0.354360524237714       0.493195443833580     
   38.3880008819444       4.305459261977024E-002  9.289254051910098E-002
   38.5560011250000       0.201419819851547       0.339241660918795     
   38.7240013680556       0.112197524646161       0.148466725021960     
   38.8920016111111       1.666991707450446E-002  2.077180749864357E-002
   39.0599986250000       5.115958085366597E-003  7.750304088482410E-003
   39.2279988680556       1.500345385840746E-003  2.169245754877636E-003
   39.3959991111111       3.686038304483533E-004  6.079028507298983E-004
   39.5639993541667       6.800195692494213E-004  1.905699121574934E-003
   39.7319995972222       3.337851618663675E-004  1.025988745362674E-003
   39.8999998472222       1.909559473322677E-004  4.072823203116310E-004
   40.0680000902778       2.445182620899696E-004  6.949134949290616E-004
   40.2360003333333       2.632960126063339E-004  6.220079788698403E-004
   40.4040005763889       2.437232315180141E-004  3.679977550314912E-004
   40.5720008194444       1.957032543211225E-004  3.742348215714642E-004
   40.7400010694444       1.253027143663902E-004  3.884805221886822E-004
   40.9080013125000       9.034736330180254E-005  1.437794605775894E-004
   41.0760015555556       1.242400102587412E-004  1.779529543307059E-004
   41.2439985694444       1.564494558892759E-004  2.335826910629119E-004
   41.4119988125000       1.743452130945994E-004  2.398025838287364E-004
   41.5799990555556       1.434249128168091E-004  2.027555752349061E-004
   41.7479992986111       7.740447278722768E-005  1.581837695314068E-004
   41.9159995416667       6.962354514946918E-005  1.092142757081261E-004
   42.0839997916667       8.539360139488365E-005  1.050649544712988E-004
   42.2520000347222       1.145292327462258E-004  1.535750679505991E-004
   42.4200002777778       1.346094673661188E-004  1.911604847592343E-004
   42.5880005208333       1.050637941145342E-004  1.777404487912676E-004
   42.7560007638889       5.936470049675417E-005  1.113651681327868E-004
   42.9240010138889       5.067706340337449E-005  8.102092238043271E-005
   43.0920012569444       6.367497281957881E-005  8.009944286150428E-005
   43.2600015000000       8.840189794183838E-005  1.142590616748529E-004
   43.4279985138889       1.044748372020333E-004  1.539092149844509E-004
   43.5959987569444       8.569678829057125E-005  1.435880078868164E-004
   43.7639990000000       4.465137233638882E-005  9.079181897116357E-005
   43.9319992430556       4.010923821237800E-005  6.303216841617055E-005
   44.0999994861111       4.822289010380308E-005  6.534293451591424E-005
   44.2679997361111       6.652304208831936E-005  9.305025716979772E-005
   44.4359999791667       8.363332266536309E-005  1.250763063655058E-004
   44.6040002222222       6.656362797971351E-005  1.253766586518573E-004
   44.7720004652778       3.816279480360884E-005  7.468478094876100E-005
   44.9400007083333       3.208619591910953E-005  5.163405627200476E-005
   45.1080009513889       3.932390242427887E-005  5.604549220075077E-005
   45.2760012013889       5.250101420417431E-005  8.065728487014415E-005
   45.4440014444444       6.491438167290075E-005  1.063113643393217E-004
   45.6119984513889       5.601738873866838E-005  1.084612953578675E-004
   45.7799987013889       3.086458795132225E-005  6.867061915941720E-005
   45.9479989444444       2.592598014524796E-005  4.486846131592452E-005
   46.1159991875000       3.022830381838820E-005  4.705646957447354E-005
   46.2839994305556       4.115713078894069E-005  6.804423145757862E-005
   46.4519996736111       5.347638537837834E-005  8.757275203703130E-005
   46.6199999236111       4.405822695177743E-005  8.982558169025140E-005
   46.7880001666667       2.619091019985429E-005  5.669205957095315E-005
   46.9560004097222       2.075955116084370E-005  3.645727250083560E-005
   47.1240006527778       2.451467661306322E-005  3.703710383624359E-005
   47.2920008958333       3.208700543108624E-005  5.571887654512739E-005
   47.4600011458333       4.160643521396303E-005  8.033845486464794E-005
   47.6280013888889       3.749091995356300E-005  8.046594818417067E-005
   47.7959983958333       2.189171127670296E-005  5.011779024688892E-005
   47.9639986458333       1.656410184183001E-005  3.061962207466299E-005
   48.1319988888889       1.837300214433263E-005  3.088141632532295E-005
   48.2999991319444       2.497853007370503E-005  4.326402526195501E-005
   48.4679993750000       3.492812618627768E-005  6.653216493794608E-005
   48.6359996180556       3.089658423846822E-005  7.031163778131188E-005
   48.8039998680556       1.877128410562881E-005  4.662025817096681E-005
   48.9720001111111       1.412160562798542E-005  2.831685711546320E-005
   49.1400003541667       1.691336161167060E-005  3.026440842101449E-005
   49.3080005972222       2.162349898923689E-005  3.720177649330232E-005
   49.4760008402778       2.973110858577894E-005  5.733685321325916E-005
   49.6440010902778       2.944300947748344E-005  6.215110350375710E-005
   49.8120013333333       1.865312359917078E-005  4.289442004526553E-005
   49.9800015763889       1.406722355369723E-005  2.448734398439872E-005
   50.1479985833333       1.497954569224726E-005  2.473920311511206E-005
   50.3159988333333       1.837519997778909E-005  3.324719303108184E-005
   50.4839990763889       2.514305907048595E-005  5.018342944915098E-005
   50.6519993194444       2.342597433849074E-005  5.638354042732664E-005
   50.8199995625000       1.603906285338497E-005  3.890093600847216E-005
   50.9879998055556       1.215204980419373E-005  2.455698927876529E-005
   51.1560000555556       1.279310672513537E-005  2.404631144983202E-005
   51.3240002986111       1.533070627961816E-005  2.860718306098812E-005
   51.4920005416667       2.071420352510711E-005  4.234449077638677E-005
   51.6600007847222       2.217036428430818E-005  4.980859144955517E-005
   51.8280010277778       1.591435859965850E-005  3.430787195903278E-005
   51.9960012777778       1.148893034717346E-005  2.157927030423991E-005
   52.1640015208333       1.151382132748530E-005  1.893826372567013E-005
   52.3319985277778       1.331871484829759E-005  2.303756811042367E-005
   52.4999987777778       1.690024648224004E-005  3.330032491718935E-005
   52.6679990208333       1.685135966574032E-005  4.218870887701716E-005
   52.8359992638889       1.363419631777389E-005  3.145326861780966E-005
   53.0039995069444       8.999967559203461E-006  1.781238903000431E-005
   53.1719997500000       8.812393840024107E-006  1.590406155008948E-005
   53.3400000000000       1.020031005946742E-005  1.904138616696004E-005
   53.5080002430556       1.337555858951133E-005  2.735030763744492E-005
   53.6760004861111       1.588819464395757E-005  3.880990921090579E-005
   53.8440007291667       1.290708153841079E-005  3.095184902375129E-005
   54.0120009722222       8.875870436371822E-006  1.774527724299452E-005
   54.1800012222222       8.399723784200607E-006  1.546076351002688E-005
   54.3480014652778       9.787280145866625E-006  1.796349206912785E-005
   54.5160017083333       1.244157867087102E-005  2.447640043270255E-005
   54.6840019513889       1.425313405367795E-005  3.349423379937075E-005
   54.8520021944444       1.353290977002573E-005  3.066810965186076E-005
   55.0200024444444       9.099614369693366E-006  1.769574117631677E-005
   55.1880026875000       7.987430853588712E-006  1.385352041986096E-005
   55.3560029305556       8.413392170377960E-006  1.627874621462160E-005
   55.5240031736111       9.792767116274685E-006  2.102768471202052E-005
   55.6919969513889       1.239206884962302E-005  2.957222957131410E-005
   55.8599971944444       1.156615821379490E-005  2.983499356487246E-005
   56.0279974375000       7.540424408407353E-006  1.819683475067603E-005
   56.1959976875000       5.853333604003962E-006  1.328647129832641E-005
   56.3639979305556       5.911468969271164E-006  1.438373418366642E-005
   56.5319981736111       7.004637342168449E-006  1.737794445853594E-005
   56.6999984166667       8.825514496433395E-006  2.239750166112377E-005
   56.8679986597222       9.787671777081638E-006  2.386643772804793E-005
   57.0359989097222       7.045294385437252E-006  1.641920133880353E-005
   57.2039991527778       4.702927784774365E-006  1.124083418325423E-005
   57.3719993958333       4.327471601355491E-006  1.113159691706426E-005
   57.5399996388889       4.616520430888812E-006  1.274815556006519E-005
   57.7079998819444       5.823785880624083E-006  1.652783285018257E-005
   57.8760001319444       6.227199782680869E-006  1.973899672963192E-005
   58.0440003750000       5.577152977635024E-006  1.769529359396246E-005
   58.2120006180556       4.158374620462246E-006  1.133341230185759E-005
   58.3800008611111       3.433612047085691E-006  8.511346751720875E-006
   58.5480011041667       3.436385232853103E-006  9.569592324874951E-006
   58.7160013541667       3.393359067131741E-006  9.829579688853824E-006
   58.8840015972222       3.190251364582217E-006  1.096660860467809E-005
   59.0520018402778       2.620116684175382E-006  1.111279727456594E-005
   59.2200020833333       1.801734747483342E-006  9.320626560324920E-006
   59.3880023263889       9.262243232354383E-007  4.591079646905339E-006
   59.5560025763889       4.511021178779283E-007  1.492490012413673E-006
   59.7240028194444      -3.277178905973086E-007  1.498592682077451E-007
   59.8920030625000       3.923766636453558E-005  4.538297946876957E-005
   60.0599968402778       2.051903314347943E-004  2.186979820577366E-004
