  -60.0599968402778       0.000000000000000E+000  0.000000000000000E+000
  -59.8920030625000       5.045100808960430E-014  6.035785193067275E-013
  -59.7240028194444       2.115539882250755E-014  1.485830147130166E-013
  -59.5560025763889      -4.525372727317601E-015 -3.216431193107368E-014
  -59.3880023263889       1.134937213739546E-015  2.215214178395620E-016
  -59.2200020833333       2.197020483174712E-016 -1.639320097961469E-015
  -59.0520018402778      -1.052135295403367E-015 -6.722749139689006E-016
  -58.8840015972222      -1.096790478926094E-015  6.150367515995106E-015
  -58.7160013541667      -1.777642799502492E-016  5.983660148545042E-015
  -58.5480011041667       4.526456958955962E-016  3.882915806194583E-015
  -58.3800008611111       7.011089440396205E-016  3.458936004942108E-015
  -58.2120006180556       3.732603067393174E-016  3.585139212353968E-015
  -58.0440003750000      -4.780525423770159E-016  1.152301813776227E-015
  -57.8760001319444      -1.123519165258174E-015 -1.169634330576196E-015
  -57.7079998819444      -1.049580707305715E-015 -2.378809042694758E-015
  -57.5399996388889      -2.810370709119348E-016 -1.010671456096682E-015
  -57.3719993958333       4.202389023361507E-016  9.659039414141675E-016
  -57.2039991527778       3.390131166428525E-016  2.913136562503732E-016
  -57.0359989097222      -1.146447551444241E-016 -9.354427591289833E-016
  -56.8679986597222      -3.425977405956666E-016 -1.384225134249731E-015
  -56.6999984166667      -2.043046893914789E-016 -1.247684251402071E-015
  -56.5319981736111       7.669363957120188E-017 -1.544365535974505E-016
  -56.3639979305556       1.515511645009324E-016  3.097003326752979E-016
  -56.1959976875000       3.909804395123180E-017 -3.441501579711506E-017
  -56.0279974375000      -4.004741548670977E-017 -1.747416732628396E-016
  -55.8599971944444      -9.626381659827431E-018 -4.752154086422499E-017
  -55.6919969513889       4.878661238553965E-017  2.303589873641444E-016
  -55.5240031736111       1.575348953320220E-017  1.755458415671244E-016
  -55.3560029305556       1.180677725033289E-017 -3.390818259428556E-016
  -55.1880026875000       4.631684326939480E-016 -1.507521523428991E-016
  -55.0200024444444       1.397190087331261E-015  4.039017896719430E-015
  -54.8520021944444       1.601784791088699E-015  1.463983065445119E-014
  -54.6840019513889      -4.676333721029175E-016  2.459702635249257E-014
  -54.5160017083333      -3.996097613295534E-015  2.300116013121414E-014
  -54.3480014652778      -5.850954764567001E-015  1.251331014754821E-014
  -54.1800012222222      -4.645779425722945E-015  3.840289818435238E-015
  -54.0120009722222      -2.234161022760923E-015  3.020278664270720E-016
  -53.8440007291667      -6.387051680232589E-016 -4.386531590025042E-016
  -53.6760004861111      -9.267544483926143E-017 -3.377382754610142E-016
  -53.5080002430556      -2.729193761642188E-018 -1.531035466766636E-016
  -53.3400000000000      -7.158183058877189E-019 -4.127363951097359E-017
  -53.1719997500000      -1.324983300775159E-018  5.817626365417934E-018
  -53.0039995069444      -8.295818271917929E-019  1.153015467151164E-017
  -52.8359992638889      -7.286190872190829E-019  8.967076993518089E-019
  -52.6679990208333      -8.711380174757514E-019 -1.184267223946025E-017
  -52.4999987777778      -9.832082426274617E-019 -2.172654609070493E-017
  -52.3319985277778      -9.814884839802067E-019 -2.801665954334700E-017
  -52.1640015208333      -9.122856463898907E-019 -3.192067476274551E-017
  -51.9960012777778      -8.348387874909267E-019 -3.457606204595297E-017
  -51.8280010277778      -7.650756797574413E-019 -3.615723561250342E-017
  -51.6600007847222      -6.979246798112910E-019 -3.625018565457713E-017
  -51.4920005416667      -6.274058549982253E-019 -3.451318488184070E-017
  -51.3240002986111      -5.434862847109814E-019 -3.077724414918170E-017
  -51.1560000555556      -4.341821533998721E-019 -2.497169417878035E-017
  -50.9879998055556      -3.046153205957035E-019 -1.782032340423339E-017
  -50.8199995625000      -1.865589591935363E-019 -1.116894957735986E-017
  -50.6519993194444      -1.177542394533879E-019 -6.572727742654762E-018
  -50.4839990763889      -1.074972008876403E-019 -3.610932076204439E-018
  -50.3159988333333      -1.411929802687865E-019 -3.604625443528374E-020
  -50.1479985833333      -2.212756515184646E-019  6.033125697355371E-018
  -49.9800015763889      -3.755041122051420E-019  1.372815413288833E-017
  -49.8120013333333      -6.180154587401968E-019  1.936755063791522E-017
  -49.6440010902778      -9.218123606895714E-019  1.910197548093798E-017
  -49.4760008402778      -1.243371282294439E-018  1.173271070233247E-017
  -49.3080005972222      -1.557772565016258E-018 -9.824592002238212E-019
  -49.1400003541667      -1.845873184225130E-018 -1.618304334602934E-017
  -48.9720001111111      -2.070142414162316E-018 -3.135895149761580E-017
  -48.8039998680556      -2.196506558549395E-018 -4.451523704526633E-017
  -48.6359996180556      -2.224704131596699E-018 -5.417500657535740E-017
  -48.4679993750000      -2.182780997475258E-018 -5.942637915045157E-017
  -48.2999991319444      -2.105421770934070E-018 -5.961004287696859E-017
  -48.1319988888889      -2.015891607162946E-018 -5.444211452718592E-017
  -47.9639986458333      -1.913736319222376E-018 -4.485523557487300E-017
  -47.7959983958333      -1.778760425619819E-018 -3.321324357963862E-017
  -47.6280013888889      -1.595621234086368E-018 -2.242329330224598E-017
  -47.4600011458333      -1.379741845683053E-018 -1.492461685875730E-017
  -47.2920008958333      -1.178468587515851E-018 -1.185255247043556E-017
  -47.1240006527778      -1.044037337012975E-018 -1.235349044541954E-017
  -46.9560004097222      -1.003962819805921E-018 -1.393752354931821E-017
  -46.7880001666667      -1.056053975817569E-018 -1.396922345866220E-017
  -46.6199999236111      -1.186024501618724E-018 -1.095749329932590E-017
  -46.4519996736111      -1.381216058676667E-018 -5.249974843341300E-018
  -46.2839994305556      -1.625430753054910E-018  4.738609476779538E-019
  -46.1159991875000      -1.891222642732547E-018  1.931792647922444E-018
  -45.9479989444444      -2.152627386513455E-018 -4.138820194398260E-018
  -45.7799987013889      -2.411030619580462E-018 -1.756935123524533E-017
  -45.6119984513889      -2.700224295067487E-018 -3.492747107976649E-017
  -45.4440014444444      -3.058152411620880E-018 -5.190633281350613E-017
  -45.2760012013889      -3.510967614705202E-018 -6.587933045759713E-017
  -45.1080009513889      -4.147745884239765E-018 -7.702568768084418E-017
  -44.9400007083333      -5.303905271865111E-018 -8.784858546209547E-017
  -44.7720004652778      -7.614556193283038E-018 -1.025404678642736E-016
  -44.6040002222222      -1.115777150473732E-017 -1.276892021332728E-016
  -44.4359999791667      -1.243332255855019E-017 -1.704734539509321E-016
  -44.2679997361111       2.512152999592469E-018 -2.158746701955089E-016
  -44.0999994861111       7.781876964800258E-017 -1.385604305852213E-016
  -43.9319992430556       3.685005886469658E-016  5.391949055055542E-016
  -43.7639990000000       1.434471784101754E-015  3.214400002691324E-015
  -43.5959987569444       5.020616589581928E-015  1.135361981096158E-014
  -43.4279985138889       1.534768147364058E-014  3.235610426858457E-014
  -43.2600015000000       3.923260499001633E-014  7.902352231706595E-014
  -43.0920012569444       7.861411934379920E-014  1.636077101504602E-013
  -42.9240010138889       1.023150804092058E-013  2.640038894136448E-013
  -42.7560007638889      -1.265410143966207E-014  2.490549043217824E-013
  -42.5880005208333      -5.374646144129563E-013 -1.595754137854918E-013
  -42.4200002777778      -1.821235870623357E-012 -1.213871092990149E-012
  -42.2520000347222      -3.937236365312365E-012 -2.759988330255455E-012
  -42.0839997916667      -6.150917615056476E-012 -4.041562339671943E-012
  -41.9159995416667      -6.868758072640080E-012 -4.042387372475338E-012
  -41.7479992986111      -4.842024645183604E-012 -2.336764616606275E-012
  -41.5799990555556      -1.197193985295725E-012 -2.236274056719248E-013
  -41.4119988125000      -1.163237483609608E-013 -1.263396527695769E-012
  -41.2439985694444      -6.298910385492932E-012 -9.477637610362103E-012
  -41.0760015555556      -2.062968538827192E-011 -2.532449816233119E-011
  -40.9080013125000      -3.826102832858376E-011 -4.343556820059756E-011
  -40.7400010694444      -5.151173625603992E-011 -5.564408019921042E-011
  -40.5720008194444      -5.510501397545862E-011 -5.690852712046637E-011
  -40.4040005763889      -4.908386726861080E-011 -4.831899565962628E-011
  -40.2360003333333      -3.753822186516798E-011 -3.503251984296903E-011
  -40.0680000902778      -2.524552424387634E-011 -2.219243518804735E-011
  -39.8999998472222      -1.523935645741937E-011 -1.251782321901687E-011
  -39.7319995972222      -8.401706567751869E-012 -6.367661801691570E-012
  -39.5639993541667      -4.285361344524569E-012 -2.926801070532878E-012
  -39.3959991111111      -2.035988615803069E-012 -1.197332149471783E-012
  -39.2279988680556      -9.018203849213001E-013 -4.185203267916995E-013
  -39.0599986250000      -3.723188603252680E-013 -1.139447082236548E-013
  -38.8920016111111      -1.450355692125986E-013 -1.682534934358051E-014
  -38.7240013680556      -5.614999216687109E-014  7.299400149638669E-015
  -38.5560011250000      -2.394217714944821E-014  1.556780600987336E-014
  -38.3880008819444      -1.126349506366951E-014  2.449067575422055E-014
  -38.2200006319444      -2.691983115881573E-015  3.314429054707788E-014
  -38.0520003888889       7.054843562737101E-015  3.564849822655321E-014
  -37.8840001458333       1.676600250883153E-014  2.638435555686936E-014
  -37.7159999027778       1.997831960217172E-014  2.135313046989360E-015
  -37.5479996597222       9.205350333965345E-015 -3.573297763336796E-014
  -37.3799994097222      -1.699284278738236E-014 -7.849824834453989E-014
  -37.2119991666667      -5.039537807086238E-014 -1.091870499343839E-013
  -37.0439989236111      -7.790977949410904E-014 -1.075301502235329E-013
  -36.8759986805556      -9.106662886563685E-014 -6.155995230865198E-014
  -36.7079984375000      -9.102431711595174E-014  2.094553959431228E-014
  -36.5400014236111      -8.493604641539620E-014  1.120270524490061E-013
  -36.3720011805556      -7.892887923892694E-014  1.776584634207417E-013
  -36.2040009375000      -7.498151514309058E-014  1.969102786504923E-013
  -36.0360006875000      -7.225275208130136E-014  1.725391534018586E-013
  -35.8680004444444      -6.832659017577182E-014  1.275005344428276E-013
  -35.7000002013889      -5.938502442235066E-014  9.052584950490825E-014
  -35.5319999583333      -4.311503995111941E-014  7.697600827295070E-014
  -35.3639997152778      -2.385944743795005E-014  7.636946609913209E-014
  -35.1959994652778      -1.193460614083269E-014  6.258461505534406E-014
  -35.0279992222222      -1.364316303282441E-014  2.462853630667914E-014
  -34.8599989791667      -2.275556980888104E-014 -1.775709812279940E-014
  -34.6919987361111      -2.596838093384003E-014 -3.926033766078416E-014
  -34.5239984930556      -1.731229984251073E-014 -3.900666014377457E-014
  -34.3560014791667      -3.625989451833466E-015 -2.970579188401193E-014
  -34.1880012361111       5.161095573432572E-015 -1.152346247803408E-014
  -34.0200009930556       7.189991444184649E-015  2.364271164985247E-014
  -33.8520007500000       7.689413668408206E-015  7.363010194218946E-014
  -33.6840005000000       1.036538031728990E-014  1.244916760378298E-013
  -33.5160002569444       1.396675631621955E-014  1.570371822513530E-013
  -33.3480000138889       1.608237725053276E-014  1.537622569426554E-013
  -33.1799997708333       1.635874162578691E-014  1.138357227900825E-013
  -33.0119995277778       1.553119620845522E-014  5.761117816423696E-014
  -32.8439992777778       1.384119766568534E-014  7.991039913065854E-015
  -32.6759990347222       1.139450350049860E-014 -2.262962004998196E-014
  -32.5079987916667       8.880648052509260E-015 -2.459751781103002E-014
  -32.3399985486111       7.130203969254834E-015  1.314586488725356E-014
  -32.1720015347222       6.291728102357195E-015  8.749608738703993E-014
  -32.0040012916667       5.794633230212827E-015  1.724851907398301E-013
  -31.8360010486111       5.059578187352056E-015  2.381306301510746E-013
  -31.6680008055556       4.171812052003974E-015  2.732947303753947E-013
  -31.5000005555556       3.890513149994854E-015  2.781688463264723E-013
  -31.3320003125000       4.934073571526156E-015  2.469799303535221E-013
  -31.1640000694444       7.127673343749160E-015  1.877926575250842E-013
  -30.9959998263889       9.295186252876112E-015  1.314432155306108E-013
  -30.8279995833333       1.017580340281957E-014  9.572231079492724E-014
  -30.6599993333333       9.499199440248921E-015  6.920608481897724E-014
  -30.4919990902778       8.066040088194880E-015  4.338494589219029E-014
  -30.3239988472222       6.836432698682034E-015  3.202604997792481E-014
  -30.1559986041667       6.186788195934168E-015  4.966036709150508E-014
  -29.9880015902778       6.090908108937149E-015  8.937928445627735E-014
  -29.8200013472222       6.651591540432540E-015  1.294734291278533E-013
  -29.6520011041667       8.049320205596129E-015  1.560144030002076E-013
  -29.4840008611111       9.985814795333569E-015  1.732143814091785E-013
  -29.3160006111111       1.155084263665724E-014  1.919876240928677E-013
  -29.1480003680556       1.192498024351014E-014  2.119043029582688E-013
  -28.9800001250000       1.117140705530898E-014  2.178765276900333E-013
  -28.8119998819444       1.015150643892154E-014  1.976812561609308E-013
  -28.6439996388889       9.651754217015114E-015  1.607030924170290E-013
  -28.4759993958333       9.771324663982386E-015  1.318830889331995E-013
  -28.3079991458333       1.022221278455123E-014  1.262417418781261E-013
  -28.1399989027778       1.097691298238278E-014  1.374805392204776E-013
  -27.9719986597222       1.230728995672402E-014  1.515942403528546E-013
  -27.8039984166667       1.417837939167881E-014  1.618022818918821E-013
  -27.6360014027778       1.588754095778729E-014  1.686965651785094E-013
  -27.4680011597222       1.654402921365027E-014  1.729640103017010E-013
  -27.3000009166667       1.591382498375624E-014  1.718459549944049E-013
  -27.1320006736111       1.466764823690350E-014  1.618077368243397E-013
  -26.9640004236111       1.372022939227581E-014  1.432797602547338E-013
  -26.7960001805556       1.339194795466478E-014  1.221330558741008E-013
  -26.6279999375000       1.337211464363505E-014  1.054168785124903E-013
  -26.4599996944444       1.350401979931389E-014  9.480076685633420E-014
  -26.2919994513889       1.427446210883198E-014  8.548161685359461E-014
  -26.1239992013889       1.613409103946316E-014  7.285272775152009E-014
  -25.9560005763889       1.837851785297165E-014  5.883425121366677E-014
  -25.7880003333333       1.922226081738847E-014  4.991266286383084E-014
  -25.6200000902778       1.742297965015061E-014  4.989614882773992E-014
  -25.4519998402778       1.378257901295781E-014  5.635566885133532E-014
  -25.2839995972222       1.071532324022836E-014  6.381427519302455E-014
  -25.1159993541667       1.017217600138934E-014  6.869737634416906E-014
  -24.9480007291667       1.206925420122841E-014  7.062760419428366E-014
  -24.7800004791667       1.478837592720699E-014  7.006016771079066E-014
  -24.6120002361111       1.699176723937894E-014  6.599706641592508E-014
  -24.4439999930556       1.861568776659368E-014  5.651562702640981E-014
  -24.2759997500000       2.006562553884714E-014  4.168020230675619E-014
  -24.1079995069444       2.095002962126439E-014  2.572521702721802E-014
  -23.9399992569444       2.026454402515108E-014  1.536758297132602E-014
  -23.7720006319444       1.788770901856023E-014  1.508322145924255E-014
  -23.6040003888889       1.524531400529513E-014  2.381253759189621E-014
  -23.4360001458333       1.399716241850786E-014  3.592974888328706E-014
  -23.2679999027778       1.438355046565818E-014  4.514335366221652E-014
  -23.0999996527778       1.540556293856192E-014  4.801272532734390E-014
  -22.9319994097222       1.645462878875764E-014  4.465261558754218E-014
  -22.7640007847222       1.805829659268295E-014  3.690471513682552E-014
  -22.5960005416667       2.074935500694050E-014  2.655193519889636E-014
  -22.4280002916667       2.365304771762705E-014  1.529812392687973E-014
  -22.2600000486111       2.477976658982149E-014  5.455142163709600E-015
  -22.0919998055556       2.290748195858060E-014 -3.568596872368222E-016
  -21.9239995625000       1.899137565495871E-014 -3.989229335627474E-016
  -21.7559993194444       1.547687202849737E-014  5.185070258891770E-015
  -21.5880006875000       1.420445885768060E-014  1.410053982128236E-014
  -21.4200004444444       1.514586055157619E-014  2.258950313868661E-014
  -21.2520002013889       1.715416212248989E-014  2.701014695225172E-014
  -21.0839999583333       1.950538982350629E-014  2.537742391374575E-014
  -20.9159997083333       2.223605953857432E-014  1.784687936373152E-014
  -20.7479994652778       2.503953973654429E-014  6.279545848715491E-015
  -20.5799992222222       2.645267086665650E-014 -6.191300737348074E-015
  -20.4120005972222       2.477703655051136E-014 -1.543212228423510E-014
  -20.2440003472222       2.001732365578408E-014 -1.742910487029933E-014
  -20.0760001041667       1.464094479867484E-014 -1.044723067309125E-014
  -19.9079998611111       1.197063442586620E-014  3.321282907681812E-015
  -19.7399996180556       1.357025734591259E-014  1.793217315079288E-014
  -19.5719993750000       1.819070864538733E-014  2.607314394092039E-014
  -19.4040007430556       2.315268374563015E-014  2.317098607325787E-014
  -19.2360005000000       2.645772182534246E-014  1.038087284008569E-014
  -19.0680002569444       2.758767763387258E-014 -6.643312651195623E-015
  -18.9000000138889       2.689249538069965E-014 -2.186837907936401E-014
  -18.7319997638889       2.484795581862259E-014 -3.175860647570388E-014
  -18.5639995208333       2.190751307358444E-014 -3.527413290200102E-014
  -18.3959992777778       1.862432817375998E-014 -3.240313247638041E-014
  -18.2280006527778       1.559712498529217E-014 -2.336786281951224E-014
  -18.0600004097222       1.326560580086013E-014 -9.611235261759161E-015
  -17.8920001597222       1.186342184534263E-014  4.766666968190565E-015
  -17.7239999166667       1.170852234819814E-014  1.367263639312410E-014
  -17.5559996736111       1.349470653137511E-014  1.222802875888285E-014
  -17.3879994305556       1.780136798739027E-014  1.050137015726995E-016
  -17.2200007986111       2.371907555809590E-014 -1.794414312522338E-014
  -17.0520005555556       2.816907051059666E-014 -3.482088204948445E-014
  -16.8840003125000       2.769277256844682E-014 -4.452623097789529E-014
  -16.7160000694444       2.173597603244435E-014 -4.410564539309050E-014
  -16.5479998263889       1.388759160892892E-014 -3.416856990464913E-014
  -16.3799995763889       9.220546309135795E-015 -1.857048258693284E-014
  -16.2119993333333       1.026428266458964E-014 -3.133233438112020E-015
  -16.0440007083333       1.560185173572829E-014  6.587688421886734E-015
  -15.8760004652778       2.190554981251599E-014  7.273145714105218E-015
  -15.7080002152778       2.668485543516696E-014 -1.575555924779219E-015
  -15.5399999722222       2.914059655437296E-014 -1.771304568358242E-014
  -15.3719997291667       2.926192505917120E-014 -3.643369973068295E-014
  -15.2039994861111       2.703708196780169E-014 -5.197695854449719E-014
  -15.0359992430556       2.281880070992471E-014 -5.961740454504357E-014
  -14.8680006111111       1.801201972464070E-014 -5.689040147089631E-014
  -14.7000003680556       1.470277079730254E-014 -4.397381614331142E-014
  -14.5320001250000       1.427104762988330E-014 -2.420788896792200E-014
  -14.3639998819444       1.654495680947620E-014 -4.246870121463327E-015
  -14.1959996319444       2.046533700121697E-014  7.724121319439895E-015
  -14.0279993888889       2.521740655780026E-014  5.537497491871641E-015
  -13.8600007638889       3.024752071175790E-014 -1.187969015216482E-014
  -13.6920005208333       3.435702752873312E-014 -3.959863610408263E-014
  -13.5240002708333       3.556073556793853E-014 -6.811252009995068E-014
  -13.3560000277778       3.245839197140823E-014 -8.665924928642024E-014
  -13.1879997847222       2.578154435100523E-014 -8.787604916352385E-014
  -13.0200003472222       1.828447301624603E-014 -7.188648938991374E-014
  -12.8520001041667       1.291315798322947E-014 -4.610008191516096E-014
  -12.6839998611111       1.110108860169249E-014 -2.066355432285360E-014
  -12.5159996180556       1.272402878491368E-014 -4.149284081532641E-015
  -12.3480001805556       1.706723571531328E-014 -1.291893567271901E-015
  -12.1799999375000       2.306438588609511E-014 -1.179459449236725E-014
  -12.0119996944444       2.864188707368278E-014 -3.068980766465100E-014
  -11.8440002569444       3.088264981935184E-014 -5.113185056042530E-014
  -11.6760000138889       2.790040736781682E-014 -6.767512200161862E-014
  -11.5079997638889       2.081554752461562E-014 -7.668325851567302E-014
  -11.3400003333333       1.355480599241836E-014 -7.488914666886313E-014
  -11.1720000833333       1.023576327419969E-014 -6.060930682001400E-014
  -11.0039998402778       1.228661782117487E-014 -3.728502685237275E-014
  -10.8359995972222       1.785177207791458E-014 -1.397709881669749E-014
  -10.6680001597222       2.397618041946091E-014 -1.461056700028135E-015
  -10.4999999166667       2.923969620940656E-014 -7.344260536398892E-015
  -10.3319996736111       3.399804665756011E-014 -3.238925327558975E-014
  -10.1640002361111       3.830613360064202E-014 -6.932720490418629E-014
  -9.99599999305556       4.058123154381766E-014 -1.056152733767399E-013
  -9.82799975000000       3.896368196602035E-014 -1.289261450174772E-013
  -9.66000031250000       3.347510904289796E-014 -1.316150870723261E-013
  -9.49200006944444       2.600736311626094E-014 -1.126883240630949E-013
  -9.32399981944444       1.846422333304867E-014 -7.836902305308490E-014
  -9.15600038888889       1.196927326583315E-014 -4.081517352688874E-014
  -8.98800013888889       8.028388832101176E-015 -1.300043947563210E-014
  -8.81999989583333       9.200696916347642E-015 -2.122537376976410E-015
  -8.65199965277778       1.731729933956973E-014 -7.247984838144631E-015
  -8.48400021527778       3.071486690389835E-014 -2.184932798506405E-014
  -8.31599997222222       4.360898408515325E-014 -3.765734400417200E-014
  -8.14799972916667       4.903717708136546E-014 -4.784198594142165E-014
  -7.98000029166667       4.377897727748461E-014 -4.974799594988967E-014
  -7.81200004861111       3.145176909804637E-014 -4.464403178816553E-014
  -7.64399980555556       2.048757357022565E-014 -3.482955847978962E-014
  -7.47600036805556       1.805984430111372E-014 -2.280061417095765E-014
  -7.30800012500000       2.568432819151831E-014 -1.175583102186091E-014
  -7.13999988194444       4.050052684734030E-014 -8.914205536178430E-015
  -6.97199963194444       5.908274397176032E-014 -2.826097325710014E-014
  -6.80400019791667       7.819186640228095E-014 -8.238553613706514E-014
  -6.63599995347222       9.296564523900123E-014 -1.679715326086193E-013
  -6.46800011388889       9.770879134946995E-014 -2.603007313223764E-013
  -6.29999986944444       9.008549236302608E-014 -3.240297603303445E-013
  -6.13200002916667       7.362869703977349E-014 -3.333047922802928E-013
  -5.96400018888889       5.537720835332639E-014 -2.862300220043789E-013
  -5.79599994444444       4.134555763897176E-014 -2.019019741268443E-013
  -5.62800010416667       3.417254531533166E-014 -1.102979417832073E-013
  -5.45999985972222       3.420920915145810E-014 -4.391925652641023E-014
  -5.29200001944444       4.156979653227985E-014 -2.220344315940815E-014
  -5.12400017916667       5.582402392939183E-014 -4.022801437486398E-014
  -4.95599993472222       7.348637991042032E-014 -7.530625344768554E-014
  -4.78800009444444       8.731573496920188E-014 -1.033049036344471E-013
  -4.61999985000000       8.986774792704012E-014 -1.128837341529809E-013
  -4.45200000972222       7.838433288710500E-014 -1.072983979326889E-013
  -4.28400016944444       5.631610515252978E-014 -9.361859036184813E-014
  -4.11599992500000       3.056614022890751E-014 -7.350655286818797E-014
  -3.94800008541667       7.499268746230323E-015 -4.635352013560519E-014
  -3.77999984097222      -9.232712481019074E-015 -1.468202404239430E-014
  -3.61200000069444      -1.802296561269473E-014  1.734701070989410E-014
  -3.44400016041667      -1.704254957286139E-014  4.371830401930077E-014
  -3.27599991597222      -3.406779646019872E-015  5.623992135998072E-014
  -3.10800007569444       2.392782964785224E-014  4.822662043363338E-014
  -2.94000003333333       5.938563166954878E-014  1.941271772567979E-014
  -2.77199999097222       8.944298365812633E-014 -2.533771354930338E-014
  -2.60399994861111       9.804962170481478E-014 -7.723804573125966E-014
  -2.43599990625000       7.571491022736139E-014 -1.202790066703726E-013
  -2.26800006597222       2.502407037148063E-014 -1.381240462809404E-013
  -2.10000002361111      -4.106411142805547E-014 -1.183234030920049E-013
  -1.93199998125000      -1.037005714994787E-013 -5.523938382400668E-014
  -1.76399993888889      -1.417359423229610E-013  4.114289917892863E-014
  -1.59599999791667      -1.350689444579578E-013  1.552599035027212E-013
  -1.42799995555556      -7.350326961638803E-014  2.675869360675927E-013
  -1.26000001458333       3.195073845995270E-014  3.448786974450714E-013
  -1.09199997222222       1.447554224077630E-013  3.545364803916847E-013
 -0.924000030555556       2.144153627533736E-013  2.832588335103146E-013
 -0.755999988194444       1.993351710974182E-013  1.439013240774615E-013
 -0.587999996527778       9.204613918083573E-014 -3.520315702610014E-014
 -0.420000004722222      -7.384346699372126E-014 -1.823571158085423E-013
 -0.251999987708333      -2.444034525382280E-013 -2.414298144707204E-013
 -8.400000222222222E-002 -3.483327606772109E-013 -2.119631956441598E-013
  8.400000222222222E-002 -3.419319841007884E-013 -9.752315896870598E-014
  0.251999987708333      -1.797578919541325E-013  2.644611208230067E-014
  0.420000004722222       1.106603242679222E-013  9.216093977825431E-014
  0.587999996527778       4.195539232768315E-013  5.486659579832075E-014
  0.755999988194444       6.305096649423542E-013 -1.969071703682240E-013
  0.924000030555556       5.215530087118626E-013 -5.222315611402839E-013
   1.09199997222222       1.244691564298728E-013 -1.008034383450724E-012
   1.26000001458333      -5.525935505219665E-013 -1.342460936275453E-012
   1.42799995555556      -1.418702365846713E-012 -1.466163324755973E-012
   1.59599999791667      -1.815612802738179E-012 -1.656563934027399E-012
   1.76399993888889      -2.427139961436980E-012 -1.419553417648699E-012
   1.93199998125000      -1.454636084994520E-012 -2.116746153078983E-012
   2.10000002361111      -1.762505227103245E-012 -2.109759722603124E-012
   2.26800006597222      -3.560875173604872E-012 -7.839517029404941E-012
   2.43599990625000       4.977529284360042E-012 -1.509389115274469E-011
   2.60399994861111      -6.282734472875780E-012 -5.728248402496237E-011
   2.77199999097222       1.905592777152057E-010 -1.056681199390029E-010
   2.94000003333333      -3.045058162230849E-009 -5.706432704169774E-010
   3.10800007569444      -1.797199759536989E-008 -1.507538090985174E-009
   3.27599991597222      -5.833629999946517E-007  1.011000452747985E-008
   3.44400016041667      -7.651166552545209E-007  8.688973652696571E-008
   3.61200000069444      -1.352572089980174E-006 -3.616702477698366E-007
   3.77999984097222      -1.006701100283923E-006 -3.751043875171340E-008
   3.94800008541667       5.839405599064767E-007  9.188050328562824E-006
   4.11599992500000       1.763722039331139E-005  3.897219203117788E-005
   4.28400016944444       8.083523290813979E-005  5.885894879089218E-005
   4.45200000972222       1.583564129975265E-004  7.289929420442956E-005
   4.61999985000000       2.218197091906770E-004  1.608567695976100E-004
   4.78800009444444       3.844095326497899E-004  2.598295512390276E-004
   4.95599993472222       4.771527515769078E-004  4.045536216797988E-004
   5.12400017916667       5.434511372431549E-004  4.811286557764389E-004
   5.29200001944444       6.577258696009561E-004  5.940441665577573E-004
   5.45999985972222       7.806524440014892E-004  8.620205153296248E-004
   5.62800010416667       9.385080672335173E-004  9.823445084162820E-004
   5.79599994444444       1.063236578015393E-003  1.092481501182249E-003
   5.96400018888889       1.311948477213475E-003  1.252387273911233E-003
   6.13200002916667       1.394862316354429E-003  1.643849966505172E-003
   6.29999986944444       1.552430959295101E-003  2.076965452943350E-003
   6.46800011388889       1.624472352299089E-003  2.115800429380347E-003
   6.63599995347222       1.769742488753527E-003  2.048647601723054E-003
   6.80400019791667       1.810657762349477E-003  1.873594474768772E-003
   6.97199963194444       1.908150211077679E-003  2.164449844131815E-003
   7.13999988194444       1.922245304714981E-003  1.823874764187524E-003
   7.30800012500000       2.175538099747592E-003  1.801807350575887E-003
   7.47600036805556       2.249985140608489E-003  2.010537059871841E-003
   7.64399980555556       2.029593214908199E-003  1.721758451224747E-003
   7.81200004861111       1.901611201366619E-003  1.369436721784769E-003
   7.98000029166667       1.615608324808239E-003  1.629621904257671E-003
   8.14799972916667       1.104964343216249E-003  1.740613560093834E-003
   8.31599997222222       1.261463661922657E-003  1.506171807432547E-003
   8.48400021527778       1.558541355407551E-003  1.543449523131578E-003
   8.65199965277778       1.189393447319874E-003  1.543073956178036E-003
   8.81999989583333       8.524034085792687E-004  1.092897030147589E-003
   8.98800013888889       4.016392169741527E-004  4.901784328776397E-004
   9.15600038888889       4.553425684959291E-004  4.184805144303125E-004
   9.32399981944444       1.245826227302276E-004  6.438795629793312E-004
   9.49200006944444       1.366832826243864E-005  3.034176917184906E-004
   9.66000031250000      -8.516954181446853E-005  4.532619235593013E-005
   9.82799975000000      -3.587181329102648E-004 -1.830321871666697E-004
   9.99599999305556      -2.770575115988873E-004 -1.373220532596271E-004
   10.1640002361111      -2.204510719890794E-004 -2.630193101281906E-004
   10.3319996736111      -2.479453365806206E-004 -2.748223860627585E-004
   10.4999999166667      -4.084419996354295E-004 -2.969986544983583E-004
   10.6680001597222      -4.743790961706880E-004 -4.502526931896639E-004
   10.8359995972222      -5.647812076345006E-004 -4.283538786748842E-004
   11.0039998402778      -5.384886613698202E-004 -5.544320628429765E-004
   11.1720000833333      -5.059318403913009E-004 -5.129298330596581E-004
   11.3400003333333      -4.861851117992342E-004 -5.215461782101164E-004
   11.5079997638889      -4.615607372972505E-004 -3.936653944232334E-004
   11.6760000138889      -3.986703514579292E-004 -3.078054116182069E-004
   11.8440002569444      -4.278321689346412E-004 -3.553547138790799E-004
   12.0119996944444      -3.207516341084501E-004 -3.411928704976067E-004
   12.1799999375000      -2.796155560652515E-004 -2.093748178422478E-004
   12.3480001805556      -2.588274193189271E-004 -3.403795390389490E-004
   12.5159996180556      -2.674940699594325E-004 -2.850638028341033E-004
   12.6839998611111      -2.121800799505128E-004 -2.334610604783634E-004
   12.8520001041667      -1.746109748308514E-004 -1.652357257881018E-004
   13.0200003472222      -1.217814938139934E-004 -1.144450550074683E-004
   13.1879997847222      -7.230847512208017E-005 -9.744213228712107E-005
   13.3560000277778      -6.951055113304963E-005 -8.403833072305667E-005
   13.5240002708333      -5.730608086886411E-005 -7.205639496367903E-005
   13.6920005208333      -3.075057721783121E-005 -2.536263458320536E-005
   13.8600007638889      -1.292346923620753E-005 -8.344365057775985E-006
   14.0279993888889      -6.934114851434925E-006 -1.472006944823504E-005
   14.1959996319444      -7.204502178973638E-006 -2.079628429519701E-005
   14.3639998819444      -7.944118045575960E-006 -8.349753948498457E-006
   14.5320001250000      -4.459813684773391E-006 -6.451145402352323E-006
   14.7000003680556      -1.418762039720102E-006 -3.364652278197987E-006
   14.8680006111111      -1.669984534529414E-007 -2.566242286041771E-007
   15.0359992430556      -5.778814200890934E-009  2.968527368048133E-009
   15.2039994861111      -2.575670811557215E-010  5.263902630083197E-010
   15.3719997291667      -4.070534922762773E-011 -3.703010178201779E-011
   15.5399999722222      -1.438757085380267E-011  1.814301972176297E-012
   15.7080002152778      -2.147193980454432E-012 -3.759477531134404E-012
   15.8760004652778       5.807591164957674E-013 -5.128837665667468E-012
   16.0440007083333      -1.250218316602891E-012 -6.492031297534675E-012
   16.2119993333333      -2.254915763484432E-012 -5.662087161139524E-012
   16.3799995763889      -2.101489468627211E-012 -4.976288276933617E-012
   16.5479998263889      -2.595869544395347E-012 -5.630269548762350E-012
   16.7160000694444      -4.268899552277339E-012 -3.466347822372567E-012
   16.8840003125000      -5.824051804464460E-012 -6.636496352858488E-013
   17.0520005555556      -5.976747097203064E-012 -1.046443036331511E-012
   17.2200007986111      -5.076108682929741E-012 -1.341353564401914E-012
   17.3879994305556      -4.292994462389437E-012  6.076690599410872E-013
   17.5559996736111      -4.369513702407668E-012  1.356437831818724E-012
   17.7239999166667      -4.910916366361981E-012 -3.907074582244201E-013
   17.8920001597222      -4.974764683421239E-012 -1.430968182878272E-012
   18.0600004097222      -4.502089392793449E-012 -1.458947416593182E-013
   18.2280006527778      -4.103921316077725E-012  1.096476088525448E-012
   18.3959992777778      -3.807519800581784E-012  1.506401870752794E-012
   18.5639995208333      -2.940373107164543E-012  2.168630177071356E-012
   18.7319997638889      -1.609485520268297E-012  2.269386278953487E-012
   18.9000000138889      -9.326718361293086E-013  1.545400397386428E-012
   19.0680002569444      -1.088542928790763E-012  1.307731913230090E-012
   19.2360005000000      -1.111548581522010E-012  1.563522794581650E-012
   19.4040007430556      -7.233234675048522E-013  1.553384442377849E-012
   19.5719993750000      -3.390213350646777E-013  1.321862123252395E-012
   19.7399996180556       1.193343024265670E-014  9.236616874656400E-013
   19.9079998611111       3.252976101413908E-013  4.930032508158419E-013
   20.0760001041667       3.255251528711496E-013  5.024841292736233E-013
   20.2440003472222       9.571791597198500E-014  8.336230251831460E-013
   20.4120005972222      -2.754095304967579E-014  6.855508803332698E-013
   20.5799992222222       3.400968727757808E-014  1.599219563814290E-013
   20.7479994652778       1.685858403419459E-013  3.648215599862688E-013
   20.9159997083333       3.154122432957171E-013  1.112612313935889E-012
   21.0839999583333       4.544937743155182E-013  9.914625044911044E-013
   21.2520002013889       6.304887509371582E-013  9.203599094799955E-014
   21.4200004444444       9.194858852077357E-013 -4.733794503617859E-014
   21.5880006875000       1.151068064497668E-012  1.669075737635818E-013
   21.7559993194444       1.094321863651672E-012 -1.043335001079039E-012
   21.9239995625000       9.631342374375121E-013 -2.466113621812468E-012
   22.0919998055556       9.576315485901150E-013 -1.814372948052198E-012
   22.2600000486111       7.040667737128660E-013  6.452873754473741E-014
   22.4280002916667       2.064662499143313E-013  2.243129774662633E-013
   22.5960005416667       3.224496773900542E-014 -1.313030072987304E-012
   22.7640007847222      -3.289306517659285E-014 -9.367782269447715E-013
   22.9319994097222      -4.853140191929390E-013  7.960426163112767E-013
   23.0999996527778      -1.016930410810449E-012  6.937902573330076E-013
   23.2679999027778      -1.174003317723237E-012 -2.613351717781906E-013
   23.4360001458333      -1.010563248968756E-012 -6.106450240741333E-013
   23.6040003888889      -1.044315489165150E-012 -6.154623263890489E-013
   23.7720006319444      -1.508971658556584E-012 -4.468705370830267E-013
   23.9399992569444      -1.775684837952377E-012 -1.404869068827307E-013
   24.1079995069444      -1.544886439825670E-012  3.245569126522546E-013
   24.2759997500000      -1.347604052442967E-012  6.693940291027437E-013
   24.4439999930556      -1.238282100999675E-012  6.240399092011567E-013
   24.6120002361111      -9.310584112009118E-013  3.719832070095952E-013
   24.7800004791667      -6.066463321515688E-013  3.022987915142032E-013
   24.9480007291667      -4.476913294483608E-013  4.219158472770113E-013
   25.1159993541667      -4.154250128534117E-013  3.890637326900704E-013
   25.2839995972222      -4.104862199295729E-013  3.204003158735312E-013
   25.4519998402778      -2.933106684268729E-013  3.734413825017840E-013
   25.6200000902778      -9.548622543509335E-014  2.945022932760685E-013
   25.7880003333333       7.441513362295023E-015  1.572466516577241E-013
   25.9560005763889       8.044543280073724E-015  2.321641279522278E-013
   26.1239992013889      -1.075833358149943E-014  5.003819835663291E-013
   26.2919994513889      -7.320457604119668E-014  7.381162562665708E-013
   26.4599996944444      -1.704617401524806E-013  4.286976251547822E-013
   26.6279999375000      -1.907369624652255E-013 -4.890402115084340E-013
   26.7960001805556      -1.035696531204968E-013 -1.183244096814282E-012
   26.9640004236111      -7.477762932324449E-014 -1.344741962598055E-012
   27.1320006736111      -2.252084303599885E-013 -1.802199679610562E-012
   27.3000009166667      -3.875572244378424E-013 -2.546815168838252E-012
   27.4680011597222      -4.278078742093240E-013 -2.443770877175047E-012
   27.6360014027778      -5.601393482982112E-013 -1.640259573189360E-012
   27.8039984166667      -9.661110249565896E-013 -9.291832318531545E-013
   27.9719986597222      -1.295342094262213E-012 -1.741182945943756E-013
   28.1399989027778      -1.140049018594754E-012  4.129870903225400E-013
   28.3079991458333      -8.158564954306658E-013  8.330083778030814E-014
   28.4759993958333      -9.609240223136056E-013 -3.290757787001137E-013
   28.6439996388889      -1.547339471490217E-012  2.495224409219426E-015
   28.8119998819444      -1.773617644982113E-012  7.840987329256440E-014
   28.9800001250000      -1.381649829759531E-012 -3.826465913162752E-013
   29.1480003680556      -1.125851784949498E-012 -1.896857661036737E-013
   29.3160006111111      -1.372710492294558E-012 -3.775577465805514E-014
   29.4840008611111      -1.671020781288334E-012 -1.282157687189448E-013
   29.6520011041667      -1.528860877497840E-012  1.546069995491759E-013
   29.8200013472222      -1.135537933544891E-012  2.598696063963706E-013
   29.9880015902778      -1.020839930025821E-012  1.916712380103280E-013
   30.1559986041667      -1.103273304891306E-012  1.673237130638174E-013
   30.3239988472222      -1.010076216131223E-012  1.355378730951272E-013
   30.4919990902778      -7.656175967288955E-013  1.931266345746611E-013
   30.6599993333333      -5.752509933005635E-013  2.934244192071016E-013
   30.8279995833333      -4.747168351231782E-013  3.171132559131967E-013
   30.9959998263889      -4.428132612443328E-013  3.042671575760567E-013
   31.1640000694444      -4.571580456664033E-013  1.595215231697411E-013
   31.3320003125000      -3.913503580376847E-013 -5.009618531788953E-014
   31.5000005555556      -2.595315858458576E-013 -2.825725412531987E-013
   31.6680008055556      -2.437867775700612E-013 -4.762857148672797E-013
   31.8360010486111      -2.743726250290124E-013 -6.990189233091772E-013
   32.0040012916667      -2.335208211160548E-013 -1.107614196048493E-012
   32.1720015347222      -3.615029025869820E-013 -1.129294032592088E-012
   32.3399985486111      -6.858344544824608E-013 -7.557090515664398E-013
   32.5079987916667      -7.272104259429649E-013 -7.880551130985235E-013
   32.6759990347222      -5.869139270799800E-013 -1.252390244276341E-012
   32.8439992777778      -8.521458350054053E-013 -1.816377563684081E-012
   33.0119995277778      -1.273755547355967E-012 -1.386043252945517E-012
   33.1799997708333      -1.317660219657297E-012 -1.077259081940172E-012
   33.3480000138889      -1.230960634747667E-012 -1.347074285870408E-012
   33.5160002569444      -1.384380836548256E-012 -1.834824045621236E-012
   33.6840005000000      -1.533246396177924E-012 -1.425209420975130E-012
   33.8520007500000      -1.389713578518786E-012 -9.337995893802048E-015
   34.0200009930556      -1.130014495369504E-012  2.322357007830013E-013
   34.1880012361111      -9.373128514949157E-013 -2.192425045313636E-013
   34.3560014791667      -8.363799686318576E-013 -1.662100319948129E-013
   34.5239984930556      -8.112508033258027E-013  8.257025455933433E-013
   34.6919987361111      -8.184207665480455E-013  5.107175778939356E-013
   34.8599989791667      -8.367340246253306E-013 -1.029087623224475E-013
   35.0279992222222      -8.769212736723996E-013  1.253158751628685E-013
   35.1959994652778      -1.131534795337757E-012  2.988504919842831E-013
   35.3639997152778      -1.184715322975067E-012  5.540974651081959E-013
   35.5319999583333      -1.457217729557161E-012  4.824322504218774E-013
   35.7000002013889      -1.380385685185626E-012  3.256789202125010E-013
   35.8680004444444      -1.292627719871321E-012  2.252407482617183E-013
   36.0360006875000      -9.487803957690969E-013  1.925305442572777E-013
   36.2040009375000      -1.032059882120380E-012  8.390776077016624E-014
   36.3720011805556      -8.867626305346985E-013  1.580064517027872E-013
   36.5400014236111      -4.776804484657543E-013 -3.487164637139747E-015
   36.7079984375000      -8.780802718501037E-013  3.648175717101796E-014
   36.8759986805556      -5.755593101999961E-013  1.768864129353812E-014
   37.0439989236111       9.016263951723181E-013  4.856501253709291E-013
   37.2119991666667       1.184384198282567E-013 -1.322236928573858E-012
   37.3799994097222      -2.413034535334219E-012 -3.459646777495168E-012
   37.5479996597222      -7.833618818843532E-011 -6.420862815173340E-011
   37.7159999027778       1.482251597193182E-009  1.060623650958956E-009
   37.8840001458333       2.074451871528524E-007  1.732313976078252E-007
   38.0520003888889      -6.146333274380638E-006 -1.273227897914741E-005
   38.2200006319444       1.003999243933789E-004  1.136454934451056E-004
   38.3880008819444       3.384322778020042E-004  4.797472432259490E-004
   38.5560011250000       1.110935382272128E-004  2.737251025207214E-004
   38.7240013680556      -3.382742220603551E-005 -4.766467788021887E-005
   38.8920016111111      -4.339360382718674E-006 -5.375380064122428E-006
   39.0599986250000      -4.724912187694020E-007 -1.883971918720654E-007
   39.2279988680556      -8.031313904802091E-009 -1.054851127187534E-008
   39.3959991111111       1.005020042632759E-008  5.172082978668767E-008
   39.5639993541667      -2.863375433546643E-009 -2.928954756088803E-008
   39.7319995972222      -3.731329809994367E-009  3.046320522115532E-009
   39.8999998472222      -7.668422972008163E-010  1.193111702194027E-008
   40.0680000902778       8.346134313656974E-009  8.264779367616795E-009
   40.2360003333333       5.349606865818083E-010  2.140141557646627E-009
   40.4040005763889      -1.136734557376529E-009 -9.708532859270746E-009
   40.5720008194444       1.175177689547378E-009  2.486615907232609E-009
   40.7400010694444       3.315997559811245E-010 -9.670054989472467E-009
   40.9080013125000       3.875275288147759E-010  1.090845422845666E-009
   41.0760015555556       7.681439690340251E-011 -1.570738894181694E-009
   41.2439985694444       5.792515935231789E-010  7.114329839968956E-009
   41.4119988125000       4.591471582773184E-010  8.917361041694074E-010
   41.5799990555556       4.898660917819023E-010 -1.494054478808647E-010
   41.7479992986111       2.470301218046039E-010  1.634358236848730E-009
   41.9159995416667       2.259107997439824E-010  1.684111347055107E-009
   42.0839997916667       6.220820849506625E-010  2.628360771972452E-009
   42.2520000347222       1.882006996470876E-011  1.013323593310547E-009
   42.4200002777778       1.424701081994804E-010  1.858724326830945E-010
   42.5880005208333       2.518282833790654E-010  1.641755336253879E-009
   42.7560007638889       3.957388560372006E-010  8.904475432148987E-011
   42.9240010138889       4.457645136070368E-010  2.054114227291511E-010
   43.0920012569444       5.445084865626724E-010  1.402073327428799E-010
   43.2600015000000       6.390679195907624E-010  1.233891010054623E-009
   43.4279985138889       5.713749114831549E-010  3.332337068940497E-011
   43.5959987569444       2.764958644455038E-010  1.307196386043008E-010
   43.7639990000000       1.563261589772465E-010  5.725384125532178E-010
   43.9319992430556       1.742799373143469E-010  5.468418967045869E-010
   44.0999994861111       1.986953540414549E-010  1.220639264413752E-009
   44.2679997361111       2.521712546410149E-010  1.682332980407681E-009
   44.4359999791667       1.864285726190073E-010  1.760728647203507E-009
   44.6040002222222       1.381672113673237E-010  1.230477444035203E-009
   44.7720004652778       1.503834882461511E-010  9.003887346042642E-010
   44.9400007083333       1.555077054399344E-010  7.613776908836776E-010
   45.1080009513889       2.097250696893328E-010  5.156722588746349E-010
   45.2760012013889       3.232369151278394E-010  1.138207535291096E-009
   45.4440014444444       3.290965359531938E-010  4.629748362147193E-010
   45.6119984513889       1.262340106949849E-010  2.914871076640362E-010
   45.7799987013889       1.307538071690593E-010  4.936882048648104E-010
   45.9479989444444       1.715601654221734E-010  3.014567131790336E-010
   46.1159991875000       1.504269946260444E-010  3.788275978371933E-010
   46.2839994305556       2.745869367686338E-010  1.095022542521220E-009
   46.4519996736111       2.686025934412600E-010  1.125241447995308E-009
   46.6199999236111       1.018012356523341E-010  6.626553867723821E-010
   46.7880001666667       7.370834238836759E-011  6.128403896368114E-010
   46.9560004097222       9.888336634411474E-011  6.465117719869260E-010
   47.1240006527778       1.149565467329089E-010  5.125028681886523E-010
   47.2920008958333       1.918215325152458E-010  9.426043609690012E-010
   47.4600011458333       1.958548961943573E-010  1.190357291686594E-009
   47.6280013888889       7.542875809767558E-011  7.159524558510273E-010
   47.7959983958333       6.312908343250884E-011  5.223241429744167E-010
   47.9639986458333       1.290037284633563E-010  3.836198362813152E-010
   48.1319988888889       1.440143430733548E-010  2.723055909722524E-010
   48.2999991319444       2.080970787532722E-010  4.530397365439834E-010
   48.4679993750000       2.478611910568416E-010  6.032437714069194E-010
   48.6359996180556       5.634836113563004E-011  2.816899889659659E-010
   48.8039998680556       3.084920237607959E-011  3.925792880378020E-010
   48.9720001111111       9.860502234299476E-011  3.745644764169755E-010
   49.1400003541667       5.305360498606075E-011  4.336003432722767E-010
   49.3080005972222       9.089396604994541E-011  6.174996215949758E-010
   49.4760008402778       1.729279295258079E-010  1.227717485964384E-009
   49.6440010902778       3.504333057220601E-011  5.285042440664282E-010
   49.8120013333333      -2.578989636721406E-012  5.858411690171954E-010
   49.9800015763889       4.975995546731757E-011  6.160145440226783E-010
   50.1479985833333       1.814320317217075E-011  3.397666492792916E-010
   50.3159988333333       9.303014296062340E-011  3.919911506002487E-010
   50.4839990763889       1.709073797274468E-010  6.862994291169845E-010
   50.6519993194444      -1.621264716155337E-012  2.688135699528382E-010
   50.8199995625000      -1.342585333437067E-011  2.600355002584217E-010
   50.9879998055556       4.724153772995955E-011  2.323084327354605E-010
   51.1560000555556       2.298032735305028E-011  2.574866870816244E-010
   51.3240002986111       5.792760763922044E-011  3.276345606373936E-010
   51.4920005416667       1.614599880707899E-010  5.998116560440613E-010
   51.6600007847222       5.788834859324649E-011  3.913684442264792E-010
   51.8280010277778      -8.375569001573240E-012  3.963523721877813E-010
   51.9960012777778       6.396746694637074E-011  5.705205924853970E-010
   52.1640015208333       4.827196911918716E-011  4.058169956673020E-010
   52.3319985277778       6.317642615318400E-011  4.350943158838707E-010
   52.4999987777778       1.587397525093574E-010  8.393324761436431E-010
   52.6679990208333       7.425260450733151E-011  5.915964924602701E-010
   52.8359992638889       2.382815444598274E-012  2.847721983038720E-010
   53.0039995069444       9.218291693949381E-011  3.562784665507020E-010
   53.1719997500000       7.263303975397646E-011  2.118152740348611E-010
   53.3400000000000       6.366069307236089E-011  2.053716473172123E-010
   53.5080002430556       1.499006705275586E-010  3.374691993901397E-010
   53.6760004861111       1.012129612445146E-010  2.266260415334972E-010
   53.8440007291667      -1.798675323912927E-011  1.713777083267160E-010
   54.0120009722222       6.539310782162629E-011  2.456916887698704E-010
   54.1800012222222       3.123904470260089E-011  1.908231617196132E-010
   54.3480014652778       2.525925865223339E-012  2.987545314884939E-010
   54.5160017083333       6.803644310056987E-011  5.371407283129037E-010
   54.6840019513889       5.218080525350679E-011  4.532876639446431E-010
   54.8520021944444      -2.888006348409720E-011  1.833616243294990E-010
   55.0200024444444      -1.662473133704628E-014  3.763832716273094E-010
   55.1880026875000       1.911198073278981E-011  3.332779984754472E-010
   55.3560029305556       4.136809330295632E-012  2.414845101521632E-010
   55.5240031736111       4.693800470336903E-011  3.729850929431188E-010
   55.6919969513889       6.942682460983728E-011  3.474819951047944E-010
   55.8599971944444      -1.011485737742820E-011  1.600239079369054E-010
   56.0279974375000       9.812371697869537E-012  2.890792264754409E-010
   56.1959976875000       5.267496334440088E-011  2.513422300621396E-010
   56.3639979305556       2.766544129836927E-011  1.657572884510148E-010
   56.5319981736111       4.077100668847504E-011  2.105231928992220E-010
   56.6999984166667       8.088053270514796E-011  3.053080835348698E-010
   56.8679986597222       3.943694214891549E-011  1.205741631850199E-010
   57.0359989097222      -1.049300893972222E-011  2.977700094283688E-010
   57.2039991527778       5.933536325245779E-011  4.754717967460747E-010
   57.3719993958333       1.029272166677213E-010  2.927992134450340E-010
   57.5399996388889       8.827189389187496E-011  2.079871534245452E-010
   57.7079998819444       4.792306422872608E-011  3.253612037439812E-010
   57.8760001319444       1.909348155414665E-011  2.404043330724666E-010
   58.0440003750000      -1.905466779533845E-011  1.357461772044174E-010
   58.2120006180556       2.600062061389687E-011  2.546764771437739E-010
   58.3800008611111       1.652479220907676E-010  2.447603692835436E-010
   58.5480011041667       2.580699131244241E-010  1.707134136508132E-010
   58.7160013541667       2.840853072392648E-010  1.519659703274902E-010
   58.8840015972222       1.688865242470215E-010  1.477600459325552E-010
   59.0520018402778       3.124075945547277E-010  4.065072804203605E-010
   59.2200020833333       8.878206124205345E-011  5.556685528648636E-010
   59.3880023263889       5.166688589786071E-010  1.613887632235378E-009
   59.5560025763889       8.671881235263339E-010  2.305167342331085E-011
   59.7240028194444       2.867750693866009E-009  2.265664099615662E-009
   59.8920030625000       2.204430918345870E-007  2.245387209946204E-007
   60.0599968402778       8.085699361148399E-007  7.770359142516540E-007
