  -60.0599968402778      -1.810400815475307E-010 -7.964842364244076E-010
  -59.8920030625000      -4.199495355633060E-010 -2.475217062171952E-009
  -59.7240028194444      -1.021013433930343E-009 -4.761454124606219E-009
  -59.5560025763889      -9.963497735194161E-010 -4.265551646147754E-009
  -59.3880023263889      -8.931906175492985E-010 -3.991539567452607E-009
  -59.2200020833333      -8.071117708120532E-010 -3.584385087497126E-009
  -59.0520018402778      -7.786998991993046E-010 -3.059881365843333E-009
  -58.8840015972222      -6.864744243794562E-010 -2.741093612401331E-009
  -58.7160013541667      -6.100731380125270E-010 -2.415585975009533E-009
  -58.5480011041667      -6.063500103398407E-010 -2.135851287233415E-009
  -58.3800008611111      -5.261108017752785E-010 -1.885044982156733E-009
  -58.2120006180556      -4.188189593334013E-010 -1.630725283738191E-009
  -58.0440003750000      -3.771857792648922E-010 -1.404140745800989E-009
  -57.8760001319444      -3.330975017592071E-010 -1.241427735146035E-009
  -57.7079998819444      -2.700009532318167E-010 -1.064256435275359E-009
  -57.5399996388889      -2.307628383483251E-010 -8.914399064831234E-010
  -57.3719993958333      -2.067671614856446E-010 -7.611807316958969E-010
  -57.2039991527778      -1.577604052245927E-010 -6.140844112736503E-010
  -57.0359989097222      -9.569546857498300E-011 -4.408266214675163E-010
  -56.8679986597222      -6.417084461352759E-011 -3.184732804969065E-010
  -56.6999984166667      -4.503845181166662E-011 -2.298293479018035E-010
  -56.5319981736111      -2.575164712186893E-011 -1.365861626981419E-010
  -56.3639979305556      -2.560825938482852E-011 -9.170359824101082E-011
  -56.1959976875000      -2.868858473315634E-011 -6.811897668151538E-011
  -56.0279974375000      -1.764852865355781E-011 -3.469741358497543E-011
  -55.8599971944444      -3.765112785132845E-012 -1.107917943155451E-011
  -55.6919969513889      -2.373112828282254E-012 -1.391478753492757E-012
  -55.5240031736111      -8.177551248125954E-012 -1.671763738972126E-011
  -55.3560029305556       2.088254262753245E-011 -3.399739581207164E-011
  -55.1880026875000       1.171988864686745E-010  6.194696984471558E-011
  -55.0200024444444       1.321739728977302E-010  2.147287484172150E-010
  -54.8520021944444      -2.658401689175844E-010 -1.657395718596251E-010
  -54.6840019513889      -1.048068175984668E-009 -1.341462609530974E-009
  -54.5160017083333      -1.521764514694473E-009 -2.187846662864967E-009
  -54.3480014652778      -1.170476131636120E-009 -1.654492425485098E-009
  -54.1800012222222      -4.010028353934819E-010 -4.601687155206701E-010
  -54.0120009722222       9.260856931258101E-011  1.923777145467695E-010
  -53.8440007291667       1.681052218874431E-010  2.074303178303591E-010
  -53.6760004861111       8.450884846438958E-011  7.520169853083995E-011
  -53.5080002430556       2.377205056857978E-011  1.661138502140278E-011
  -53.3400000000000       4.294975858535236E-012  5.987169188233261E-012
  -53.1719997500000       6.979824449729354E-013  4.837092892210334E-012
  -53.0039995069444       2.628545454371582E-013  4.607821710494542E-012
  -52.8359992638889       2.183778256905595E-013  4.568909145362580E-012
  -52.6679990208333       2.184381593020054E-013  4.522460621917447E-012
  -52.4999987777778       2.217559727306101E-013  4.499749988401226E-012
  -52.3319985277778       2.245108988835449E-013  4.547416793818319E-012
  -52.1640015208333       2.300533572762554E-013  4.654459283372470E-012
  -51.9960012777778       2.349097910123101E-013  4.782710550321690E-012
  -51.8280010277778       2.370296601039287E-013  4.875032873762086E-012
  -51.6600007847222       2.378388427262210E-013  4.893996442126917E-012
  -51.4920005416667       2.372027358477149E-013  4.842806861913370E-012
  -51.3240002986111       2.351511872120461E-013  4.758444046560663E-012
  -51.1560000555556       2.336944526454121E-013  4.687000816748391E-012
  -50.9879998055556       2.336485900434668E-013  4.648701180178153E-012
  -50.8199995625000       2.309017742429406E-013  4.639633065137879E-012
  -50.6519993194444       2.244641305569652E-013  4.649029217173036E-012
  -50.4839990763889       2.207439077901974E-013  4.668334984772490E-012
  -50.3159988333333       2.232357621061214E-013  4.693875102046782E-012
  -50.1479985833333       2.290452857580946E-013  4.723270312719776E-012
  -49.9800015763889       2.349990048888050E-013  4.757475744587815E-012
  -49.8120013333333       2.400519397012373E-013  4.797643479385942E-012
  -49.6440010902778       2.443646298868506E-013  4.833998278150172E-012
  -49.4760008402778       2.487243765841546E-013  4.844525762592380E-012
  -49.3080005972222       2.528636822562200E-013  4.808408099005174E-012
  -49.1400003541667       2.553036632521700E-013  4.727301281374769E-012
  -48.9720001111111       2.562954317269104E-013  4.635317863624870E-012
  -48.8039998680556       2.572624162821076E-013  4.582427167870589E-012
  -48.6359996180556       2.581701376276997E-013  4.601367352072131E-012
  -48.4679993750000       2.591463646910986E-013  4.684888008191992E-012
  -48.2999991319444       2.615261149988567E-013  4.792741697664211E-012
  -48.1319988888889       2.652993844106931E-013  4.882495056686848E-012
  -47.9639986458333       2.685472923652377E-013  4.939632777590743E-012
  -47.7959983958333       2.701581030429848E-013  4.985215757639740E-012
  -47.6280013888889       2.714766322642595E-013  5.056854623973055E-012
  -47.4600011458333       2.743362519510783E-013  5.177010688816625E-012
  -47.2920008958333       2.779412624274119E-013  5.331526323393298E-012
  -47.1240006527778       2.797147330156488E-013  5.474097261490634E-012
  -46.9560004097222       2.795032051441994E-013  5.553429188191898E-012
  -46.7880001666667       2.796961450759915E-013  5.546481127505100E-012
  -46.6199999236111       2.808435129260029E-013  5.475652473026615E-012
  -46.4519996736111       2.814151280936049E-013  5.393133713029681E-012
  -46.2839994305556       2.819938243810764E-013  5.343416676394569E-012
  -46.1159991875000       2.851749351438291E-013  5.337718515703334E-012
  -45.9479989444444       2.907680111928157E-013  5.358508683640074E-012
  -45.7799987013889       2.946012025230824E-013  5.380621209543135E-012
  -45.6119984513889       2.936554819121443E-013  5.386180712026694E-012
  -45.4440014444444       2.907462738015885E-013  5.366197791755072E-012
  -45.2760012013889       2.916680544636655E-013  5.317789938909780E-012
  -45.1080009513889       2.976555530063114E-013  5.245492034396985E-012
  -44.9400007083333       3.038841183942806E-013  5.165002097581255E-012
  -44.7720004652778       3.068198189503945E-013  5.102769593269885E-012
  -44.6040002222222       3.091333072672811E-013  5.087874869317487E-012
  -44.4359999791667       3.158668553082667E-013  5.144059438551511E-012
  -44.2679997361111       3.377586725856289E-013  5.328554229174600E-012
  -44.0999994861111       4.438725473736424E-013  6.015823680832468E-012
  -43.9319992430556       1.036936797583964E-012  9.192853413059444E-012
  -43.7639990000000       4.112031339131940E-012  2.319096926112996E-011
  -43.5959987569444       1.769604000369219E-011  7.603124480710476E-011
  -43.4279985138889       6.661606135657366E-011  2.401618018350864E-010
  -43.2600015000000       2.055120313420104E-010  6.420512698052793E-010
  -43.0920012569444       5.009190360760335E-010  1.354878515703377E-009
  -42.9240010138889       9.112660092827640E-010  2.038023604087183E-009
  -42.7560007638889       1.046764417279563E-009  1.464741114765633E-009
  -42.5880005208333       5.307612228853681E-011 -2.263953522340196E-009
  -42.4200002777778      -2.884045020716024E-009 -9.929587193887082E-009
  -42.2520000347222      -7.351101114331625E-009 -1.877031103830931E-008
  -42.0839997916667      -1.101385033705651E-008 -2.282382732726112E-008
  -41.9159995416667      -1.100496828667466E-008 -1.799118088429719E-008
  -41.7479992986111      -6.866177425403770E-009 -7.489871692587461E-009
  -41.5799990555556      -1.805470596058519E-009 -3.432649939034264E-010
  -41.4119988125000      -5.914911201475265E-011 -2.777629208211856E-009
  -41.2439985694444      -2.798077385848180E-009 -1.194742281341154E-008
  -41.0760015555556      -7.176661358509060E-009 -1.930860594490393E-008
  -40.9080013125000      -9.414296038001970E-009 -1.920566913599479E-008
  -40.7400010694444      -8.173422672203111E-009 -1.292252603721631E-008
  -40.5720008194444      -4.902568314756898E-009 -5.468071590771575E-009
  -40.4040005763889      -1.782640359545852E-009 -5.243441131090119E-010
  -40.2360003333333       3.976125348668390E-011  1.348373296725810E-009
  -40.0680000902778       6.402232421732226E-010  1.380858666940535E-009
  -39.8999998472222       5.939142622815963E-010  8.456953715076918E-010
  -39.7319995972222       3.720142509272880E-010  3.775745965581431E-010
  -39.5639993541667       1.843072562205921E-010  1.159456534064565E-010
  -39.3959991111111       6.995721168611001E-011  8.402661695548214E-012
  -39.2279988680556       9.110284920546216E-012 -1.929027740272344E-011
  -39.0599986250000      -2.144194582754934E-011 -1.628935676842205E-011
  -38.8920016111111      -3.501572540276514E-011 -8.842321511800447E-012
  -38.7240013680556      -3.757037739517241E-011 -9.459166756198421E-012
  -38.5560011250000      -3.203086013736591E-011 -2.157331081111465E-011
  -38.3880008819444      -2.086261932040949E-011 -4.144849398472626E-011
  -38.2200006319444      -7.200355388722547E-012 -6.095914374229325E-011
  -38.0520003888889       5.078235653725880E-012 -7.174254446754593E-011
  -37.8840001458333       1.234081893579802E-011 -6.867847868785604E-011
  -37.7159999027778       1.271792315106019E-011 -5.116911808260527E-011
  -37.5479996597222       6.929355332293223E-012 -2.271172170320007E-011
  -37.3799994097222      -2.327155536943415E-012  9.911821580151561E-012
  -37.2119991666667      -1.183571837390193E-011  3.756446218992331E-011
  -37.0439989236111      -1.899491895265199E-011  5.079635212366498E-011
  -36.8759986805556      -2.221022296115944E-011  4.346289934716720E-011
  -36.7079984375000      -2.103044252002457E-011  1.628764412547688E-011
  -36.5400014236111      -1.638372075986574E-011 -2.239422404951814E-011
  -36.3720011805556      -1.052485026561710E-011 -5.980446932931696E-011
  -36.2040009375000      -6.105691325836253E-012 -8.377211162674130E-011
  -36.0360006875000      -4.509856557904217E-012 -8.624699661526835E-011
  -35.8680004444444      -4.548687443141871E-012 -6.364278146198970E-011
  -35.7000002013889      -2.752217048214530E-012 -1.562999977387195E-011
  -35.5319999583333       4.583479125864220E-012  5.431047939066373E-011
  -35.3639997152778       1.887967257403606E-011  1.351886354537862E-010
  -35.1959994652778       3.800660072748427E-011  2.054160600392796E-010
  -35.0279992222222       5.699254147885061E-011  2.379919832649561E-010
  -34.8599989791667       7.009107712837527E-011  2.166599772988972E-010
  -34.6919987361111       7.300689653473106E-011  1.513169998948631E-010
  -34.5239984930556       6.431236161750482E-011  7.491075474731409E-011
  -34.3560014791667       4.565003397255232E-011  2.240807274385634E-011
  -34.1880012361111       2.095571727349140E-011  1.288883701248247E-011
  -34.0200009930556      -4.668189739476563E-012  4.786892890264683E-011
  -33.8520007500000      -2.604883809989171E-011  1.187359755868760E-010
  -33.6840005000000      -3.912708288276904E-011  2.100934618628440E-010
  -33.5160002569444      -4.213321653871201E-011  2.996935234917072E-010
  -33.3480000138889      -3.599145761115925E-011  3.705849476721344E-010
  -33.1799997708333      -2.352637325551248E-011  4.279277746539741E-010
  -33.0119995277778      -8.321744586059429E-012  4.937564155016482E-010
  -32.8439992777778       5.747778592192390E-012  5.797461837064776E-010
  -32.6759990347222       1.474906235249312E-011  6.735961925790572E-010
  -32.5079987916667       1.583686332813105E-011  7.655822978609625E-010
  -32.3399985486111       9.015885358825975E-012  8.746174316316399E-010
  -32.1720015347222      -2.283721265081785E-012  1.027038901787668E-009
  -32.0040012916667      -1.278922179428536E-011  1.210371838215680E-009
  -31.8360010486111      -1.792857871053472E-011  1.366324493438933E-009
  -31.6680008055556      -1.541589832704302E-011  1.443258733396979E-009
  -31.5000005555556      -5.356297068759915E-012  1.442265505470498E-009
  -31.3320003125000       1.015799621838179E-011  1.411370059717603E-009
  -31.1640000694444       2.721841514132632E-011  1.407457603072565E-009
  -30.9959998263889       4.063971811513343E-011  1.454893154347363E-009
  -30.8279995833333       4.578504820300850E-011  1.530992761850121E-009
  -30.6599993333333       4.107722461223652E-011  1.592157534149965E-009
  -30.4919990902778       2.914924352804286E-011  1.611487022471748E-009
  -30.3239988472222       1.543590594889558E-011  1.592079289833872E-009
  -30.1559986041667       5.403770543136850E-012  1.553797872738042E-009
  -29.9880015902778       2.599706852655770E-012  1.514644810955582E-009
  -29.8200013472222       8.240340690748919E-012  1.482316856711560E-009
  -29.6520011041667       2.136211690503956E-011  1.455891608716677E-009
  -29.4840008611111       3.871023349442002E-011  1.430793812359951E-009
  -29.3160006111111       5.491986409890901E-011  1.401994598344180E-009
  -29.1480003680556       6.405688271712053E-011  1.365798116129124E-009
  -28.9800001250000       6.237847155216937E-011  1.322628974569584E-009
  -28.8119998819444       5.050591422851678E-011  1.278793746646136E-009
  -28.6439996388889       3.316332288876098E-011  1.243284092918349E-009
  -28.4759993958333       1.667684486960256E-011  1.220853760591844E-009
  -28.3079991458333       6.329565376793864E-012  1.207090814704187E-009
  -28.1399989027778       5.152096015571732E-012  1.189980826213046E-009
  -27.9719986597222       1.372155431303116E-011  1.157883389180821E-009
  -27.8039984166667       2.986642461809257E-011  1.108386342767096E-009
  -27.6360014027778       4.843875419369392E-011  1.050162721838893E-009
  -27.4680011597222       6.237653758305898E-011  9.958061122046546E-010
  -27.3000009166667       6.552162981790262E-011  9.529367095088721E-010
  -27.1320006736111       5.584323159054565E-011  9.220089705558282E-010
  -26.9640004236111       3.678666407895570E-011  9.005429462653028E-010
  -26.7960001805556       1.556992421160826E-011  8.863505008156657E-010
  -26.6279999375000      -3.980434572398812E-013  8.755621781769029E-010
  -26.4599996944444      -6.426524022299489E-012  8.596653104682305E-010
  -26.2919994513889      -1.281936875640496E-012  8.280499006010846E-010
  -26.1239992013889       1.341312576245274E-011  7.759385918046269E-010
  -25.9560005763889       3.346368357364998E-011  7.102381093459577E-010
  -25.7880003333333       5.212619565707350E-011  6.468493259863288E-010
  -25.6200000902778       6.168061961388240E-011  6.015093331247279E-010
  -25.4519998402778       5.711629442323345E-011  5.822018924048586E-010
  -25.2839995972222       3.939178634153955E-011  5.878023296278886E-010
  -25.1159993541667       1.513122018186120E-011  6.102264643277354E-010
  -24.9480007291667      -7.142865917306067E-012  6.358028738852082E-010
  -24.7800004791667      -2.096415269870520E-011  6.467619337485050E-010
  -24.6120002361111      -2.334088085037383E-011  6.268202776736900E-010
  -24.4439999930556      -1.404264719948029E-011  5.702934485832471E-010
  -24.2759997500000       4.890613313601377E-012  4.878187193601843E-010
  -24.1079995069444       2.828624801764119E-011  4.026351685587020E-010
  -23.9399992569444       4.747179598684970E-011  3.392447833015492E-010
  -23.7720006319444       5.318005600179106E-011  3.124946073145143E-010
  -23.6040003888889       4.109005099047821E-011  3.235996160571020E-010
  -23.4360001458333       1.518533706409334E-011  3.627963745245513E-010
  -23.2679999027778      -1.465386707051220E-011  4.135449465037119E-010
  -23.0999996527778      -3.842012495368435E-011  4.553101635211265E-010
  -22.9319994097222      -4.980813079594762E-011  4.674436011781135E-010
  -22.7640007847222      -4.644025269712538E-011  4.370114220483435E-010
  -22.5960005416667      -2.920644316757631E-011  3.669863950124446E-010
  -22.4280002916667      -2.892564349995648E-012  2.771636791996138E-010
  -22.2600000486111       2.332725084736556E-011  1.952542802385759E-010
  -22.0919998055556       3.834312979654001E-011  1.441455683694799E-010
  -21.9239995625000       3.457583701455061E-011  1.336749752704900E-010
  -21.7559993194444       1.263708903888336E-011  1.601702255902150E-010
  -21.5880006875000      -1.893549024245452E-011  2.105790514075877E-010
  -21.4200004444444      -4.862367747440772E-011  2.661997712393645E-010
  -21.2520002013889      -6.716723728336548E-011  3.050970437254905E-010
  -21.0839999583333      -6.973107431162948E-011  3.070528081729041E-010
  -20.9159997083333      -5.582436616979575E-011  2.628997137188325E-010
  -20.7479994652778      -2.937324932076549E-011  1.823529883802137E-010
  -20.5799992222222       9.197493687377622E-013  9.188923819692629E-011
  -20.4120005972222       2.305968332262366E-011  2.214330868387391E-011
  -20.2440003472222       2.637611626220823E-011 -6.300558474973248E-012
  -20.0760001041667       7.289245509829935E-012  1.045417212610514E-011
  -19.9079998611111      -2.806568595465601E-011  6.198739875756285E-011
  -19.7399996180556      -6.687045997448484E-011  1.295039888945598E-010
  -19.5719993750000      -9.603744911827498E-011  1.901084257978914E-010
  -19.4040007430556      -1.071472953773046E-010  2.200667771436057E-010
  -19.2360005000000      -9.767319703004426E-011  2.016721909636942E-010
  -19.0680002569444      -7.041164173034670E-011  1.336675766323822E-010
  -18.9000000138889      -3.336077217649223E-011  3.644958169448691E-011
  -18.7319997638889       8.897581912552904E-013 -5.617094186585140E-011
  -18.5639995208333       1.875973355375034E-011 -1.144986334569899E-010
  -18.3959992777778       1.204160045201168E-011 -1.260075729492801E-010
  -18.2280006527778      -1.715148278317464E-011 -9.505434991038134E-011
  -18.0600004097222      -5.721421544233250E-011 -3.412907170620239E-011
  -17.8920001597222      -9.342958399214357E-011  4.106852175123975E-011
  -17.7239999166667      -1.148765847306318E-010  1.084031843740900E-010
  -17.5559996736111      -1.170795073303054E-010  1.384838764748047E-010
  -17.3879994305556      -1.005450937319446E-010  1.077126889371306E-010
  -17.2200007986111      -6.921973182490706E-011  1.797056876329739E-011
  -17.0520005555556      -3.129413910872943E-011 -9.807089907026625E-011
  -16.8840003125000       2.337984668858202E-013 -1.944139574653484E-010
  -16.7160000694444       1.150855482692099E-011 -2.370830072848987E-010
  -16.5479998263889      -4.445816556576866E-012 -2.174228991091749E-010
  -16.3799995763889      -4.273639884466045E-011 -1.486680628737325E-010
  -16.2119993333333      -8.920241232651653E-011 -5.601368435579039E-011
  -16.0440007083333      -1.278860208308120E-010  2.982633823383434E-011
  -15.8760004652778      -1.470116684131350E-010  7.680618675660688E-011
  -15.7080002152778      -1.409790760023275E-010  6.086758848527965E-011
  -15.5399999722222      -1.107659781786885E-010 -2.026112462647086E-011
  -15.3719997291667      -6.501947236703692E-011 -1.408742622540829E-010
  -15.2039994861111      -2.017748441469925E-011 -2.579072488911576E-010
  -15.0359992430556       4.291082560024682E-012 -3.318637874745549E-010
  -14.8680006111111      -4.271977698616874E-012 -3.425716106458087E-010
  -14.7000003680556      -4.358278435332926E-011 -2.916298314431655E-010
  -14.5320001250000      -9.763941844149487E-011 -1.965058691018126E-010
  -14.3639998819444      -1.462311143056126E-010 -8.575064107173384E-011
  -14.1959996319444      -1.739883769381915E-010  3.163034804529619E-012
  -14.0279993888889      -1.734619579444656E-010  3.203436973798586E-011
  -13.8600007638889      -1.447428117360769E-010 -1.935243316745669E-011
  -13.6920005208333      -9.574627873891331E-011 -1.367879172861691E-010
  -13.5240002708333      -4.263222009172328E-011 -2.755368053925512E-010
  -13.3560000277778      -6.491273123677024E-012 -3.841044772853508E-010
  -13.1879997847222      -4.570549659691407E-012 -4.285504389321328E-010
  -13.0200003472222      -4.034831850510063E-011 -4.013516032930920E-010
  -12.8520001041667      -1.004163872971973E-010 -3.158805393665680E-010
  -12.6839998611111      -1.615554429046325E-010 -1.983045552697196E-010
  -12.5159996180556      -2.023189060390583E-010 -8.441705607219896E-011
  -12.3480001805556      -2.106107959238699E-010 -1.609901231407796E-011
  -12.1799999375000      -1.848546485033081E-010 -2.746333362182714E-011
  -12.0119996944444      -1.325809073596750E-010 -1.236811503699971E-010
  -11.8440002569444      -6.954480726491254E-011 -2.713374048909890E-010
  -11.6760000138889      -1.759386109074792E-011 -4.138427882860539E-010
  -11.5079997638889       2.194346828310767E-012 -5.012785120080578E-010
  -11.3400003333333      -2.021480422189220E-011 -5.108097441239691E-010
  -11.1720000833333      -7.742958878864956E-011 -4.467976641257096E-010
  -11.0039998402778      -1.480880302307322E-010 -3.306908431959452E-010
  -10.8359995972222      -2.075755499521097E-010 -1.954575419318102E-010
  -10.6680001597222      -2.376110704776059E-010 -8.522524437351981E-011
  -10.4999999166667      -2.297478787943193E-010 -4.677473976882341E-011
  -10.3319996736111      -1.853476788846937E-010 -1.069904278846220E-010
  -10.1640002361111      -1.164989477202450E-010 -2.531029955980665E-010
  -9.99599999305556      -4.651817531629541E-011 -4.363503945682130E-010
  -9.82799975000000      -3.626169356535149E-012 -5.967256104477120E-010
  -9.66000031250000      -6.870761864885932E-012 -6.879366525776912E-010
  -9.49200006944444      -5.494052647733368E-011 -6.869658105618605E-010
  -9.32399981944444      -1.286843653256971E-010 -5.926250056688144E-010
  -9.15600038888889      -2.033657155027584E-010 -4.271520791415761E-010
  -8.98800013888889      -2.578299955201538E-010 -2.410845421535830E-010
  -8.81999989583333      -2.766917696991645E-010 -1.056873015399889E-010
  -8.65199965277778      -2.518075208768993E-010 -8.262887239896816E-011
  -8.48400021527778      -1.868069982659265E-010 -1.859854566193039E-010
  -8.31599997222222      -1.012436096487273E-010 -3.695199261445002E-010
  -8.14799972916667      -2.809656095470451E-011 -5.534551647199621E-010
  -7.98000029166667      -8.316839510793572E-013 -6.685446863413894E-010
  -7.81200004861111      -3.465621266538519E-011 -6.841317396172846E-010
  -7.64399980555556      -1.157760437061692E-010 -6.070080868044347E-010
  -7.47600036805556      -2.092769580007309E-010 -4.652640232192003E-010
  -7.30800012500000      -2.793287971618146E-010 -2.994212923084838E-010
  -7.13999988194444      -3.044059580236700E-010 -1.631257941424953E-010
  -6.97199963194444      -2.794520442589891E-010 -1.142476390462867E-010
  -6.80400019791667      -2.122287323901787E-010 -1.860539201385767E-010
  -6.63599995347222      -1.222202922861182E-010 -3.582509674513582E-010
  -6.46800011388889      -4.019585903012140E-011 -5.606879773067462E-010
  -6.29999986944444      -5.370962315025379E-013 -7.151259185155060E-010
  -6.13200002916667      -2.451516897732531E-011 -7.766061114777679E-010
  -5.96400018888889      -1.054830386093404E-010 -7.387795727598684E-010
  -5.79599994444444      -2.105278092130067E-010 -6.177471274219876E-010
  -5.62800010416667      -2.988914164314286E-010 -4.449529421360211E-010
  -5.45999985972222      -3.414674459637845E-010 -2.714384350774962E-010
  -5.29200001944444      -3.280098665775634E-010 -1.644910919991195E-010
  -5.12400017916667      -2.637700736144831E-010 -1.791253572330000E-010
  -4.95599993472222      -1.655655041415177E-010 -3.195182350777246E-010
  -4.78800009444444      -6.174770252062714E-011 -5.309951540614976E-010
  -4.61999985000000       1.055614683931365E-011 -7.312002687300043E-010
  -4.45200000972222       1.942013394307935E-011 -8.514780129437443E-010
  -4.28400016944444      -4.207107658299055E-011 -8.610425915763851E-010
  -4.11599992500000      -1.484545042235601E-010 -7.646448023618611E-010
  -3.94800008541667      -2.560354829931164E-010 -5.896306524438376E-010
  -3.77999984097222      -3.259127695646436E-010 -3.836103929698451E-010
  -3.61200000069444      -3.373404086406627E-010 -2.154087467115074E-010
  -3.44400016041667      -2.874249504841787E-010 -1.559949918803654E-010
  -3.27599991597222      -1.871137562897553E-010 -2.382013578790102E-010
  -3.10800007569444      -6.192496370028777E-011 -4.285519144399009E-010
  -2.94000003333333       4.722802102486919E-011 -6.475296193615902E-010
  -2.77199999097222       9.602170334252060E-011 -8.186122999306495E-010
  -2.60399994861111       6.214938316215254E-011 -8.941619232343882E-010
  -2.43599990625000      -3.706955844063925E-011 -8.553370138237794E-010
  -2.26800006597222      -1.545355460064535E-010 -7.062487157159984E-010
  -2.10000002361111      -2.416219010658142E-010 -4.790195076855645E-010
  -1.93199998125000      -2.685342774110101E-010 -2.435997138356050E-010
  -1.76399993888889      -2.259861771328371E-010 -8.492730246743646E-011
  -1.59599999791667      -1.199484951946190E-010 -6.149075338214531E-011
  -1.42799995555556       2.776535952262591E-011 -1.777634003681212E-010
  -1.26000001458333       1.764648692380057E-010 -3.848518430691850E-010
  -1.09199997222222       2.762319171432952E-010 -6.072642770897655E-010
 -0.924000030555556       2.947548093041576E-010 -7.612970017286117E-010
 -0.755999988194444       2.391942270150280E-010 -7.687387040580008E-010
 -0.587999996527778       1.493183719262001E-010 -5.941546013565913E-010
 -0.420000004722222       7.261531785174689E-011 -2.793867213398863E-010
 -0.251999987708333       4.882025726648989E-011  7.244526558146778E-011
 -8.400000222222222E-002  1.061090016807103E-010  3.511800602446893E-010
  8.400000222222222E-002  2.550578959018402E-010  4.876455789805947E-010
  0.251999987708333       4.808275105693393E-010  4.774483869934555E-010
  0.420000004722222       7.431426914288173E-010  3.791146472929760E-010
  0.587999996527778       9.877780852249833E-010  2.749478460098922E-010
  0.755999988194444       1.170954195741307E-009  2.301776309299644E-010
  0.924000030555556       1.285204533538234E-009  3.045078102582063E-010
   1.09199997222222       1.368562880715901E-009  5.418677914298689E-010
   1.26000001458333       1.492949955850775E-009  9.428456696839714E-010
   1.42799995555556       1.728877746358319E-009  1.484118156718424E-009
   1.59599999791667       2.128297699196081E-009  2.126871430941839E-009
   1.76399993888889       2.717813810203253E-009  2.815766109737629E-009
   1.93199998125000       3.449390122215618E-009  3.547302120091458E-009
   2.10000002361111       4.307373437916458E-009  4.381496541215675E-009
   2.26800006597222       5.291467981604830E-009  5.450459929639264E-009
   2.43599990625000       6.584024590770788E-009  6.923388678797193E-009
   2.60399994861111       7.297556538911352E-009  8.689222415113590E-009
   2.77199999097222      -1.707024144485136E-008  1.157553010681911E-008
   2.94000003333333      -1.524694903381452E-007  1.427385506748038E-008
   3.10800007569444      -8.580624935308454E-007 -6.593533268799452E-008
   3.27599991597222      -6.136956245486058E-006 -1.034649277833273E-007
   3.44400016041667      -1.357365453375461E-005 -2.254302759788733E-006
   3.61200000069444      -3.077690694172489E-005 -1.134584156101636E-005
   3.77999984097222      -4.104270838301863E-005 -2.516350120343957E-005
   3.94800008541667      -4.606993657922877E-005 -6.922963259936384E-005
   4.11599992500000      -9.107827972651858E-005 -1.668644442886443E-004
   4.28400016944444      -2.268765189606960E-004 -4.256293795176582E-004
   4.45200000972222      -5.010388108513906E-004 -8.356087918619995E-004
   4.61999985000000      -1.005409102516120E-003 -1.282774281877477E-003
   4.78800009444444      -1.649405323240063E-003 -1.897378465052346E-003
   4.95599993472222      -2.287656458502846E-003 -2.974895090821560E-003
   5.12400017916667      -3.264155889767091E-003 -4.272527801795174E-003
   5.29200001944444      -4.697371610828838E-003 -5.664721449917311E-003
   5.45999985972222      -6.421292757511157E-003 -7.208845544405848E-003
   5.62800010416667      -8.454317533540492E-003 -9.210831903990272E-003
   5.79599994444444      -1.067202881019182E-002 -1.132366156892036E-002
   5.96400018888889      -1.303744770325847E-002 -1.381660785939911E-002
   6.13200002916667      -1.542128353928840E-002 -1.687952894724359E-002
   6.29999986944444      -1.829330746462294E-002 -1.996160750057096E-002
   6.46800011388889      -2.114366024013651E-002 -2.266098077574267E-002
   6.63599995347222      -2.389045684547584E-002 -2.516546497912430E-002
   6.80400019791667      -2.671403329251233E-002 -2.807387014420700E-002
   6.97199963194444      -2.957835490467839E-002 -3.080802052816830E-002
   7.13999988194444      -3.212258559856452E-002 -3.292202782141428E-002
   7.30800012500000      -3.461393413932644E-002 -3.497717499368673E-002
   7.47600036805556      -3.605066682722542E-002 -3.739871185434979E-002
   7.64399980555556      -3.729375102877541E-002 -3.892128326677032E-002
   7.81200004861111      -3.879787931455686E-002 -3.993119598931270E-002
   7.98000029166667      -3.979831445218558E-002 -4.112614250126660E-002
   8.14799972916667      -4.044184881818760E-002 -4.205569370433716E-002
   8.31599997222222      -4.058811498928565E-002 -4.244323681799689E-002
   8.48400021527778      -4.023626138876916E-002 -4.215337801024452E-002
   8.65199965277778      -4.010443228308264E-002 -4.218278966805349E-002
   8.81999989583333      -3.926628186980621E-002 -4.079387499012393E-002
   8.98800013888889      -3.866784105290384E-002 -3.894324016242114E-002
   9.15600038888889      -3.789020013662193E-002 -3.696184565310164E-002
   9.32399981944444      -3.612645646488129E-002 -3.546940733903842E-002
   9.49200006944444      -3.379028303944551E-002 -3.425438530676134E-002
   9.66000031250000      -3.114389518029866E-002 -3.203315388500270E-002
   9.82799975000000      -2.869985822592759E-002 -2.971693432460396E-002
   9.99599999305556      -2.661229483963319E-002 -2.773365559927501E-002
   10.1640002361111      -2.462429147379483E-002 -2.583152490204734E-002
   10.3319996736111      -2.240948642562586E-002 -2.364355134921955E-002
   10.4999999166667      -2.052848651055144E-002 -2.104657995992940E-002
   10.6680001597222      -1.838252417150733E-002 -1.850471442183363E-002
   10.8359995972222      -1.586803473685851E-002 -1.658272886144686E-002
   11.0039998402778      -1.387071361562750E-002 -1.475258686669257E-002
   11.1720000833333      -1.216972436172651E-002 -1.272360208568759E-002
   11.3400003333333      -1.049473765927966E-002 -1.084132766166760E-002
   11.5079997638889      -8.901224334602803E-003 -9.096295874912820E-003
   11.6760000138889      -7.263703845619136E-003 -7.499652818761568E-003
   11.8440002569444      -5.775494025373652E-003 -6.005681115979884E-003
   12.0119996944444      -4.562257530407107E-003 -4.767643027489059E-003
   12.1799999375000      -3.570532943171462E-003 -3.826743105040968E-003
   12.3480001805556      -2.773499554682543E-003 -2.872441403666305E-003
   12.5159996180556      -2.076886061032976E-003 -2.160421159343826E-003
   12.6839998611111      -1.609173109081823E-003 -1.661300411740247E-003
   12.8520001041667      -1.235421228736856E-003 -1.229408083777800E-003
   13.0200003472222      -9.084099836759719E-004 -8.992458918780344E-004
   13.1879997847222      -6.420317856099269E-004 -6.509522624915438E-004
   13.3560000277778      -4.151077460565883E-004 -4.122057630555342E-004
   13.5240002708333      -2.593487533892932E-004 -2.339253255599746E-004
   13.6920005208333      -1.661045789902382E-004 -1.382472128921303E-004
   13.8600007638889      -9.653458846355738E-005 -9.926452485044124E-005
   14.0279993888889      -5.116876890517403E-005 -6.871054750501905E-005
   14.1959996319444      -2.894284972580696E-005 -3.181512410458758E-005
   14.3639998819444      -1.246414542797059E-005 -1.475679844507353E-005
   14.5320001250000      -4.093334264802312E-006 -5.466370599767980E-006
   14.7000003680556      -1.131667303881012E-006 -4.887220822147428E-007
   14.8680006111111      -6.407161832172238E-008 -1.226763937010753E-008
   15.0359992430556      -4.922320220697406E-009 -2.563806683401042E-008
   15.2039994861111      -5.537983003503481E-009 -1.021113161417226E-008
   15.3719997291667      -6.175521749288884E-009 -7.542710721897508E-009
   15.5399999722222      -6.155933751717935E-009 -8.755180816350716E-009
   15.7080002152778      -6.943999246685082E-009 -9.997940808621635E-009
   15.8760004652778      -7.708649529504367E-009 -1.122677403309087E-008
   16.0440007083333      -8.449647169609030E-009 -1.239628071618909E-008
   16.2119993333333      -9.144179973962047E-009 -1.333907183284325E-008
   16.3799995763889      -9.779556889874442E-009 -1.389241523073163E-008
   16.5479998263889      -1.044093917013351E-008 -1.431488329214288E-008
   16.7160000694444      -1.099220842773198E-008 -1.482980211492308E-008
   16.8840003125000      -1.126800528416404E-008 -1.507325719143042E-008
   17.0520005555556      -1.131270962897900E-008 -1.485298664826964E-008
   17.2200007986111      -1.111340916360280E-008 -1.448808867805966E-008
   17.3879994305556      -1.066429158545562E-008 -1.405169182743402E-008
   17.5559996736111      -1.008984251457102E-008 -1.345126977906306E-008
   17.7239999166667      -9.481396397442882E-009 -1.275378191120217E-008
   17.8920001597222      -8.943906184987443E-009 -1.196227974394510E-008
   18.0600004097222      -8.462800267427952E-009 -1.114270955108196E-008
   18.2280006527778      -7.894487287446140E-009 -1.039455460319836E-008
   18.3959992777778      -7.438542908672992E-009 -9.585717326504552E-009
   18.5639995208333      -7.278768519536098E-009 -8.694419574223270E-009
   18.7319997638889      -7.134426423536041E-009 -7.874394075644854E-009
   18.9000000138889      -6.909234596755374E-009 -7.084925583371177E-009
   19.0680002569444      -6.725377223223815E-009 -6.271366686965458E-009
   19.2360005000000      -6.496053974692333E-009 -5.532231053061283E-009
   19.4040007430556      -6.186614870086875E-009 -4.945404581928621E-009
   19.5719993750000      -5.808285909272401E-009 -4.493499552851032E-009
   19.7399996180556      -5.368283758956083E-009 -4.144853761389359E-009
   19.9079998611111      -5.055306808502100E-009 -3.963861402781588E-009
   20.0760001041667      -4.951247592690489E-009 -4.005716246294822E-009
   20.2440003472222      -4.935420032060079E-009 -4.306061164370556E-009
   20.4120005972222      -5.033020401995408E-009 -4.892646494553152E-009
   20.5799992222222      -5.326885564306594E-009 -5.693505232649622E-009
   20.7479994652778      -5.729998671095343E-009 -6.718932205086696E-009
   20.9159997083333      -6.222782516293880E-009 -7.938708677242889E-009
   21.0839999583333      -6.894232645298582E-009 -9.175278619036684E-009
   21.2520002013889      -7.673406646675336E-009 -1.055173681460680E-008
   21.4200004444444      -8.454772155845367E-009 -1.227788124252012E-008
   21.5880006875000      -9.285632434766745E-009 -1.412034290375242E-008
   21.7559993194444      -1.025042295231712E-008 -1.577196189004539E-008
   21.9239995625000      -1.130499853645697E-008 -1.719440803779169E-008
   22.0919998055556      -1.225361209363146E-008 -1.831387965140020E-008
   22.2600000486111      -1.304246205214301E-008 -1.899746031305305E-008
   22.4280002916667      -1.374911661493677E-008 -1.945241585254727E-008
   22.5960005416667      -1.419735665912874E-008 -1.990785164223658E-008
   22.7640007847222      -1.423602540936450E-008 -2.000827925426151E-008
   22.9319994097222      -1.397049877040916E-008 -1.953814436684852E-008
   23.0999996527778      -1.337819926056009E-008 -1.891183162401577E-008
   23.2679999027778      -1.249594342317557E-008 -1.823196486564190E-008
   23.4360001458333      -1.164191075791006E-008 -1.728013655209295E-008
   23.6040003888889      -1.088605483486028E-008 -1.616820199807643E-008
   23.7720006319444      -1.014231190839465E-008 -1.503640423382491E-008
   23.9399992569444      -9.575986057383875E-009 -1.389235317830184E-008
   24.1079995069444      -9.320628443820467E-009 -1.275362947157079E-008
   24.2759997500000      -9.390258246178866E-009 -1.154355121370305E-008
   24.4439999930556      -9.551742537414679E-009 -1.019160094999990E-008
   24.6120002361111      -9.477496335845313E-009 -8.813163044166880E-009
   24.7800004791667      -9.247810870535554E-009 -7.637300381838501E-009
   24.9480007291667      -8.818297473611764E-009 -6.698354014796025E-009
   25.1159993541667      -8.050816239348806E-009 -5.820932443537127E-009
   25.2839995972222      -7.310672538043400E-009 -5.122898216845913E-009
   25.4519998402778      -6.789140068696090E-009 -4.797173891010715E-009
   25.6200000902778      -6.282161669973828E-009 -4.730009451551915E-009
   25.7880003333333      -5.864263469995056E-009 -4.984690523807282E-009
   25.9560005763889      -5.823427485386225E-009 -5.706232034701613E-009
   26.1239992013889      -6.044392109006748E-009 -6.786466280031915E-009
   26.2919994513889      -6.242228865736626E-009 -7.959976223815945E-009
   26.4599996944444      -6.653869563454592E-009 -8.904386185337051E-009
   26.6279999375000      -7.435804365843616E-009 -9.782410774677553E-009
   26.7960001805556      -8.311125488599675E-009 -1.115034239105405E-008
   26.9640004236111      -9.274701874043689E-009 -1.306939285813190E-008
   27.1320006736111      -1.036615267397194E-008 -1.518332770369945E-008
   27.3000009166667      -1.148786706762189E-008 -1.729184618215267E-008
   27.4680011597222      -1.272091940136658E-008 -1.930720159827354E-008
   27.6360014027778      -1.398201549141406E-008 -2.114284118717416E-008
   27.8039984166667      -1.516398658196228E-008 -2.268089429486418E-008
   27.9719986597222      -1.642931323973107E-008 -2.379477686701525E-008
   28.1399989027778      -1.751398514260343E-008 -2.459944696333214E-008
   28.3079991458333      -1.795487428449276E-008 -2.517630541201237E-008
   28.4759993958333      -1.804071072411807E-008 -2.537576573778655E-008
   28.6439996388889      -1.787907331498664E-008 -2.524661985162196E-008
   28.8119998819444      -1.702031363168455E-008 -2.484254050132544E-008
   28.9800001250000      -1.590076376552609E-008 -2.406373950617167E-008
   29.1480003680556      -1.501888700477807E-008 -2.302712699917615E-008
   29.3160006111111      -1.393444983897092E-008 -2.182842381933127E-008
   29.4840008611111      -1.287384878275389E-008 -2.040597091981951E-008
   29.6520011041667      -1.251668619495388E-008 -1.886804057898677E-008
   29.8200013472222      -1.258702761074832E-008 -1.735992256589817E-008
   29.9880015902778      -1.271353343311135E-008 -1.566750200224014E-008
   30.1559986041667      -1.306277988468288E-008 -1.363223751328233E-008
   30.3239988472222      -1.341270084379895E-008 -1.171827697163437E-008
   30.4919990902778      -1.313542006047657E-008 -1.024165152281935E-008
   30.6599993333333      -1.229374725321972E-008 -8.940650287100697E-009
   30.8279995833333      -1.133470025258012E-008 -7.790805126858322E-009
   30.9959998263889      -1.027433393548677E-008 -6.982762437240170E-009
   31.1640000694444      -9.265266718212227E-009 -6.508318732643608E-009
   31.3320003125000      -8.610549352651506E-009 -6.311777725131215E-009
   31.5000005555556      -8.240856917767424E-009 -6.402310834842454E-009
   31.6680008055556      -8.017570603875910E-009 -7.047207220286687E-009
   31.8360010486111      -7.960281106166393E-009 -8.393464554887598E-009
   32.0040012916667      -8.162786874416177E-009 -9.981683579429260E-009
   32.1720015347222      -8.675113525643333E-009 -1.141937248611108E-008
   32.3399985486111      -9.445326556116374E-009 -1.285461558634078E-008
   32.5079987916667      -1.036920149747643E-008 -1.453089358451592E-008
   32.6759990347222      -1.144635859276430E-008 -1.650792155420335E-008
   32.8439992777778      -1.278981330451794E-008 -1.878397676597901E-008
   33.0119995277778      -1.425528694054942E-008 -2.135287659939549E-008
   33.1799997708333      -1.568307257173939E-008 -2.400773294270530E-008
   33.3480000138889      -1.727096175709999E-008 -2.633341108838501E-008
   33.5160002569444      -1.902020370704099E-008 -2.820270505805220E-008
   33.6840005000000      -2.058361734121954E-008 -2.991637968533702E-008
   33.8520007500000      -2.172410558480038E-008 -3.148452033755214E-008
   34.0200009930556      -2.245572810420759E-008 -3.238740293162317E-008
   34.1880012361111      -2.272760600336190E-008 -3.261234653015850E-008
   34.3560014791667      -2.235404993347828E-008 -3.291042675480280E-008
   34.5239984930556      -2.145141555941873E-008 -3.305108801367767E-008
   34.6919987361111      -2.021349860953930E-008 -3.202599896916017E-008
   34.8599989791667      -1.874394279024167E-008 -3.074204348032526E-008
   35.0279992222222      -1.765624229857655E-008 -3.050120553631852E-008
   35.1959994652778      -1.750688381889922E-008 -3.007751659926931E-008
   35.3639997152778      -1.809567853464430E-008 -2.818868318504697E-008
   35.5319999583333      -1.883506609894324E-008 -2.540737093715229E-008
   35.7000002013889      -1.960504979273421E-008 -2.239642854210913E-008
   35.8680004444444      -2.025737194170981E-008 -1.950521036652076E-008
   36.0360006875000      -2.036325775915179E-008 -1.697900480735490E-008
   36.2040009375000      -1.959746956712953E-008 -1.476724463043747E-008
   36.3720011805556      -1.799868960911737E-008 -1.269735039820502E-008
   36.5400014236111      -1.599941739234652E-008 -1.071177156458220E-008
   36.7079984375000      -1.435545959108975E-008 -9.328711191183162E-009
   36.8759986805556      -1.301623140217354E-008 -8.755406105061214E-009
   37.0439989236111      -1.209006175290274E-008 -8.774418738999653E-009
   37.2119991666667      -1.023747018637809E-008 -9.095093961855163E-009
   37.3799994097222       3.014871803148115E-009 -7.162807436698801E-009
   37.5479996597222       7.737220890991385E-008  4.787702243739577E-008
   37.7159999027778       2.928212257442724E-006  2.193888754989188E-006
   37.8840001458333       7.936388351734244E-006  1.143342035753025E-005
   38.0520003888889      -2.040041953798068E-004 -7.560019330654825E-005
   38.2200006319444      -5.760491575768310E-004 -2.606053745821069E-004
   38.3880008819444       2.123108389013744E-004  2.595910364787082E-005
   38.5560011250000      -2.274522695846404E-004 -3.565461987526501E-004
   38.7240013680556       1.215201527344204E-004 -6.228334336585768E-005
   38.8920016111111       3.431325118114477E-005  3.372767870429471E-005
   39.0599986250000       7.522047476859033E-006  7.131351551185214E-006
   39.2279988680556      -1.666591850608980E-006 -2.725805275961282E-006
   39.3959991111111      -3.344261939313434E-006 -3.804013987537576E-006
   39.5639993541667      -3.335052061900145E-006 -4.041818973659421E-006
   39.7319995972222      -2.168898311703227E-006 -2.943215778479139E-006
   39.8999998472222      -2.023554718922470E-006 -3.125969059272029E-006
   40.0680000902778      -1.861912185242224E-006 -2.243082236470114E-006
   40.2360003333333      -2.196769691111126E-006 -2.564727049897611E-006
   40.4040005763889      -2.714023726219424E-006 -3.186466638782986E-006
   40.5720008194444      -2.344583076608330E-006 -3.153125557430572E-006
   40.7400010694444      -1.692587444451155E-006 -2.600486812278578E-006
   40.9080013125000      -1.395430844853646E-006 -2.088081879682957E-006
   41.0760015555556      -1.373300357813544E-006 -1.924141366161725E-006
   41.2439985694444      -1.687374338412513E-006 -2.039081969053370E-006
   41.4119988125000      -2.012083124618247E-006 -2.576028903171474E-006
   41.5799990555556      -1.817222972204054E-006 -2.540029983171544E-006
   41.7479992986111      -1.260794581521293E-006 -2.132796303772174E-006
   41.9159995416667      -1.074873204611108E-006 -1.692081156731279E-006
   42.0839997916667      -1.060984310508401E-006 -1.524209661408537E-006
   42.2520000347222      -1.275593998540564E-006 -1.740385353509087E-006
   42.4200002777778      -1.644242668122026E-006 -2.135221201365262E-006
   42.5880005208333      -1.408483380478097E-006 -2.212026356007479E-006
   42.7560007638889      -9.933945577880504E-007 -1.712758138936455E-006
   42.9240010138889      -8.380132763773690E-007 -1.433750192256242E-006
   43.0920012569444      -8.060245108627917E-007 -1.266737417547135E-006
   43.2600015000000      -1.012940940708512E-006 -1.473385940427222E-006
   43.4279985138889      -1.253119280560808E-006 -1.848927253727876E-006
   43.5959987569444      -1.162683641229493E-006 -1.878593778332053E-006
   43.7639990000000      -7.882895914146708E-007 -1.510948273917239E-006
   43.9319992430556      -6.846586998844029E-007 -1.209578970987598E-006
   44.0999994861111      -6.654528783808230E-007 -1.094113518167233E-006
   44.2679997361111      -8.021564694099792E-007 -1.256441405444519E-006
   44.4359999791667      -1.071673766304531E-006 -1.541385626793136E-006
   44.6040002222222      -9.477329162750138E-007 -1.636617098648601E-006
   44.7720004652778      -6.801448049267848E-007 -1.312610069948116E-006
   44.9400007083333      -5.858993596635715E-007 -1.064852438107977E-006
   45.1080009513889      -5.564237720017414E-007 -9.768469624380367E-007
   45.2760012013889      -6.682343524549498E-007 -1.086651817952531E-006
   45.4440014444444      -8.397478988921849E-007 -1.371933968249965E-006
   45.6119984513889      -8.018232036050275E-007 -1.400871279541679E-006
   45.7799987013889      -5.562869258608734E-007 -1.137706235232105E-006
   45.9479989444444      -4.868074012309021E-007 -9.162636481653366E-007
   46.1159991875000      -4.574805744145831E-007 -8.037223868169865E-007
   46.2839994305556      -5.264026991221672E-007 -9.064956802146266E-007
   46.4519996736111      -7.153807101767393E-007 -1.136355731872769E-006
   46.6199999236111      -6.575693297129907E-007 -1.190544141649452E-006
   46.7880001666667      -4.675737355906704E-007 -9.518691244717526E-007
   46.9560004097222      -4.038773218297126E-007 -7.635720633398786E-007
   47.1240006527778      -3.732300373191103E-007 -6.895606422693326E-007
   47.2920008958333      -4.227816932675148E-007 -7.494978008545537E-007
   47.4600011458333      -5.521110020506064E-007 -1.004366599464287E-006
   47.6280013888889      -5.581881811237803E-007 -1.047621993386614E-006
   47.7959983958333      -3.860011529780745E-007 -8.398923428276570E-007
   47.9639986458333      -3.357667122941244E-007 -6.786919474791257E-007
   48.1319988888889      -3.102835363837514E-007 -5.999896811612818E-007
   48.2999991319444      -3.386421224665591E-007 -6.620249463336204E-007
   48.4679993750000      -4.799128576513657E-007 -8.682315892193607E-007
   48.6359996180556      -4.752410931402649E-007 -9.374196357088566E-007
   48.8039998680556      -3.544717934353679E-007 -7.687604761343646E-007
   48.9720001111111      -3.086840548802559E-007 -6.260738147326391E-007
   49.1400003541667      -2.927599515172089E-007 -5.657331974037579E-007
   49.3080005972222      -3.139524169145355E-007 -5.964108298650102E-007
   49.4760008402778      -4.211176092047706E-007 -8.032030621173065E-007
   49.6440010902778      -4.632738300170423E-007 -8.714999248667263E-007
   49.8120013333333      -3.453325192128774E-007 -7.214777039318341E-007
   49.9800015763889      -3.073136073615452E-007 -6.190727297351180E-007
   50.1479985833333      -2.821009292009531E-007 -5.224129206621616E-007
   50.3159988333333      -2.839851111428073E-007 -5.637632599096638E-007
   50.4839990763889      -3.789724829017317E-007 -7.041147298767190E-007
   50.6519993194444      -3.988965094582299E-007 -7.639945165700490E-007
   50.8199995625000      -3.115837908608305E-007 -6.440180613471943E-007
   50.9879998055556      -2.712653451303011E-007 -5.278746373060232E-007
   51.1560000555556      -2.514657321002140E-007 -4.583237109037263E-007
   51.3240002986111      -2.429323152002106E-007 -4.544285592599855E-007
   51.4920005416667      -3.030762322962179E-007 -5.757264219529108E-007
   51.6600007847222      -3.558159078337175E-007 -6.636978369216626E-007
   51.8280010277778      -2.779788158292220E-007 -5.487027120830277E-007
   51.9960012777778      -2.386684559231855E-007 -4.598370915474648E-007
   52.1640015208333      -2.189845360409750E-007 -3.899526403853093E-007
   52.3319985277778      -2.032131866369213E-007 -3.884406844052515E-007
   52.4999987777778      -2.579458087794677E-007 -4.993320642765120E-007
   52.6679990208333      -2.902834026096051E-007 -5.579807966337638E-007
   52.8359992638889      -2.369411722480669E-007 -4.936043826229719E-007
   53.0039995069444      -2.000859709156193E-007 -4.024273135035686E-007
   53.1719997500000      -1.858182458542190E-007 -3.501620453109677E-007
   53.3400000000000      -1.729075318865770E-007 -3.331777077925192E-007
   53.5080002430556      -2.109898917040954E-007 -4.312509608822798E-007
   53.6760004861111      -2.682928907831367E-007 -5.189982415277495E-007
   53.8440007291667      -2.293604119570831E-007 -4.727202311403035E-007
   54.0120009722222      -2.014697793136139E-007 -3.903265283518098E-007
   54.1800012222222      -1.867315321572270E-007 -3.408630453141102E-007
   54.3480014652778      -1.752543791739067E-007 -3.294332811816674E-007
   54.5160017083333      -2.065935247072013E-007 -4.156907301268179E-007
   54.6840019513889      -2.445847003883751E-007 -4.918569820832590E-007
   54.8520021944444      -2.376409439520552E-007 -4.708449204624742E-007
   55.0200024444444      -1.953852182758993E-007 -4.040610497185861E-007
   55.1880026875000      -1.772723314981088E-007 -3.621243224200775E-007
   55.3560029305556      -1.625303501831465E-007 -3.287947232887925E-007
   55.5240031736111      -1.615480148304741E-007 -3.809757900702875E-007
   55.6919969513889      -2.022488096423621E-007 -4.488051310404957E-007
   55.8599971944444      -2.017353774018922E-007 -4.393363251716289E-007
   56.0279974375000      -1.524653138154245E-007 -3.684712438892719E-007
   56.1959976875000      -1.333067408783271E-007 -3.219994471291936E-007
   56.3639979305556      -1.210319300011485E-007 -2.719086301853051E-007
   56.5319981736111      -1.119889337926856E-007 -2.877812543215174E-007
   56.6999984166667      -1.344845461192961E-007 -3.504884903918824E-007
   56.8679986597222      -1.620978817999073E-007 -3.506332365100280E-007
   57.0359989097222      -1.243587599184893E-007 -2.998755858764858E-007
   57.2039991527778      -9.901645563182989E-008 -2.757034566668279E-007
   57.3719993958333      -9.633403309611547E-008 -2.344275194045029E-007
   57.5399996388889      -8.415064909977588E-008 -2.213536801074169E-007
   57.7079998819444      -8.114494365603084E-008 -2.652794256362169E-007
   57.8760001319444      -1.047680206779029E-007 -2.916818237424210E-007
   58.0440003750000      -9.645633127176583E-008 -2.653131407211186E-007
   58.2120006180556      -6.974657971012433E-008 -2.213266562690988E-007
   58.3800008611111      -6.609954809820540E-008 -1.970235950945894E-007
   58.5480011041667      -6.851706859502320E-008 -1.802965456408980E-007
   58.7160013541667      -5.489536974364846E-008 -1.642836001601492E-007
   58.8840015972222      -5.067942281604728E-008 -1.733903139937236E-007
   59.0520018402778      -4.103407946208747E-008 -1.760450327286429E-007
   59.2200020833333      -3.649857295750471E-008 -1.906872501218908E-007
   59.3880023263889      -5.723061524390390E-008 -2.056551570364463E-007
   59.5560025763889       3.811673315838285E-007 -2.473513904633860E-009
   59.7240028194444       9.084418314242779E-007  7.566661230684361E-007
   59.8920030625000       1.263598347845909E-005  1.053350054312345E-005
   60.0599968402778       6.412788411798839E-006  4.291087612527217E-006
