  -60.0599968402778       1.620932496359415E-016  2.219608800637513E-015
  -59.8920030625000      -2.939994514267336E-014 -4.288637021173020E-014
  -59.7240028194444      -2.293087384111449E-014  1.831846245337340E-015
  -59.5560025763889      -1.692643799049605E-014  4.003178089894659E-014
  -59.3880023263889      -9.723189387936604E-015 -6.104188425044075E-015
  -59.2200020833333      -8.922092030509789E-015 -7.725164189310205E-014
  -59.0520018402778      -1.017786251116824E-014 -7.813779052467318E-014
  -58.8840015972222      -9.450031715312288E-015 -4.585915401623029E-014
  -58.7160013541667      -4.306244937957355E-015 -1.630306271849938E-014
  -58.5480011041667       1.690100983313737E-015 -3.069352834028009E-014
  -58.3800008611111      -2.391346059412690E-015 -7.173009750558748E-014
  -58.2120006180556      -1.068054418618926E-014 -8.580215074326707E-014
  -58.0440003750000      -3.496580507211889E-015 -4.058700811144373E-014
  -57.8760001319444       4.230697983041898E-015 -1.105188999977968E-014
  -57.7079998819444       2.892786384272857E-015  1.306075250242723E-014
  -57.5399996388889       3.286754406924356E-015  4.068260580276281E-014
  -57.3719993958333       3.314112051085725E-015  3.270906670248480E-014
  -57.2039991527778      -3.894220316946863E-016 -8.041027807682135E-015
  -57.0359989097222      -5.699942871189434E-016 -1.578624389128258E-014
  -56.8679986597222       1.461536841124586E-016  4.519722320957717E-016
  -56.6999984166667      -3.246700776962452E-016  3.626380560198349E-015
  -56.5319981736111       3.685235856129745E-016  8.409829487089800E-015
  -56.3639979305556       8.123591715993633E-016  1.222540035628596E-014
  -56.1959976875000       1.934211783871778E-016  6.182385653747885E-015
  -56.0279974375000      -2.478134646176911E-016 -5.398793451440997E-016
  -55.8599971944444      -4.950898788870664E-016 -3.113733341116846E-015
  -55.6919969513889      -5.461487784743481E-016 -3.202123510459869E-015
  -55.5240031736111      -2.031544014029073E-016 -2.103929818088410E-015
  -55.3560029305556      -4.453905312599125E-016 -1.954676625812144E-015
  -55.1880026875000      -9.186864513731313E-016 -2.968522460667386E-015
  -55.0200024444444       7.274838318922084E-016  3.597017842396618E-015
  -54.8520021944444       4.259291028400050E-015  1.951113422761551E-014
  -54.6840019513889       6.499864652590038E-015  3.179430283324351E-014
  -54.5160017083333       6.514701682912452E-015  3.559332364320987E-014
  -54.3480014652778       5.753478723863939E-015  3.439651146201687E-014
  -54.1800012222222       4.663158982566884E-015  2.797671209518924E-014
  -54.0120009722222       3.122224188444413E-015  1.763622633994041E-014
  -53.8440007291667       1.634942964438881E-015  8.230221976301965E-015
  -53.6760004861111       6.642806719590206E-016  2.789877924544777E-015
  -53.5080002430556       2.037365007448463E-016  7.990581100755313E-016
  -53.3400000000000       4.270767252192234E-017  3.972856496860906E-016
  -53.1719997500000       2.601827805529252E-018  3.620674832589486E-016
  -53.0039995069444      -5.269063765024774E-018  3.167904985724699E-016
  -52.8359992638889      -7.538416606271530E-018  2.392510539282897E-016
  -52.6679990208333      -7.710447447453107E-018  1.679177409021155E-016
  -52.4999987777778      -6.247603587014732E-018  9.293110459638750E-017
  -52.3319985277778      -5.371525924822291E-018 -2.363551111842382E-017
  -52.1640015208333      -6.718175940455405E-018 -1.618715424488333E-016
  -51.9960012777778      -8.935246105070391E-018 -2.653551050018984E-016
  -51.8280010277778      -9.578071051960136E-018 -3.279454897290106E-016
  -51.6600007847222      -8.103204820921155E-018 -3.759135556272475E-016
  -51.4920005416667      -5.589216397116988E-018 -4.029999005754574E-016
  -51.3240002986111      -2.911486774789726E-018 -3.846961255380183E-016
  -51.1560000555556      -5.845716831381050E-019 -3.251313830138435E-016
  -50.9879998055556       6.244357945430238E-019 -2.564622342983703E-016
  -50.8199995625000       2.919081008249265E-019 -2.063909356174313E-016
  -50.6519993194444      -8.360659638846439E-019 -1.799044806043697E-016
  -50.4839990763889      -1.531223057776922E-018 -1.628710037163411E-016
  -50.3159988333333      -1.420105960108118E-018 -1.340080264804573E-016
  -50.1479985833333      -1.117680718113385E-018 -8.071785839569494E-017
  -49.9800015763889      -1.292074196553292E-018 -9.814100382433064E-018
  -49.8120013333333      -2.041752770884716E-018  5.801745126193675E-017
  -49.6440010902778      -3.159077381744177E-018  9.958569603060963E-017
  -49.4760008402778      -4.740145724705986E-018  9.370108913414915E-017
  -49.3080005972222      -7.193155072403492E-018  2.621363561314978E-017
  -49.1400003541667      -1.047200197424343E-017 -1.005861623231073E-016
  -48.9720001111111      -1.367612210525682E-017 -2.632748691852050E-016
  -48.8039998680556      -1.581541812572941E-017 -4.222103249098757E-016
  -48.6359996180556      -1.675568209568387E-017 -5.380478338686676E-016
  -48.4679993750000      -1.708231768754153E-017 -5.931968070245828E-016
  -48.2999991319444      -1.722090726599226E-017 -5.971011764749443E-016
  -48.1319988888889      -1.700799107306311E-017 -5.708526912435726E-016
  -47.9639986458333      -1.606945210713661E-017 -5.319672003823224E-016
  -47.7959983958333      -1.438375465510163E-017 -4.899348712755645E-016
  -47.6280013888889      -1.239498514914576E-017 -4.456420902046634E-016
  -47.4600011458333      -1.063238045700994E-017 -3.933662840088637E-016
  -47.2920008958333      -9.287135081338487E-018 -3.301616564929982E-016
  -47.1240006527778      -8.221105468806164E-018 -2.666665522799177E-016
  -46.9560004097222      -7.385444532318493E-018 -2.240592801879890E-016
  -46.7880001666667      -7.103936492315881E-018 -2.152407875914432E-016
  -46.6199999236111      -7.835038986836515E-018 -2.296036875354356E-016
  -46.4519996736111      -9.685536775314415E-018 -2.385678204473570E-016
  -46.2839994305556      -1.218664722956664E-017 -2.187945948811091E-016
  -46.1159991875000      -1.450175707144164E-017 -1.755120498043985E-016
  -45.9479989444444      -1.595523393182730E-017 -1.452939633935654E-016
  -45.7799987013889      -1.664231952138437E-017 -1.717576024826221E-016
  -45.6119984513889      -1.759940527825129E-017 -2.744065216705340E-016
  -45.4440014444444      -2.004532388584279E-017 -4.379949728217213E-016
  -45.2760012013889      -2.410823943511203E-017 -6.253636608512584E-016
  -45.1080009513889      -2.836611615391071E-017 -7.954280551808989E-016
  -44.9400007083333      -3.094306969077686E-017 -9.163482440812748E-016
  -44.7720004652778      -3.111798645368279E-017 -9.751761204344404E-016
  -44.6040002222222      -2.968398358895511E-017 -9.777626300763707E-016
  -44.4359999791667      -2.778199150876582E-017 -9.372706921745696E-016
  -44.2679997361111      -2.572460692904578E-017 -8.683839975620675E-016
  -44.0999994861111      -2.329767107471364E-017 -7.921123181260188E-016
  -43.9319992430556      -2.230203433239809E-017 -7.278128646695731E-016
  -43.7639990000000      -3.293981348459967E-017 -6.563827595277182E-016
  -43.5959987569444      -8.569873579408954E-017 -4.526083460759824E-016
  -43.4279985138889      -2.422865662654311E-016  2.516131418721710E-016
  -43.2600015000000      -5.812325416440539E-016  2.321403275672991E-015
  -43.0920012569444      -1.127334321346657E-015  7.284502008634241E-015
  -42.9240010138889      -1.741630636367480E-015  1.663271046230616E-014
  -42.7560007638889      -2.089992883527705E-015  2.948448887652180E-014
  -42.5880005208333      -1.832424384810007E-015  3.985389349303983E-014
  -42.4200002777778      -9.499952227103461E-016  3.767450645676260E-014
  -42.2520000347222       1.963703317330414E-016  1.643488939519711E-014
  -42.0839997916667       1.321243581256402E-015 -1.732657015166626E-014
  -41.9159995416667       2.617930155809132E-015 -4.336638368334644E-014
  -41.7479992986111       4.274387617788820E-015 -4.072007501335115E-014
  -41.5799990555556       5.739614318291036E-015 -5.052154203363752E-015
  -41.4119988125000       6.544566794847364E-015  4.534090970194673E-014
  -41.2439985694444       8.024176054664303E-015  8.202944226316448E-014
  -41.0760015555556       1.257656549286467E-014  8.842076019255205E-014
  -40.9080013125000       2.055848769217419E-014  7.115729872056543E-014
  -40.7400010694444       2.948131369413847E-014  4.977629469855404E-014
  -40.5720008194444       3.668547059441373E-014  3.794606946222154E-014
  -40.4040005763889       4.122671473075561E-014  3.693794648243385E-014
  -40.2360003333333       4.297510292201305E-014  4.278010452514266E-014
  -40.0680000902778       4.152668970045823E-014  5.410479389596896E-014
  -39.8999998472222       3.667932350307357E-014  7.316365890160213E-014
  -39.7319995972222       2.926175266272089E-014  1.019255364777822E-013
  -39.5639993541667       2.102298291018115E-014  1.378266392464229E-013
  -39.3959991111111       1.383070335340787E-014  1.724116109056052E-013
  -39.2279988680556       8.971293205503945E-015  1.940756898990261E-013
  -39.0599986250000       6.885949719411646E-015  1.939360024588105E-013
  -38.8920016111111       7.236708309137394E-015  1.717498143829214E-013
  -38.7240013680556       9.117514342532246E-015  1.380165429422245E-013
  -38.5560011250000       1.132588456711240E-014  1.104039939040429E-013
  -38.3880008819444       1.269239789590376E-014  1.064884125090160E-013
  -38.2200006319444       1.246137893324391E-014  1.371068043008556E-013
  -38.0520003888889       1.064561524501549E-014  2.033147604640558E-013
  -37.8840001458333       8.197653199140731E-015  2.966673045068549E-013
  -37.7159999027778       6.826144232912396E-015  4.006117217795128E-013
  -37.5479996597222       8.398827634516452E-015  4.919626555494435E-013
  -37.3799994097222       1.409155204813410E-014  5.446137459686063E-013
  -37.2119991666667       2.363608339230025E-014  5.390831443347471E-013
  -37.0439989236111       3.504935623469121E-014  4.772120653218307E-013
  -36.8759986805556       4.507135884610186E-014  3.926355812939921E-013
  -36.7079984375000       5.028027899600745E-014  3.439355499154812E-013
  -36.5400014236111       4.855484783653611E-014  3.872543830555182E-013
  -36.3720011805556       4.026368242850877E-014  5.425089242567103E-013
  -36.2040009375000       2.846141886718407E-014  7.748592815445747E-013
  -36.0360006875000       1.772083826044458E-014  1.003598473545521E-012
  -35.8680004444444       1.200563733798256E-014  1.135122535292084E-012
  -35.7000002013889       1.269864662395717E-014  1.106386115782760E-012
  -35.5319999583333       1.794943466701537E-014  9.192720518553986E-013
  -35.3639997152778       2.376343805361530E-014  6.438799719963423E-013
  -35.1959994652778       2.620845456976320E-014  3.800192076595938E-013
  -35.0279992222222       2.346355828792255E-014  1.955092049795765E-013
  -34.8599989791667       1.656348170864051E-014  8.594146251360589E-014
  -34.6919987361111       8.477774273162842E-015 -8.232171085423011E-015
  -34.5239984930556       2.156099684658491E-015 -1.390690258444502E-013
  -34.3560014791667      -1.191842757279559E-015 -3.015797079083895E-013
  -34.1880012361111      -2.471206303527098E-015 -4.419232632830652E-013
  -34.0200009930556      -3.570954137032698E-015 -4.996119941191283E-013
  -33.8520007500000      -5.701715403117596E-015 -4.495356729892446E-013
  -33.6840005000000      -8.577283048130758E-015 -3.314845945347777E-013
  -33.5160002569444      -1.098734682724858E-014 -2.019157040889167E-013
  -33.3480000138889      -1.196822087556185E-014 -7.183359712972600E-014
  -33.1799997708333      -1.139795142950481E-014  3.518257237531681E-014
  -33.0119995277778      -9.772519860268493E-015  5.158873717688647E-014
  -32.8439992777778      -7.775720606250307E-015 -8.039049751395925E-014
  -32.6759990347222      -6.037530822915327E-015 -3.005312081360904E-013
  -32.5079987916667      -4.975151528704945E-015 -4.411356945440954E-013
  -32.3399985486111      -4.708774568702721E-015 -5.003926052461334E-013
  -32.1720015347222      -5.223539432704325E-015 -6.219423744556380E-013
  -32.0040012916667      -6.599592139472526E-015 -7.211505517681649E-013
  -31.8360010486111      -8.866051605292875E-015 -5.710365330684882E-013
  -31.6680008055556      -1.154359426650016E-014 -2.712214237638479E-013
  -31.5000005555556      -1.358099610091811E-014 -1.193620222319280E-013
  -31.3320003125000      -1.407924757312837E-014 -1.312910743766713E-013
  -31.1640000694444      -1.316540229392828E-014 -1.713218800777870E-013
  -30.9959998263889      -1.197166880456806E-014 -2.053763544093069E-013
  -30.8279995833333      -1.155109994479203E-014 -2.147198509077605E-013
  -30.6599993333333      -1.183814389418071E-014 -2.764983195768027E-013
  -30.4919990902778      -1.193649349600139E-014 -6.220862611646134E-013
  -30.3239988472222      -1.158236416970987E-014 -1.257792562366518E-012
  -30.1559986041667      -1.202479778823981E-014 -1.862320034074357E-012
  -29.9880015902778      -1.495258611920891E-014 -2.190191693042249E-012
  -29.8200013472222      -2.046164848910474E-014 -2.257570854081068E-012
  -29.6520011041667      -2.650523377243171E-014 -2.225945584680813E-012
  -29.4840008611111      -3.066722630274170E-014 -2.262755057211545E-012
  -29.3160006111111      -3.230957781165157E-014 -2.387125211763476E-012
  -29.1480003680556      -3.276184832017458E-014 -2.474928957341123E-012
  -28.9800001250000      -3.369018776660748E-014 -2.390702659392411E-012
  -28.8119998819444      -3.582150192406162E-014 -2.088913399739047E-012
  -28.6439996388889      -3.927390294565037E-014 -1.695200664838865E-012
  -28.4759993958333      -4.440709731148682E-014 -1.429177647614535E-012
  -28.3079991458333      -5.163129594238099E-014 -1.363848635455132E-012
  -28.1399989027778      -6.038095614271194E-014 -1.363689639612482E-012
  -27.9719986597222      -6.874350654657448E-014 -1.312180750295984E-012
  -27.8039984166667      -7.439232068371962E-014 -1.283484676702195E-012
  -27.6360014027778      -7.596135481270199E-014 -1.384506155902225E-012
  -27.4680011597222      -7.372649471564505E-014 -1.553310172957823E-012
  -27.3000009166667      -6.929520606454362E-014 -1.637951292789121E-012
  -27.1320006736111      -6.470817394561560E-014 -1.553138249954481E-012
  -26.9640004236111      -6.145014348904836E-014 -1.305697902716888E-012
  -26.7960001805556      -5.976796582703546E-014 -9.781649024236828E-013
  -26.6279999375000      -5.867831733782043E-014 -6.908150342473898E-013
  -26.4599996944444      -5.681542188041808E-014 -5.024950803078401E-013
  -26.2919994513889      -5.360549260656875E-014 -3.630221321533941E-013
  -26.1239992013889      -4.975841178318603E-014 -1.964836205937065E-013
  -25.9560005763889      -4.658268390661319E-014  9.850839913466597E-017
  -25.7880003333333      -4.486192546286966E-014  1.637015246964051E-013
  -25.6200000902778      -4.453556611702552E-014  2.386017922228540E-013
  -25.4519998402778      -4.544651410662786E-014  2.168795101293432E-013
  -25.2839995972222      -4.807856018671165E-014  1.278167455558356E-013
  -25.1159993541667      -5.318185534728534E-014  1.349509892628067E-014
  -24.9480007291667      -6.055875606385287E-014 -9.377307816597695E-014
  -24.7800004791667      -6.842734689519348E-014 -1.873292558666500E-013
  -24.6120002361111      -7.431266323135086E-014 -2.810980627175895E-013
  -24.4439999930556      -7.677750533928445E-014 -3.934869212810886E-013
  -24.2759997500000      -7.629555176433189E-014 -5.450248626140508E-013
  -24.1079995069444      -7.442182363445481E-014 -7.546244874859683E-013
  -23.9399992569444      -7.229619084061685E-014 -1.006231085703502E-012
  -23.7720006319444      -7.022667695097693E-014 -1.220711125429637E-012
  -23.6040003888889      -6.867169184615417E-014 -1.295958234029459E-012
  -23.4360001458333      -6.907191406517156E-014 -1.192153545366318E-012
  -23.2679999027778      -7.304976402881802E-014 -9.629110174844179E-013
  -23.0999996527778      -8.050027031042401E-014 -7.009258030191407E-013
  -22.9319994097222      -8.864043958571164E-014 -4.775967924449709E-013
  -22.7640007847222      -9.333623070705333E-014 -3.366526592990411E-013
  -22.5960005416667      -9.181546758415785E-014 -3.054908533111726E-013
  -22.4280002916667      -8.453548969580358E-014 -3.810313137693081E-013
  -22.2600000486111      -7.474193039262352E-014 -5.157840368219325E-013
  -22.0919998055556      -6.624773085467626E-014 -6.406864281045165E-013
  -21.9239995625000      -6.132683628469358E-014 -7.067345444543842E-013
  -21.7559993194444      -6.023337963508363E-014 -7.056532739180380E-013
  -21.5880006875000      -6.220579058081594E-014 -6.615952871376735E-013
  -21.4200004444444      -6.653537047239698E-014 -6.107618213826778E-013
  -21.2520002013889      -7.259660323414862E-014 -5.820440103976621E-013
  -21.0839999583333      -7.915358643304035E-014 -5.863803317623747E-013
  -20.9159997083333      -8.413648197118240E-014 -6.187522476158423E-013
  -20.7479994652778      -8.553989199996219E-014 -6.677890850504698E-013
  -20.5799992222222      -8.285150058452175E-014 -7.250377572220871E-013
  -20.4120005972222      -7.775848745701434E-014 -7.870481119822035E-013
  -20.2440003472222      -7.334104198356469E-014 -8.481779377204126E-013
  -20.0760001041667      -7.213122544923934E-014 -8.933544944243426E-013
  -19.9079998611111      -7.440304014061504E-014 -9.008855124213249E-013
  -19.7399996180556      -7.802411693688500E-014 -8.550397075511275E-013
  -19.5719993750000      -8.000613576837041E-014 -7.600151958331041E-013
  -19.4040007430556      -7.851216871463211E-014 -6.440983339718517E-013
  -19.2360005000000      -7.379598335052684E-014 -5.487426563920262E-013
  -19.0680002569444      -6.756833397951745E-014 -5.070517809438388E-013
  -18.9000000138889      -6.156647764295028E-014 -5.248475820697329E-013
  -18.7319997638889      -5.655156782667748E-014 -5.807917637519097E-013
  -18.5639995208333      -5.238103009321106E-014 -6.453924909665990E-013
  -18.3959992777778      -4.883655907483123E-014 -6.978945896833922E-013
  -18.2280006527778      -4.633733030776411E-014 -7.279669530285535E-013
  -18.0600004097222      -4.586602928959192E-014 -7.302651057806065E-013
  -17.8920001597222      -4.812587400653711E-014 -7.026583719062712E-013
  -17.7239999166667      -5.261465044111366E-014 -6.478819574630322E-013
  -17.5559996736111      -5.745631983639404E-014 -5.747735529102951E-013
  -17.3879994305556      -6.029029619449951E-014 -4.992915322757336E-013
  -17.2200007986111      -5.968284829604643E-014 -4.423177063613752E-013
  -17.0520005555556      -5.607421492117499E-014 -4.206752103743006E-013
  -16.8840003125000      -5.156166836110641E-014 -4.376395151164532E-013
  -16.7160000694444      -4.865383427599039E-014 -4.814720588014386E-013
  -16.5479998263889      -4.888273559270091E-014 -5.304799953863665E-013
  -16.3799995763889      -5.216337314199094E-014 -5.599708011775974E-013
  -16.2119993333333      -5.708942931315754E-014 -5.525544808547798E-013
  -16.0440007083333      -6.170584602107875E-014 -5.076255986690747E-013
  -15.8760004652778      -6.422832515120563E-014 -4.403052273928931E-013
  -15.7080002152778      -6.349307230220162E-014 -3.715599454201886E-013
  -15.5399999722222      -5.918498278603837E-014 -3.197960328651360E-013
  -15.3719997291667      -5.194296299372854E-014 -2.968653288473905E-013
  -15.2039994861111      -4.334433752235750E-014 -3.053394943739629E-013
  -15.0359992430556      -3.563766298099715E-014 -3.389499886650628E-013
  -14.8680006111111      -3.109117233178687E-014 -3.872343747749568E-013
  -14.7000003680556      -3.109570352804055E-014 -4.371456893441614E-013
  -14.5320001250000      -3.550937686423414E-014 -4.698453540074009E-013
  -14.3639998819444      -4.270491908815658E-014 -4.656247183800905E-013
  -14.1959996319444      -5.029910880531150E-014 -4.193374139198926E-013
  -14.0279993888889      -5.606660889271056E-014 -3.483368776073675E-013
  -13.8600007638889      -5.850903431594111E-014 -2.845815825849999E-013
  -13.6920005208333      -5.696160892411852E-014 -2.580447771044293E-013
  -13.5240002708333      -5.155802487791777E-014 -2.802078383251632E-013
  -13.3560000277778      -4.334849562181573E-014 -3.391400055764436E-013
  -13.1879997847222      -3.438816181304290E-014 -4.103371047192985E-013
  -13.0200003472222      -2.733303521135752E-014 -4.671929394153669E-013
  -12.8520001041667      -2.444917967132272E-014 -4.833161141572116E-013
  -12.6839998611111      -2.652289282972245E-014 -4.442240920397200E-013
  -12.5159996180556      -3.230010629920989E-014 -3.628867263205415E-013
  -12.3480001805556      -3.882634117599403E-014 -2.741100678082712E-013
  -12.1799999375000      -4.270019233772047E-014 -2.129326091881495E-013
  -12.0119996944444      -4.173483396993512E-014 -1.966198498125905E-013
  -11.8440002569444      -3.607418365858957E-014 -2.239387896843241E-013
  -11.6760000138889      -2.810841269090092E-014 -2.866380097829043E-013
  -11.5079997638889      -2.142344185268255E-014 -3.713695374004429E-013
  -11.3400003333333      -1.943449371312719E-014 -4.541309080915099E-013
  -11.1720000833333      -2.407302862831508E-014 -5.063885023262987E-013
  -11.0039998402778      -3.481143884093760E-014 -5.100887991511083E-013
  -10.8359995972222      -4.859851817317292E-014 -4.653759322907233E-013
  -10.6680001597222      -6.104855753691657E-014 -3.877710577901795E-013
  -10.4999999166667      -6.831341599927049E-014 -3.013798721185851E-013
  -10.3319996736111      -6.849358830141419E-014 -2.359417407253795E-013
  -10.1640002361111      -6.185605736400733E-014 -2.196421555263218E-013
  -9.99599999305556      -5.011038358076732E-014 -2.643596745177838E-013
  -9.82799975000000      -3.561226666809323E-014 -3.556805752822215E-013
  -9.66000031250000      -2.100183089496062E-014 -4.577969520574160E-013
  -9.49200006944444      -9.037312683458410E-015 -5.337869607040083E-013
  -9.32399981944444      -2.229875073065909E-015 -5.581002739609171E-013
  -9.15600038888889      -2.232192454969491E-015 -5.186026107150894E-013
  -8.98800013888889      -9.202151350579551E-015 -4.245609749026678E-013
  -8.81999989583333      -2.143169887072801E-014 -3.093999814181790E-013
  -8.65199965277778      -3.551211976895102E-014 -2.124925299390529E-013
  -8.48400021527778      -4.716842014465256E-014 -1.575416091187983E-013
  -8.31599997222222      -5.260781633705359E-014 -1.471825482892989E-013
  -8.14799972916667      -5.001136111817416E-014 -1.707498943864709E-013
  -7.98000029166667      -4.068176183208070E-014 -2.185313666007523E-013
  -7.81200004861111      -2.922953768424499E-014 -2.837925317511737E-013
  -7.64399980555556      -2.228406037111967E-014 -3.541741905378982E-013
  -7.47600036805556      -2.581036800826457E-014 -4.109995599508073E-013
  -7.30800012500000      -4.201913887422894E-014 -4.322542822864258E-013
  -7.13999988194444      -6.752083489783493E-014 -4.038672666394980E-013
  -6.97199963194444      -9.404968441087781E-014 -3.465400022711900E-013
  -6.80400019791667      -1.116720495615970E-013 -3.110583014699340E-013
  -6.63599995347222      -1.130860606855302E-013 -3.576395341586670E-013
  -6.46800011388889      -9.725268694973855E-014 -5.410040627765449E-013
  -6.29999986944444      -7.065803345430409E-014 -8.623643850086578E-013
  -6.13200002916667      -4.492971586406183E-014 -1.235803709045364E-012
  -5.96400018888889      -3.126256270729014E-014 -1.536954268154222E-012
  -5.79599994444444      -3.480298112254701E-014 -1.665594832019057E-012
  -5.62800010416667      -5.269664939750901E-014 -1.576857366681878E-012
  -5.45999985972222      -7.640447029778912E-014 -1.289548503129946E-012
  -5.29200001944444      -9.604028189557718E-014 -8.785493548721539E-013
  -5.12400017916667      -1.044432451150901E-013 -4.656720219075906E-013
  -4.95599993472222      -9.938274544349491E-014 -1.562221124189367E-013
  -4.78800009444444      -8.333357252121631E-014  1.131887034735799E-014
  -4.61999985000000      -6.167434635921757E-014  5.874555709960414E-014
  -4.45200000972222      -4.019785786146642E-014  1.234516056800264E-014
  -4.28400016944444      -2.262732228833827E-014 -1.311427413831267E-013
  -4.11599992500000      -9.809332291842776E-015 -3.169481052599622E-013
  -3.94800008541667      -1.601844775790314E-015 -4.451495779389380E-013
  -3.77999984097222       8.677115388078175E-016 -4.441120703701571E-013
  -3.61200000069444      -4.442319450839938E-015 -2.947124831452170E-013
  -3.44400016041667      -1.770551684755842E-014 -2.701425101700164E-014
  -3.27599991597222      -3.437083725632738E-014  3.052762789114073E-013
  -3.10800007569444      -4.529218583354262E-014  6.077102292426539E-013
  -2.94000003333333      -4.169766323678314E-014  8.107690401588698E-013
  -2.77199999097222      -2.106372379370336E-014  8.693916554316706E-013
  -2.60399994861111       1.119335286612535E-014  7.176048045014366E-013
  -2.43599990625000       4.397717144138910E-014  3.769271049268282E-013
  -2.26800006597222       6.518884612605690E-014 -1.822159076772501E-014
  -2.10000002361111       6.710466472062317E-014 -3.308887718178545E-013
  -1.93199998125000       4.745437696717175E-014 -4.005176499254331E-013
  -1.76399993888889       8.577738483529340E-015 -1.044927614925493E-013
  -1.59599999791667      -3.879179755889828E-014  5.089143624853167E-013
  -1.42799995555556      -6.970737767334073E-014  1.342574975240793E-012
  -1.26000001458333      -5.225301929615230E-014  2.183850632537749E-012
  -1.09199997222222       3.435427690477220E-014  2.661366938998157E-012
 -0.924000030555556       1.904650598130287E-013  2.577929280190255E-012
 -0.755999988194444       4.056686294295463E-013  1.898467668913104E-012
 -0.587999996527778       6.572616829468643E-013  8.388483152765870E-013
 -0.420000004722222       9.109196239535589E-013 -1.118519697017686E-013
 -0.251999987708333       1.121506776862155E-012 -5.339107979631208E-013
 -8.400000222222222E-002  1.255476048105967E-012  2.183125723475764E-014
  8.400000222222222E-002  1.310941471980225E-012  1.764400003038548E-012
  0.251999987708333       1.371353799130730E-012  4.322543481573082E-012
  0.420000004722222       1.613850454297598E-012  6.946620090598209E-012
  0.587999996527778       2.323376359736804E-012  8.853935865804015E-012
  0.755999988194444       3.686242942672365E-012  9.790619156339375E-012
  0.924000030555556       5.861152920327491E-012  1.002159935810180E-011
   1.09199997222222       8.821275106130757E-012  1.010238538453440E-011
   1.26000001458333       1.245753028284091E-011  1.079645962770961E-011
   1.42799995555556       1.690178471143913E-011  1.424447953573354E-011
   1.59599999791667       2.200860668140082E-011  2.255616366190773E-011
   1.76399993888889       3.093557491205758E-011  3.780852698378686E-011
   1.93199998125000       4.421632523160736E-011  6.168894042376064E-011
   2.10000002361111       9.162766228765718E-011  1.019980473099227E-010
   2.26800006597222       1.335530456938889E-010  1.624763599376860E-010
   2.43599990625000       3.069181997894228E-010  2.755996620646436E-010
   2.60399994861111       1.168085893448788E-009  5.366822669706576E-010
   2.77199999097222       5.577033876904056E-009  1.406963939919014E-009
   2.94000003333333       2.828964771681061E-008  3.206177202510862E-009
   3.10800007569444       1.271008917846530E-006  2.743206033966296E-008
   3.27599991597222       1.887348237843715E-005  9.145923333323118E-008
   3.44400016041667       4.953283940590787E-005  4.790878867048459E-006
   3.61200000069444       8.206498291840558E-005  3.019075702425106E-005
   3.77999984097222       1.192843751794781E-004  9.001358088387012E-005
   3.94800008541667       1.665434261450622E-004  2.248773829628517E-004
   4.11599992500000       3.511631325600409E-004  6.296338622591899E-004
   4.28400016944444       9.614950369240208E-004  1.636759452830325E-003
   4.45200000972222       2.143562003056340E-003  2.831900283887620E-003
   4.61999985000000       4.161203899403043E-003  3.870062787297849E-003
   4.78800009444444       7.049041267385250E-003  5.424516753581076E-003
   4.95599993472222       9.168551220660121E-003  9.481884050907635E-003
   5.12400017916667       1.250847624371243E-002  1.470102591879424E-002
   5.29200001944444       1.730615793850256E-002  1.913836803195175E-002
   5.45999985972222       2.440844844200173E-002  2.446961712126829E-002
   5.62800010416667       3.282609758506180E-002  3.152169758574610E-002
   5.79599994444444       4.030937750227361E-002  3.858692502410922E-002
   5.96400018888889       4.807484927849936E-002  4.704794195060889E-002
   6.13200002916667       5.651610470352356E-002  5.854768237860282E-002
   6.29999986944444       6.738007673671650E-002  6.975424542378372E-002
   6.46800011388889       7.866517651324659E-002  8.084690758546248E-002
   6.63599995347222       9.191659719452844E-002  9.070686564393385E-002
   6.80400019791667       0.103188264210174       0.101197380825260     
   6.97199963194444       0.113306816347156       0.112747677845164     
   7.13999988194444       0.124018660215324       0.124383131836247     
   7.30800012500000       0.132618748843673       0.135653446543259     
   7.47600036805556       0.137866620607793       0.147099518350669     
   7.64399980555556       0.146314841343441       0.154420148557085     
   7.81200004861111       0.156198733813503       0.158600158420533     
   7.98000029166667       0.162470446070439       0.164106544991674     
   8.14799972916667       0.168091412571542       0.168525978633619     
   8.31599997222222       0.167921800401097       0.171571777841220     
   8.48400021527778       0.166603186782754       0.173843345208016     
   8.65199965277778       0.165159797142299       0.174013545790704     
   8.81999989583333       0.159164332751493       0.169940895893880     
   8.98800013888889       0.157215863710164       0.163654347661584     
   9.15600038888889       0.156326157948014       0.156378157451897     
   9.32399981944444       0.149015610824014       0.148162695081900     
   9.49200006944444       0.137262476237021       0.138653945624497     
   9.66000031250000       0.123420310012054       0.126128865225093     
   9.82799975000000       0.114637459429570       0.115283893627374     
   9.99599999305556       0.104191169186835       0.104882824260096     
   10.1640002361111       9.361909578707114E-002  9.581624563757141E-002
   10.3319996736111       8.553840203147686E-002  8.931094885002452E-002
   10.4999999166667       7.631126441938316E-002  7.917895836342542E-002
   10.6680001597222       6.659490183824791E-002  6.725015163918117E-002
   10.8359995972222       5.414144940560416E-002  5.587709412330094E-002
   11.0039998402778       4.468606584061925E-002  4.820817499122108E-002
   11.1720000833333       3.832532360016547E-002  4.057072713476897E-002
   11.3400003333333       3.105401929114224E-002  3.432363116627180E-002
   11.5079997638889       2.577214705652196E-002  2.859596963422786E-002
   11.6760000138889       2.199414425569952E-002  2.246823053150758E-002
   11.8440002569444       1.733646077789021E-002  1.751886346811559E-002
   12.0119996944444       1.388645208383086E-002  1.371610009074403E-002
   12.1799999375000       1.019822685678501E-002  1.066973650348059E-002
   12.3480001805556       7.345801744196945E-003  7.391533263085994E-003
   12.5159996180556       4.830392487515574E-003  5.545244693988079E-003
   12.6839998611111       3.329926863641905E-003  4.327881907994926E-003
   12.8520001041667       2.442534508499676E-003  3.122875360199596E-003
   13.0200003472222       1.970624183635063E-003  2.610806910481074E-003
   13.1879997847222       1.720489054477194E-003  1.766098036027827E-003
   13.3560000277778       1.231096810446459E-003  1.047334463896775E-003
   13.5240002708333       7.637670297276170E-004  6.972654768516827E-004
   13.6920005208333       5.217157935711826E-004  4.472451923423852E-004
   13.8600007638889       2.936464194167137E-004  3.131333318401373E-004
   14.0279993888889       1.844778409128637E-004  2.196315074981646E-004
   14.1959996319444       6.563261120096881E-005  6.497214128698178E-005
   14.3639998819444       2.086844514710488E-005 -2.035766647396742E-005
   14.5320001250000       1.940433434875549E-005  6.328856548461071E-006
   14.7000003680556       7.148970086561655E-006  3.773486842356496E-006
   14.8680006111111       7.784908006254174E-007  3.594435403266456E-007
   15.0359992430556       2.012551989442999E-008  1.906304773462606E-008
   15.2039994861111       2.888088418383160E-009  1.952518519702463E-009
   15.3719997291667       1.056888592834369E-009  3.669501818772470E-010
   15.5399999722222       1.952196690009023E-010  2.562510757155560E-010
   15.7080002152778       9.331123772979687E-011  1.682717434784199E-010
   15.8760004652778       6.810317820905499E-011  1.427451956059232E-010
   16.0440007083333       6.097479993364743E-011  1.605432339745876E-010
   16.2119993333333       5.711678977226991E-011  1.728475459498828E-010
   16.3799995763889       4.591933521892180E-011  1.499695872179184E-010
   16.5479998263889       3.498791735100614E-011  1.177982061060727E-010
   16.7160000694444       3.353008932772256E-011  1.010727669278581E-010
   16.8840003125000       3.270922483377212E-011  9.180166681088668E-011
   17.0520005555556       2.486331240038461E-011  7.746623407800564E-011
   17.2200007986111       2.042808886977805E-011  6.107738461122795E-011
   17.3879994305556       2.341488810428767E-011  4.735888275489215E-011
   17.5559996736111       2.279638423106818E-011  3.450294693080408E-011
   17.7239999166667       1.491790523336940E-011  2.245485424461254E-011
   17.8920001597222       8.160576980412823E-012  1.940123822172350E-011
   18.0600004097222       5.935829422407599E-012  2.418779069126739E-011
   18.2280006527778       4.698656998762351E-012  2.616937654520824E-011
   18.3959992777778       2.771949823809833E-012  2.245892769998675E-011
   18.5639995208333       2.495236621063503E-012  1.516637283701968E-011
   18.7319997638889       4.781888152353595E-012  1.012525246139657E-011
   18.9000000138889       6.097578009237913E-012  1.244338648694908E-011
   19.0680002569444       4.234694779118125E-012  1.602120562766113E-011
   19.2360005000000       3.472690859003542E-012  1.164728549256819E-011
   19.4040007430556       4.427742903834698E-012  5.340516710792215E-012
   19.5719993750000       2.736434384765943E-012  2.979772458118229E-012
   19.7399996180556      -3.018943854649142E-013  1.683744565630520E-012
   19.9079998611111      -1.573435024396596E-013 -3.732165157766270E-013
   20.0760001041667       1.522034842620885E-012 -2.321368779915208E-012
   20.2440003472222       1.522407671815872E-012 -2.179877794936568E-012
   20.4120005972222       7.481297831480215E-013 -2.128379197945462E-013
   20.5799992222222       3.900498609704962E-013  6.502485335942888E-014
   20.7479994652778      -2.991759558978181E-013 -7.369388965803682E-013
   20.9159997083333      -1.322436517347853E-012 -2.023901473540310E-012
   21.0839999583333      -2.009373321049062E-012 -3.852402243795322E-012
   21.2520002013889      -2.003531726511168E-012 -3.915045123704708E-012
   21.4200004444444      -9.690344570608366E-013 -4.314697600757718E-012
   21.5880006875000      -8.289712234605283E-013 -6.169220498469766E-012
   21.7559993194444      -2.031079258929850E-012 -6.937359303226603E-012
   21.9239995625000      -2.274152860688873E-012 -4.976153570978890E-012
   22.0919998055556      -2.401129690738797E-012 -3.694453418822403E-012
   22.2600000486111      -1.712155994673276E-012 -4.066042594446704E-012
   22.4280002916667       2.011534215349691E-012 -4.411089097964961E-012
   22.5960005416667       5.323646519073444E-012 -1.039782156224720E-011
   22.7640007847222       4.951088382767470E-012 -1.426668065797357E-011
   22.9319994097222       3.572671331244158E-012 -9.613711703317810E-012
   23.0999996527778       4.543954290879358E-012 -6.317045956864655E-012
   23.2679999027778       4.176338776242269E-012 -7.584307540930103E-012
   23.4360001458333       4.550197533123336E-013 -7.942664903030886E-012
   23.6040003888889      -2.159727397946173E-012 -6.867174536624621E-012
   23.7720006319444      -1.266027987113306E-012 -5.963055175565236E-012
   23.9399992569444      -3.370520838628407E-013 -3.652576005268817E-012
   24.1079995069444      -1.382675768754572E-012 -2.884324890657307E-012
   24.2759997500000      -1.762294934310843E-012 -3.680654127646090E-012
   24.4439999930556      -1.966394381662759E-012 -4.723794644944529E-012
   24.6120002361111      -2.694154664797448E-012 -5.544527397129954E-012
   24.7800004791667      -2.558858506964144E-012 -3.358801091212828E-012
   24.9480007291667      -1.257117385820825E-012 -1.663798697730308E-012
   25.1159993541667      -9.843267941277649E-013 -2.729863105527082E-012
   25.2839995972222      -1.760538487228804E-012 -3.431754081652151E-012
   25.4519998402778      -1.387202745154840E-012 -2.495129086847811E-012
   25.6200000902778      -4.095663330553679E-013 -1.810686319435509E-012
   25.7880003333333      -4.747503881039550E-013 -1.192041235511644E-012
   25.9560005763889      -8.989100446549512E-013  6.595444383801314E-013
   26.1239992013889      -8.546487638634507E-013  2.607546146382883E-012
   26.2919994513889      -5.958445366530217E-013  3.482649548375306E-012
   26.4599996944444       4.363332028854183E-014  2.570217611297998E-012
   26.6279999375000      -2.456966008850869E-013 -7.955250358519809E-013
   26.7960001805556      -2.409615013146093E-012 -7.577993816841845E-012
   26.9640004236111      -3.394013359519981E-012 -1.481679211130408E-011
   27.1320006736111      -1.064286635016524E-012 -1.812385294172561E-011
   27.3000009166667       4.289568476620965E-014 -1.810017104204683E-011
   27.4680011597222      -2.896952338833827E-012 -1.718477656202878E-011
   27.6360014027778      -4.248637010109477E-012 -1.799794601948480E-011
   27.8039984166667      -1.072298345778598E-012 -1.744279676106018E-011
   27.9719986597222       1.045161353635138E-012 -1.286595083306437E-011
   28.1399989027778      -4.939148626604320E-013 -1.270341047822633E-011
   28.3079991458333      -1.902803784431309E-012 -1.761752191174429E-011
   28.4759993958333      -2.687859549233496E-012 -1.776927788569835E-011
   28.6439996388889      -2.857510830515336E-012 -1.763313331089836E-011
   28.8119998819444      -3.750775328846454E-012 -2.365089030213240E-011
   28.9800001250000      -5.431876989993601E-012 -2.496190266764993E-011
   29.1480003680556      -5.811494838132222E-012 -1.958996620461088E-011
   29.3160006111111      -6.304946793165839E-012 -1.788294995022238E-011
   29.4840008611111      -5.822697499120123E-012 -2.038600528036222E-011
   29.6520011041667      -4.290644518656013E-012 -1.965836257675280E-011
   29.8200013472222      -4.864378587871051E-012 -1.693319985272419E-011
   29.9880015902778      -6.781842760590240E-012 -1.454332650774253E-011
   30.1559986041667      -5.018689034648718E-012 -1.237538007043160E-011
   30.3239988472222      -2.414797075472890E-012 -1.095531714150671E-011
   30.4919990902778      -2.729323622999353E-012 -8.813006334249699E-012
   30.6599993333333      -3.738073446572702E-012 -5.965197955373177E-012
   30.8279995833333      -2.699411161221476E-012 -4.804349793933941E-012
   30.9959998263889      -1.190298374299122E-012 -4.071654793636268E-012
   31.1640000694444      -1.325545540663562E-012 -3.945404025388774E-012
   31.3320003125000      -2.473667200586709E-012 -4.505496893545516E-012
   31.5000005555556      -1.762203044429746E-012 -4.602101483057667E-012
   31.6680008055556      -1.172406607531276E-013 -5.331678814486302E-012
   31.8360010486111      -1.602401600886328E-012 -6.737246197006782E-012
   32.0040012916667      -3.345345316688787E-012 -8.102134357326472E-012
   32.1720015347222      -1.016491052024130E-012 -7.273714473152523E-012
   32.3399985486111      -5.893786919954731E-013 -7.983542396588021E-012
   32.5079987916667      -3.876932560440789E-012 -1.358879154933906E-011
   32.6759990347222      -3.792105355366410E-012 -1.740304895313803E-011
   32.8439992777778      -1.555097085323022E-012 -2.013796452003058E-011
   33.0119995277778      -3.185471415174612E-012 -2.177480720586711E-011
   33.1799997708333      -6.853242844974470E-012 -2.373018040082327E-011
   33.3480000138889      -6.520915020805004E-012 -2.606890237070323E-011
   33.5160002569444      -3.643170301955697E-012 -2.193357974622578E-011
   33.6840005000000      -2.780697806361125E-012 -1.706148076157054E-011
   33.8520007500000      -5.151931667719878E-012 -2.213173648723515E-011
   34.0200009930556      -6.356791129951502E-012 -2.892873943143429E-011
   34.1880012361111      -4.545851042941136E-012 -2.565973616208979E-011
   34.3560014791667      -3.420922932441587E-012 -2.384367066171159E-011
   34.5239984930556      -5.314333034995832E-012 -2.435541627823494E-011
   34.6919987361111      -7.532928252574938E-012 -1.784019184296968E-011
   34.8599989791667      -8.731369256015116E-012 -2.097833338229123E-011
   35.0279992222222      -9.384341385923848E-012 -2.688615977512761E-011
   35.1959994652778      -8.276876634440042E-012 -2.252446132357494E-011
   35.3639997152778      -9.734599923020441E-012 -1.726981455392718E-011
   35.5319999583333      -8.562698956851007E-012 -1.227030942574528E-011
   35.7000002013889      -8.104419418240627E-012 -9.478118467804402E-012
   35.8680004444444      -1.267872734113345E-011 -8.095365465440090E-012
   36.0360006875000      -8.116564032848372E-012 -7.570850119634000E-012
   36.2040009375000      -1.132892493032543E-011 -7.869440195201224E-012
   36.3720011805556      -5.213325306342526E-012 -3.017613633346222E-012
   36.5400014236111      -8.428191932190131E-012  2.849902084876996E-012
   36.7079984375000      -7.613094434003149E-012 -7.037344551106200E-013
   36.8759986805556      -7.519686558419043E-013 -5.836885428503225E-012
   37.0439989236111      -7.106721905365857E-012  1.418164591844999E-013
   37.2119991666667       3.065880357825744E-013  1.150693045095837E-011
   37.3799994097222      -5.619300070698522E-011 -3.938202164191677E-011
   37.5479996597222      -8.375124373116320E-011 -1.747694264153350E-010
   37.7159999027778      -2.912992966038332E-010 -9.134918338502829E-010
   37.8840001458333      -1.797718193230060E-009 -6.637285193728877E-009
   38.0520003888889      -2.121342813668315E-008 -6.485075656550226E-008
   38.2200006319444      -1.666547127367455E-006 -2.880529004889655E-006
   38.3880008819444      -3.006139464931419E-006 -5.325993185730463E-006
   38.5560011250000      -2.065096937168863E-005 -2.851903512975705E-005
   38.7240013680556      -1.662886936647000E-005 -1.871699873803001E-005
   38.8920016111111      -4.518338607352039E-006 -4.220780276680610E-006
   39.0599986250000      -1.524862507725060E-007  2.765326441732142E-008
   39.2279988680556       3.867143976447703E-009  7.297253410373150E-008
   39.3959991111111       3.087356096527590E-008  1.327137695472304E-007
   39.5639993541667      -6.467775623358424E-008 -1.221572307967505E-007
   39.7319995972222       4.035053387667956E-009  1.065019753237241E-008
   39.8999998472222       3.962640862673437E-009  2.962173679889610E-008
   40.0680000902778      -1.472251870261617E-009 -1.527093947682389E-008
   40.2360003333333      -4.689270935264543E-009  2.209708123957819E-009
   40.4040005763889      -1.124146704805024E-008  5.313827236161412E-009
   40.5720008194444      -5.604226388938377E-009  3.689325493097935E-008
   40.7400010694444      -1.010008641663017E-008 -2.017611952884441E-008
   40.9080013125000      -3.326822811519360E-009 -2.226818617802138E-009
   41.0760015555556       1.375881061657644E-009  9.945028931261696E-009
   41.2439985694444       9.875437745708168E-010  5.412936503197693E-009
   41.4119988125000      -2.206597415788443E-009 -6.966446356531207E-010
   41.5799990555556      -2.033972450123632E-009 -1.252393793070136E-009
   41.7479992986111      -2.352468643601172E-009 -1.262644440719355E-009
   41.9159995416667      -2.209514705432897E-009 -5.173021637715254E-009
   42.0839997916667      -4.122253788897284E-010 -1.122778282507181E-011
   42.2520000347222      -6.447818866177948E-010  2.616265992804252E-009
   42.4200002777778      -3.914584838562403E-009  5.144880753766975E-009
   42.5880005208333      -3.303013007054472E-009  4.924762312649294E-009
   42.7560007638889      -3.286684279136067E-009 -5.022938299408338E-010
   42.9240010138889      -2.848395404742934E-009  2.142208997632700E-010
   43.0920012569444      -1.610415213670135E-009  2.730003696633467E-009
   43.2600015000000      -1.953764690788536E-009  4.301497376439293E-009
   43.4279985138889      -3.494970665041961E-009  4.553510392855730E-009
   43.5959987569444      -2.385296752368369E-009  3.272489725612344E-009
   43.7639990000000      -1.763862962879634E-009 -1.476018399229554E-010
   43.9319992430556      -1.552504990962411E-009 -2.058599602112546E-009
   44.0999994861111      -7.830445528189612E-010 -3.802822798053744E-010
   44.2679997361111      -3.089045704219303E-010  1.816530074332502E-010
   44.4359999791667      -1.125707033685190E-009  1.096428427854257E-010
   44.6040002222222      -9.925579715406330E-010  1.660541053235943E-011
   44.7720004652778      -1.634553003668279E-009 -1.304521205856441E-009
   44.9400007083333      -1.518468483943327E-009 -1.320276593613507E-009
   45.1080009513889      -1.092870155856759E-009  7.051374475797587E-010
   45.2760012013889      -1.554454347099266E-009  2.299545468355652E-009
   45.4440014444444      -2.443372231740279E-009  3.435712924778497E-009
   45.6119984513889      -1.958836728156896E-009  2.326051995873386E-009
   45.7799987013889      -1.637651906540431E-009  1.285085481181197E-009
   45.9479989444444      -1.726896856594929E-009  3.282891156857783E-012
   46.1159991875000      -1.081091388130455E-009  3.876654677947540E-010
   46.2839994305556      -8.735779997067806E-010  8.423130018353027E-010
   46.4519996736111      -1.064479026367372E-009  7.783765522112560E-010
   46.6199999236111      -1.077593844969698E-009 -1.168472202502341E-010
   46.7880001666667      -1.102708505301579E-009 -7.198957713577475E-010
   46.9560004097222      -9.515060571357062E-010 -8.305722600314672E-010
   47.1240006527778      -7.230473716563675E-010 -2.364306009652861E-010
   47.2920008958333      -5.600006436721472E-010  6.080685975146195E-010
   47.4600011458333      -8.624475278540972E-010  1.404987518054077E-009
   47.6280013888889      -8.943985103450849E-010  9.714971638200212E-010
   47.7959983958333      -1.082619761398745E-009  4.810605143040277E-010
   47.9639986458333      -1.001710757013281E-009  2.041478295151171E-011
   48.1319988888889      -9.443945312668790E-010  1.883340855081589E-010
   48.2999991319444      -8.234625891484454E-010  1.018546890809792E-009
   48.4679993750000      -1.008322127844317E-009  1.151235172751192E-009
   48.6359996180556      -8.705895484099531E-010  7.584695072711913E-010
   48.8039998680556      -9.409202585392168E-010  1.409728682891907E-010
   48.9720001111111      -8.491967093458971E-010 -4.090762658344626E-010
   49.1400003541667      -7.890506282884761E-010 -6.045769558703193E-010
   49.3080005972222      -4.764917941875132E-010 -3.810508085657557E-010
   49.4760008402778      -5.174924452985921E-010  1.518812762227678E-010
   49.6440010902778      -4.567006399050493E-010 -6.917765561508854E-010
   49.8120013333333      -8.262498654180885E-010 -1.506182140927240E-009
   49.9800015763889      -9.584755126851429E-010 -8.963372432582869E-010
   50.1479985833333      -8.877887414115732E-010 -6.774794339438549E-010
   50.3159988333333      -6.211232578867242E-010  1.454131033382924E-010
   50.4839990763889      -5.820266020614180E-010  6.751353579680601E-010
   50.6519993194444      -8.271668723967257E-010  7.068780830769149E-010
   50.8199995625000      -1.018704053486367E-009 -2.307496800220049E-011
   50.9879998055556      -9.778218646733112E-010  1.050416719961839E-010
   51.1560000555556      -9.076277444060132E-010 -1.736912624115617E-010
   51.3240002986111      -6.630924743512571E-010 -2.199162964505216E-010
   51.4920005416667      -4.282617874759028E-010 -1.551896175213913E-010
   51.6600007847222      -4.963534778648026E-010  3.755999877892467E-011
   51.8280010277778      -6.455940482507485E-010 -4.315956761787669E-010
   51.9960012777778      -5.523291415060408E-010 -2.126039750325473E-010
   52.1640015208333      -5.917671032950482E-010 -3.999537493703284E-010
   52.3319985277778      -4.381094950117381E-010 -1.919085030764983E-010
   52.4999987777778      -2.958189876844957E-010  9.677290542596734E-011
   52.6679990208333      -4.361157888330774E-010  2.843469568827531E-010
   52.8359992638889      -5.889966477727927E-010  8.582083308413291E-011
   53.0039995069444      -5.450101171082320E-010  2.024581491595867E-011
   53.1719997500000      -6.588654396764811E-010  1.748846741113686E-010
   53.3400000000000      -4.675475190823560E-010 -1.878136555156552E-011
   53.5080002430556      -2.876585022851942E-010  2.471295077921299E-010
   53.6760004861111      -3.769855317820721E-010  4.761050847625025E-010
   53.8440007291667      -5.440186179836471E-010 -7.290478612750459E-011
   54.0120009722222      -5.858298708228433E-010 -2.264898943444466E-010
   54.1800012222222      -5.843027624813438E-010 -4.802360005426017E-010
   54.3480014652778      -4.428710006751637E-010 -5.441990937035433E-010
   54.5160017083333      -3.321761735477543E-010 -5.403850326155589E-010
   54.6840019513889      -2.910266859425727E-010 -5.786904789976345E-010
   54.8520021944444      -3.719013113881468E-010 -1.202243645090218E-009
   55.0200024444444      -5.551240062042720E-010 -1.416765864824272E-009
   55.1880026875000      -5.683023140450088E-010 -1.000637261814152E-009
   55.3560029305556      -5.820794673557132E-010 -9.058621096738668E-010
   55.5240031736111      -5.024146107909979E-010 -3.448578466347534E-010
   55.6919969513889      -4.073639180731826E-010 -1.821141247100636E-010
   55.8599971944444      -4.794757768654255E-010 -4.730195872324803E-010
   56.0279974375000      -5.211722351796750E-010 -6.109459640522646E-010
   56.1959976875000      -3.868060899132195E-010 -2.997926986924092E-010
   56.3639979305556      -4.346618657180474E-010 -4.236985057212020E-010
   56.5319981736111      -3.691643709709106E-010 -5.305745500534303E-010
   56.6999984166667      -2.787969609055420E-010 -3.658187625000462E-010
   56.8679986597222      -2.105521550911812E-010 -3.405760706835330E-010
   57.0359989097222      -2.588682682204043E-010 -3.784675317432310E-010
   57.2039991527778      -2.656592505247731E-010 -9.804089356586684E-011
   57.3719993958333      -2.396346028889423E-010 -3.827280815230265E-010
   57.5399996388889      -2.675574912684959E-010 -2.336335231083260E-010
   57.7079998819444      -2.268339195405162E-010 -4.440564657734589E-010
   57.8760001319444      -1.690655771558556E-010 -1.672144156698625E-010
   58.0440003750000      -1.402543593039036E-010 -2.675591143682102E-010
   58.2120006180556      -1.835228341542643E-010 -1.778466400643425E-010
   58.3800008611111      -2.137396101462285E-010 -8.295703191369260E-012
   58.5480011041667      -2.305015891792179E-010 -3.972468671747823E-010
   58.7160013541667      -2.512420009273175E-010 -4.211169151932695E-010
   58.8840015972222      -1.719044645999449E-010 -5.929067855569199E-010
   59.0520018402778      -1.423291761083551E-010 -8.776124595185462E-010
   59.2200020833333      -8.763696182055831E-011 -6.135904955464346E-010
   59.3880023263889       2.178635634769700E-012 -3.890089808125309E-010
   59.5560025763889      -5.454076926557749E-011 -1.706339681174242E-010
   59.7240028194444      -4.004943069314448E-011 -8.917594804076067E-011
   59.8920030625000       1.430922244113118E-010  6.617165675773122E-009
   60.0599968402778       2.586012065634554E-011 -7.370839529092010E-009
