  -60.0599968402778       0.000000000000000E+000  0.000000000000000E+000
  -59.8920030625000       4.147100996978467E-012 -3.833150753803054E-011
  -59.7240028194444       5.236158789054622E-012 -4.592910189467106E-012
  -59.5560025763889       1.005386703328370E-012  5.029824836690875E-013
  -59.3880023263889       1.118941040117640E-011  3.607044075153764E-012
  -59.2200020833333       4.598953250099146E-011  5.822553900596259E-011
  -59.0520018402778       8.498404101079237E-011  1.154548889834291E-010
  -58.8840015972222       9.576031714139312E-011  1.140803270047199E-010
  -58.7160013541667       8.003069292740050E-011  7.704919234667971E-011
  -58.5480011041667       5.144180772717089E-011  4.271150755557885E-011
  -58.3800008611111       2.810075034283194E-011  2.202078620757630E-011
  -58.2120006180556       1.325597232838609E-011  1.079963328682878E-011
  -58.0440003750000       5.544115045405462E-012  4.770089030524596E-012
  -57.8760001319444       1.985205952966207E-012  1.730350191130431E-012
  -57.7079998819444       5.780499706061746E-013  4.622925986191914E-013
  -57.5399996388889       1.235071533601652E-013  9.917540654847992E-014
  -57.3719993958333       1.728873299044517E-014  4.819197132020235E-014
  -57.2039991527778       4.223928850315102E-015  2.920433177936082E-014
  -57.0359989097222       5.616676351109680E-015  1.452885108283427E-014
  -56.8679986597222       6.487374272456921E-015  2.655373892892125E-014
  -56.6999984166667       6.357703837928746E-015  4.254448746611409E-014
  -56.5319981736111       5.926933997148909E-015  4.145197771044017E-014
  -56.3639979305556       4.944549550084407E-015  2.688836043897355E-014
  -56.1959976875000       3.540443502800011E-015  1.021012573491940E-014
  -56.0279974375000       3.141924985784724E-015  6.585636389511772E-015
  -55.8599971944444       3.919491835405410E-015  1.737593729040736E-014
  -55.6919969513889       3.928707969523304E-015  2.269058406635811E-014
  -55.5240031736111       2.527965260681185E-015  1.463830481721188E-014
  -55.3560029305556       1.704148882522187E-015  3.983789921938120E-015
  -55.1880026875000       2.407044911426379E-015  2.179746865236029E-016
  -55.0200024444444       2.843951551220994E-015  2.980012876547053E-015
  -54.8520021944444       2.043724699120387E-015  3.642690358471893E-015
  -54.6840019513889       1.577831172990345E-015  2.130732681209588E-016
  -54.5160017083333       2.276761440267064E-015 -2.565147894849015E-015
  -54.3480014652778       2.678538443688932E-015 -3.969709699681776E-015
  -54.1800012222222       1.905941178541960E-015 -6.304313686500184E-015
  -54.0120009722222       1.239136233294650E-015 -9.128168829123626E-015
  -53.8440007291667       1.693752025186152E-015 -1.024660816881082E-014
  -53.6760004861111       2.298776081009487E-015 -1.069400011509818E-014
  -53.5080002430556       1.995531368184001E-015 -1.162933576971606E-014
  -53.3400000000000       1.376856794689424E-015 -1.188345199709547E-014
  -53.1719997500000       1.382398567613264E-015 -1.091559002115860E-014
  -53.0039995069444       1.706346615113859E-015 -9.658116160647835E-015
  -52.8359992638889       1.616194046637022E-015 -9.069806841260555E-015
  -52.6679990208333       1.346062317677854E-015 -8.848582956021880E-015
  -52.4999987777778       1.482301668326980E-015 -7.812719586222314E-015
  -52.3319985277778       1.742391625176126E-015 -5.964181279470989E-015
  -52.1640015208333       1.594420310121181E-015 -4.698794872694832E-015
  -51.9960012777778       1.327100396085085E-015 -3.882937677386040E-015
  -51.8280010277778       1.375517344258326E-015 -2.192409240418765E-015
  -51.6600007847222       1.470165085849969E-015 -4.245722527182157E-016
  -51.4920005416667       1.352344013078728E-015  1.490095129299892E-016
  -51.3240002986111       1.301038540252038E-015  5.771023842024895E-016
  -51.1560000555556       1.430333465463693E-015  1.899420347136007E-015
  -50.9879998055556       1.493672275363692E-015  3.518951518691767E-015
  -50.8199995625000       1.461198380062547E-015  5.058689508866904E-015
  -50.6519993194444       1.491913252112608E-015  6.702741181277404E-015
  -50.4839990763889       1.570422627490128E-015  8.169247667600424E-015
  -50.3159988333333       1.616519862548086E-015  9.073046993947917E-015
  -50.1479985833333       1.639319936371961E-015  9.383188208056153E-015
  -49.9800015763889       1.632755041462540E-015  9.111622629515859E-015
  -49.8120013333333       1.532867380266144E-015  8.202708660719047E-015
  -49.6440010902778       1.256814588695500E-015  6.692162600585789E-015
  -49.4760008402778       7.046982316509159E-016  4.782144696797842E-015
  -49.3080005972222      -5.926438935268337E-018  2.839438366536751E-015
  -49.1400003541667       5.170746075588204E-016  1.784621518968167E-015
  -48.9720001111111       7.318476331481773E-015  5.283453310769973E-015
  -48.8039998680556       3.177529290824511E-014  2.473589040667685E-014
  -48.6359996180556       9.030574812640761E-014  8.262199202061312E-014
  -48.4679993750000       1.940190203554196E-013  2.022689778656601E-013
  -48.2999991319444       3.319983874183294E-013  3.792202761933916E-013
  -48.1319988888889       4.636219141974767E-013  5.587363396701217E-013
  -47.9639986458333       5.354007149868175E-013  6.583455883185109E-013
  -47.7959983958333       5.154837067670039E-013  6.295837673501204E-013
  -47.6280013888889       4.160934788029492E-013  4.956085265575820E-013
  -47.4600011458333       2.827110759529704E-013  3.252476717785905E-013
  -47.2920008958333       1.621106193759655E-013  1.796779000011885E-013
  -47.1240006527778       7.855330199305988E-014  8.434685195602523E-014
  -46.9560004097222       3.219296576496406E-014  3.463689129462044E-014
  -46.7880001666667       1.120564704880569E-014  1.408542039528201E-014
  -46.6199999236111       3.391284550142728E-015  7.809353995819241E-015
  -46.4519996736111       9.919029182407762E-016  6.937493041702742E-015
  -46.2839994305556       3.869049952491498E-016  7.523263373069967E-015
  -46.1159991875000       2.666171410900240E-016  8.217265225174538E-015
  -45.9479989444444       2.536746625360652E-016  8.689029397989358E-015
  -45.7799987013889       2.594540042525972E-016  8.937819346978583E-015
  -45.6119984513889       2.666757993167426E-016  9.067252414752412E-015
  -45.4440014444444       2.727983257580527E-016  9.201913340554868E-015
  -45.2760012013889       2.779928341822519E-016  9.430292321751757E-015
  -45.1080009513889       2.828404793016547E-016  9.773317515486347E-015
  -44.9400007083333       2.878046969452154E-016  1.019368374510623E-014
  -44.7720004652778       2.930188653576848E-016  1.062502802115082E-014
  -44.6040002222222       2.982322498037290E-016  1.098679876092147E-014
  -44.4359999791667       3.029346162800704E-016  1.118845500577959E-014
  -44.2679997361111       3.065862409039493E-016  1.115328998953831E-014
  -44.0999994861111       3.088115140086737E-016  1.086032923959010E-014
  -43.9319992430556       3.094880937070872E-016  1.036459681401946E-014
  -43.7639990000000       3.087825869135442E-016  9.774483764607290E-015
  -43.5959987569444       3.071808840174594E-016  9.209633871139288E-015
  -43.4279985138889       3.054481147387535E-016  8.768596792510932E-015
  -43.2600015000000       3.044214955239277E-016  8.509217970504701E-015
  -43.0920012569444       3.046801705824545E-016  8.436301347997148E-015
  -42.9240010138889       3.062993020906645E-016  8.504120696354481E-015
  -42.7560007638889       3.088655687870144E-016  8.641168155107128E-015
  -42.5880005208333       3.117163821543816E-016  8.784345336900846E-015
  -42.4200002777778       3.141935559090600E-016  8.897451560251819E-015
  -42.2520000347222       3.157516973613106E-016  8.963364898600683E-015
  -42.0839997916667       3.159416028068074E-016  8.966377333588753E-015
  -41.9159995416667       3.143926078353626E-016  8.888470219806921E-015
  -41.7479992986111       3.108674863887191E-016  8.720583094558839E-015
  -41.5799990555556       3.053629618021652E-016  8.468906148297254E-015
  -41.4119988125000       2.981828386138352E-016  8.146673381664829E-015
  -41.2439985694444       2.899339217606151E-016  7.764051682337513E-015
  -41.0760015555556       2.814374865237463E-016  7.328654154753450E-015
  -40.9080013125000       2.735789543820109E-016  6.853503163614438E-015
  -40.7400010694444       2.671308325941705E-016  6.363558241265589E-015
  -40.5720008194444       2.625892033190125E-016  5.898305894072006E-015
  -40.4040005763889       2.600690711478447E-016  5.511332470915030E-015
  -40.2360003333333       2.592974683786387E-016  5.262206412660118E-015
  -40.0680000902778       2.597126390681317E-016  5.193548240812597E-015
  -39.8999998472222       2.606302843767896E-016  5.301713825825788E-015
  -39.7319995972222       2.614065307344425E-016  5.527571830572058E-015
  -39.5639993541667       2.615321091462415E-016  5.781363849701630E-015
  -39.3959991111111       2.606116898500440E-016  5.982122089169326E-015
  -39.2279988680556       2.581790825847743E-016  6.081985949363254E-015
  -39.0599986250000       2.532716536699480E-016  6.064200811086466E-015
  -38.8920016111111       2.436907852709867E-016  5.918977386350819E-015
  -38.7240013680556       2.249153926234464E-016  5.607265949350018E-015
  -38.5560011250000       1.885406662704856E-016  5.032313173089980E-015
  -38.3880008819444       1.198581495740240E-016  4.043705407664994E-015
  -38.2200006319444      -3.835072526507860E-018  2.486633854989627E-015
  -38.0520003888889      -1.956254447528546E-016  3.116127955600935E-016
  -37.8840001458333      -3.267493486074331E-016 -2.132167616631042E-015
  -37.7159999027778       4.768087791804675E-016 -3.113384045323867E-015
  -37.5479996597222       5.995193985687071E-015  3.576747107537744E-015
  -37.3799994097222       2.940496522438314E-014  3.682419570220522E-014
  -37.2119991666667       1.099161788497798E-013  1.458845625495058E-013
  -37.0439989236111       3.488460595291437E-013  4.399181536195635E-013
  -36.8759986805556       9.733969209320440E-013  1.120386560166527E-012
  -36.7079984375000       2.419757646957257E-012  2.485190488095211E-012
  -36.5400014236111       5.382422448825279E-012  4.859757086754387E-012
  -36.3720011805556       1.071096976155722E-011  8.446508648488749E-012
  -36.2040009375000       1.900773083929953E-011  1.317235187787923E-011
  -36.0360006875000       2.990126241043268E-011  1.863414939883382E-011
  -35.8680004444444       4.130882136545921E-011  2.406819024731776E-011
  -35.7000002013889       4.939369228189835E-011  2.812863743964994E-011
  -35.5319999583333       4.990956141566662E-011  2.868108599189179E-011
  -35.3639997152778       4.079176655580582E-011  2.360608756268670E-011
  -35.1959994652778       2.450923796306441E-011  1.324374010550461E-011
  -35.0279992222222       8.059039649864164E-012  2.755993096554222E-012
  -34.8599989791667      -2.904021396097929E-013  8.636277061965317E-013
  -34.6919987361111       4.183102398458049E-012  1.388260466850690E-011
  -34.5239984930556       1.965664466413703E-011  3.953195957951365E-011
  -34.3560014791667       3.886918783841440E-011  6.687422778896422E-011
  -34.1880012361111       5.347753417686158E-011  8.336864456688233E-011
  -34.0200009930556       5.845056974961701E-011  8.297097414468395E-011
  -33.8520007500000       5.373322386406989E-011  6.860681116768883E-011
  -33.6840005000000       4.286208312331839E-011  4.828784663670655E-011
  -33.5160002569444       3.026711719638037E-011  2.943308116076390E-011
  -33.3480000138889       1.919695285380571E-011  1.576015009836384E-011
  -33.1799997708333       1.106229804178572E-011  7.513497659653134E-012
  -33.0119995277778       5.848474751571441E-012  3.234424020218235E-012
  -32.8439992777778       2.862145176454089E-012  1.278298744461052E-012
  -32.6759990347222       1.308525575025691E-012  4.746468473105149E-013
  -32.5079987916667       5.652122296372525E-013  1.720524396264124E-013
  -32.3399985486111       2.343597485587290E-013  6.494667285575385E-014
  -32.1720015347222       9.539530303258342E-014  2.756926466374690E-014
  -32.0040012916667       3.914111650960987E-014  1.346886378885732E-014
  -31.8360010486111       1.652389227902149E-014  7.116799501972871E-015
  -31.6680008055556       7.201353528146705E-015  3.748980489332238E-015
  -31.5000005555556       3.206355584977620E-015  1.877834446587796E-015
  -31.3320003125000       1.464859553700077E-015  8.943829743886760E-016
  -31.1640000694444       7.392190126497117E-016  4.560437715536097E-016
  -30.9959998263889       4.783159214399396E-016  3.377270584731094E-016
  -30.8279995833333       4.022465505248707E-016  3.584052246044750E-016
  -30.6599993333333       3.615176479898776E-016  3.583632110234564E-016
  -30.4919990902778       2.951685543007374E-016  2.350578360265902E-016
  -30.3239988472222       2.066247845578809E-016 -1.820505560149006E-017
  -30.1559986041667       1.278793488308769E-016 -3.278618444122456E-016
  -29.9880015902778       8.308283675665017E-017 -5.993632366149301E-016
  -29.8200013472222       7.214443677074300E-017 -7.711232111697852E-016
  -29.6520011041667       7.627188038340966E-017 -8.411492180350614E-016
  -29.4840008611111       7.122837458640750E-017 -8.655712980136279E-016
  -29.3160006111111       3.762252502620271E-017 -9.248810643351752E-016
  -29.1480003680556      -3.199966885415812E-017 -1.071390466960427E-015
  -28.9800001250000      -1.282535813844315E-016 -1.292274705461177E-015
  -28.8119998819444      -2.260245112075281E-016 -1.511605365817986E-015
  -28.6439996388889      -2.946828449533262E-016 -1.624971470385097E-015
  -28.4759993958333      -3.132251324867729E-016 -1.539894143277515E-015
  -28.3079991458333      -2.808443912730519E-016 -1.206465739140036E-015
  -28.1399989027778      -2.157802300820267E-016 -6.438210567702586E-016
  -27.9719986597222      -1.435172305498724E-016  4.116868594148861E-017
  -27.8039984166667      -8.303687810672438E-017  6.698554537083932E-016
  -27.6360014027778      -4.037440789290410E-017  1.061130305085616E-015
  -27.4680011597222      -1.170091027813870E-017  1.122846304485694E-015
  -27.3000009166667       9.188403763929076E-018  8.958844477382457E-016
  -27.1320006736111       2.519228564693917E-017  5.181762080108965E-016
  -26.9640004236111       3.499141114261430E-017  1.436394117738293E-016
  -26.7960001805556       3.716636846496622E-017 -1.320998153552810E-016
  -26.6279999375000       3.694828725380112E-017 -3.029800673948465E-016
  -26.4599996944444       4.896583353272461E-017 -4.266157215696823E-016
  -26.2919994513889       8.866490556503109E-017 -5.608822824125783E-016
  -26.1239992013889       1.541764713721962E-016 -7.030723658742021E-016
  -25.9560005763889       2.139712935814157E-016 -7.803038045501000E-016
  -25.7880003333333       2.176273607846266E-016 -7.157704419431013E-016
  -25.6200000902778       1.289081089523074E-016 -5.049928649587315E-016
  -25.4519998402778      -4.337783960758525E-017 -2.109632207896150E-016
  -25.2839995972222      -2.440057665540336E-016  8.975861591016961E-017
  -25.1159993541667      -4.018401645409460E-016  3.210323035575691E-016
  -24.9480007291667      -4.676374729770466E-016  4.039657307434387E-016
  -24.7800004791667      -4.332778714406562E-016  3.009277133847158E-016
  -24.6120002361111      -3.271993765211765E-016  6.090782068091171E-017
  -24.4439999930556      -1.973676821475347E-016 -2.135870803540822E-016
  -24.2759997500000      -9.273807323786900E-017 -4.455463634475838E-016
  -24.1079995069444      -4.734841570698463E-017 -6.153579525347917E-016
  -23.9399992569444      -6.979416316829040E-017 -7.301858085596264E-016
  -23.7720006319444      -1.424322144304696E-016 -7.886951053298650E-016
  -23.6040003888889      -2.318737081715723E-016 -7.815872093583571E-016
  -23.4360001458333      -3.056184206119303E-016 -7.222947309528469E-016
  -23.2679999027778      -3.451853759092248E-016 -6.599267368232489E-016
  -23.0999996527778      -3.482380152933575E-016 -6.303383115162990E-016
  -22.9319994097222      -3.210197798560325E-016 -6.032698173714020E-016
  -22.7640007847222      -2.712560047420849E-016 -5.240532061925955E-016
  -22.5960005416667      -2.095771139095139E-016 -4.108885257269425E-016
  -22.4280002916667      -1.541762703630813E-016 -3.665667974908774E-016
  -22.2600000486111      -1.264765470785277E-016 -4.626926941396832E-016
  -22.0919998055556      -1.376278996921960E-016 -6.298073723391076E-016
  -21.9239995625000      -1.805171754273842E-016 -7.052966339333520E-016
  -21.7559993194444      -2.357263144298415E-016 -5.938902122048536E-016
  -21.5880006875000      -2.805037595595871E-016 -3.505158355565992E-016
  -21.4200004444444      -2.884269203001543E-016 -1.119455224109556E-016
  -21.2520002013889      -2.283106136020892E-016  1.337776402899625E-017
  -21.0839999583333      -8.038438302870593E-017 -1.191241806926126E-018
  -20.9159997083333       1.350919270147109E-016 -8.951317812009884E-017
  -20.7479994652778       3.486303700588455E-016 -1.159183097855884E-016
  -20.5799992222222       4.736460199426578E-016  3.407039879233540E-017
  -20.4120005972222       4.599772087951888E-016  3.455194342232317E-016
  -20.2440003472222       3.241843684517572E-016  6.747867238686800E-016
  -20.0760001041667       1.347278761440499E-016  8.827485458219712E-016
  -19.9079998611111      -2.779483430326651E-017  9.582376064071009E-016
  -19.7399996180556      -1.025411111346106E-016  9.998344414957240E-016
  -19.5719993750000      -6.270245948448932E-017  1.098969878827778E-015
  -19.4040007430556       7.815627549990730E-017  1.262719730108827E-015
  -19.2360005000000       2.671880032711003E-016  1.447486268999232E-015
  -19.0680002569444       4.329757755314601E-016  1.644388746067077E-015
  -18.9000000138889       5.225708701870126E-016  1.867770320576255E-015
  -18.7319997638889       5.255633235516455E-016  2.039585093941653E-015
  -18.5639995208333       4.632432531650757E-016  1.996534066079074E-015
  -18.3959992777778       3.604342601163518E-016  1.679423178429950E-015
  -18.2280006527778       2.367475262627530E-016  1.226634113735192E-015
  -18.0600004097222       1.230364980824880E-016  8.211059596233705E-016
  -17.8920001597222       6.791133601551991E-017  5.149862706528112E-016
  -17.7239999166667       1.074391926212701E-016  2.574895772695177E-016
  -17.5559996736111       2.226831037551188E-016  2.428082434819258E-017
  -17.3879994305556       3.346913048838608E-016 -1.694755004061709E-016
  -17.2200007986111       3.475257542641993E-016 -3.530593264690132E-016
  -17.0520005555556       1.995060735137746E-016 -5.798408261670770E-016
  -16.8840003125000      -1.122123188346792E-016 -8.105190968004356E-016
  -16.7160000694444      -5.282616818491487E-016 -9.336263245664010E-016
  -16.5479998263889      -9.333609754494743E-016 -9.042823419875032E-016
  -16.3799995763889      -1.188454812974968E-015 -7.526222738769853E-016
  -16.2119993333333      -1.196946624693424E-015 -4.729660028134100E-016
  -16.0440007083333      -9.616701773082806E-016 -2.721629556041981E-017
  -15.8760004652778      -5.781245005249566E-016  5.188165434912898E-016
  -15.7080002152778      -1.741918982038722E-016  9.556263308571967E-016
  -15.5399999722222       1.409268312323301E-016  1.080363204050530E-015
  -15.3719997291667       2.906220400821020E-016  8.616442933724952E-016
  -15.2039994861111       2.380278352424556E-016  4.115088795838973E-016
  -15.0359992430556       7.220816325754659E-018 -1.633739606338739E-016
  -14.8680006111111      -3.112381106588379E-016 -7.798347800913811E-016
  -14.7000003680556      -6.036469346579174E-016 -1.294363806675270E-015
  -14.5320001250000      -7.954891658629118E-016 -1.532257720546964E-015
  -14.3639998819444      -8.719833362466475E-016 -1.400800763732723E-015
  -14.1959996319444      -8.417551786924954E-016 -9.690936778660611E-016
  -14.0279993888889      -7.280631772137192E-016 -4.204764298566184E-016
  -13.8600007638889      -5.536624574024360E-016  3.609076769278548E-017
  -13.6920005208333      -3.781202542752608E-016  1.680781263116170E-016
  -13.5240002708333      -2.796150815890510E-016 -3.042469079404648E-016
  -13.3560000277778      -2.808637496961880E-016 -8.902002697885943E-016
  -13.1879997847222      -3.364163348484884E-016 -7.557249274783565E-016
  -13.0200003472222      -6.200110485173274E-016  2.989670656405969E-016
  -12.8520001041667      -3.556951428337344E-015  5.304624881408752E-014
  -12.6839998611111       3.518236138264628E-014 -1.609391324906312E-012
  -12.5159996180556       5.014179061169997E-015  1.811405925891452E-011
  -12.3480001805556      -1.667023538525185E-011 -1.515222974100599E-008
  -12.1799999375000      -1.018199514123805E-009 -3.270670078506237E-007
  -12.0119996944444      -4.095801381514157E-007 -1.121625384590736E-007
  -11.8440002569444      -7.298836423538479E-007 -1.363250927184197E-006
  -11.6760000138889      -2.940661892318079E-006 -2.243181353622101E-006
  -11.5079997638889      -3.673992245066807E-007 -1.012252479240897E-006
  -11.3400003333333       1.630676160527561E-006  9.569591634259917E-006
  -11.1720000833333       7.640364446218435E-008  1.146176970326625E-005
  -11.0039998402778       1.614890760349653E-006 -5.724271685717616E-006
  -10.8359995972222      -6.814837477403948E-006 -6.288723061375685E-006
  -10.6680001597222      -1.628881705946316E-006 -2.371238467174366E-006
  -10.4999999166667      -1.658753650956056E-007 -4.212515198715137E-007
  -10.3319996736111      -3.344773417453005E-009 -1.134704878903085E-007
  -10.1640002361111      -1.478555239241300E-008 -1.642621720533001E-008
  -9.99599999305556      -1.482443835188382E-008 -9.687502068087907E-009
  -9.82799975000000      -1.422971462888130E-008 -6.244959313652083E-009
  -9.66000031250000      -1.324259419916481E-008 -6.763857790640578E-009
  -9.49200006944444      -1.030001013582893E-008 -2.635045075353368E-009
  -9.32399981944444      -8.915445579213966E-009 -1.822126127951224E-009
  -9.15600038888889      -7.815833111401150E-009 -3.363039360681232E-009
  -8.98800013888889      -5.633785446226977E-009 -2.324166549931051E-009
  -8.81999989583333      -5.123772730003630E-009 -2.393811359529103E-009
  -8.65199965277778      -3.886595384568379E-009 -2.769709695071408E-009
  -8.48400021527778      -2.670701436916521E-009 -1.374338102105809E-009
  -8.31599997222222      -2.811663692789000E-009 -2.416896057319358E-009
  -8.14799972916667      -2.208153697726265E-009 -1.575615995936367E-009
  -7.98000029166667      -1.831669374813182E-009  1.838612734994974E-010
  -7.81200004861111      -1.336773192446747E-009 -9.503438839814653E-011
  -7.64399980555556      -1.176150006556361E-009 -9.323287561804028E-010
  -7.47600036805556      -1.122031164665465E-009 -5.808469125015163E-010
  -7.30800012500000      -8.317449936261761E-010 -9.054930640406164E-010
  -7.13999988194444      -5.201829704160095E-010 -8.878446421184729E-010
  -6.97199963194444      -5.203749972126928E-010 -2.573000353489537E-010
  -6.80400019791667      -4.565389664110251E-010 -4.200407219639622E-010
  -6.63599995347222      -3.886867720527475E-010 -4.474607151799353E-010
  -6.46800011388889      -2.760231959889801E-010 -3.200452232370446E-010
  -6.29999986944444      -2.314721150148127E-010 -2.530947749119297E-010
  -6.13200002916667      -1.031067227476424E-010 -5.328059077750798E-011
  -5.96400018888889      -7.451405394450621E-011 -1.023488914391648E-010
  -5.79599994444444      -2.185352291046252E-011  1.154977735010223E-010
  -5.62800010416667      -3.738114879357798E-011  6.992983574734026E-011
  -5.45999985972222      -6.482243411361251E-011  2.975045866183921E-010
  -5.29200001944444      -1.951487998564157E-011 -1.241252466107708E-010
  -5.12400017916667      -6.278767728331231E-011 -2.005274288217021E-010
  -4.95599993472222      -2.969608251593045E-011 -1.038062294242518E-010
  -4.78800009444444      -3.872987619158350E-011  2.312164410954469E-011
  -4.61999985000000      -1.108423990034913E-010  1.399132982975468E-011
  -4.45200000972222      -9.691201419048012E-011 -3.901474931457754E-011
  -4.28400016944444      -9.021739304154338E-011 -7.011478010673645E-011
  -4.11599992500000      -8.192210944769568E-011 -1.495389603375383E-010
  -3.94800008541667      -8.040191487285483E-011 -1.214992854563818E-010
  -3.77999984097222      -6.903662658055045E-011 -1.620024373613133E-010
  -3.61200000069444      -7.321108046148979E-011 -1.030127329233959E-010
  -3.44400016041667      -3.807337008882829E-011 -1.032044962365492E-010
  -3.27599991597222      -1.575492521996341E-011 -1.266816560383234E-011
  -3.10800007569444      -1.242224061624681E-011  8.267952974245104E-011
  -2.94000003333333      -2.605090644560242E-011  1.128479196395458E-010
  -2.77199999097222      -3.514823917452136E-011  9.566628513919727E-011
  -2.60399994861111      -2.589776191344513E-011 -2.430630821790861E-011
  -2.43599990625000       1.080256948141651E-012  3.369472437662431E-011
  -2.26800006597222       2.560860981792345E-011  1.145174672803009E-010
  -2.10000002361111       3.220468549179499E-011  1.772367915839151E-010
  -1.93199998125000       2.763821818004693E-011  2.082876511414544E-010
  -1.76399993888889       4.126069346386457E-011  1.521494180592666E-010
  -1.59599999791667       6.048639105337851E-011  9.400455775136738E-011
  -1.42799995555556       7.176945140563224E-011  9.993160921997214E-011
  -1.26000001458333       6.807182366898183E-011  1.262571761463601E-010
  -1.09199997222222       6.770107599388156E-011  1.682799851609005E-010
 -0.924000030555556       7.723152821912865E-011  1.561222860228072E-010
 -0.755999988194444       9.310863997388890E-011  2.082260802895732E-010
 -0.587999996527778       1.279753522456629E-010  2.482307003593507E-010
 -0.420000004722222       1.602086941855989E-010  2.524490294765407E-010
 -0.251999987708333       1.825356351632281E-010  2.755883638702914E-010
 -8.400000222222222E-002  1.839364821971389E-010  2.930043723226078E-010
  8.400000222222222E-002  1.799823953602032E-010  3.185937029683006E-010
  0.251999987708333       1.756538985300231E-010  3.505512831486341E-010
  0.420000004722222       1.792224878632630E-010  3.778989553847009E-010
  0.587999996527778       1.894426978127546E-010  4.340461574050816E-010
  0.755999988194444       2.014733346944972E-010  4.714680275164712E-010
  0.924000030555556       2.034693805245659E-010  5.354079341267705E-010
   1.09199997222222       2.003249680772298E-010  5.839742301168397E-010
   1.26000001458333       2.006106896171905E-010  6.451123160637151E-010
   1.42799995555556       2.004657525764089E-010  7.158307896550329E-010
   1.59599999791667       1.865790323157476E-010  9.331484640434104E-010
   1.76399993888889       1.719334267919040E-010  1.614154571928271E-009
   1.93199998125000       1.681891782382815E-010  1.141172209772421E-008
   2.10000002361111       1.545719594303032E-010  2.734051963599746E-007
   2.26800006597222       1.331916305848375E-010  9.998909092068295E-007
   2.43599990625000       3.847892393824506E-010  1.396053430704285E-006
   2.60399994861111       7.635098754630902E-009  7.274369017702736E-007
   2.77199999097222       4.889872809607958E-008 -2.086104517099479E-008
   2.94000003333333       2.250282374731940E-007  4.158666011632572E-007
   3.10800007569444       9.525234823191828E-007  1.030940659663385E-006
   3.27599991597222       1.596386393345263E-006  2.594518592290623E-006
   3.44400016041667       2.292669248100088E-006  5.261817594337634E-006
   3.61200000069444       3.541975916835250E-006  7.187013496720500E-006
   3.77999984097222       3.938895106320229E-006  8.955958518605728E-006
   3.94800008541667       1.853217056869516E-006  1.141758799244235E-005
   4.11599992500000       5.392409772475515E-006  1.417672675299067E-005
   4.28400016944444       7.668821176931402E-006  2.303910147135284E-005
   4.45200000972222       1.858537498481970E-005  2.584762642173657E-005
   4.61999985000000       3.231359300217173E-005  3.499323216374584E-005
   4.78800009444444       3.225368666632213E-005  4.152465282867857E-005
   4.95599993472222       4.005905978108790E-005  5.372081804053603E-005
   5.12400017916667       5.634474483447275E-005  8.143425758807697E-005
   5.29200001944444       7.896381124721368E-005  9.851984403582429E-005
   5.45999985972222       9.919696826000500E-005  1.230722857329539E-004
   5.62800010416667       1.254840882975234E-004  1.561977845523317E-004
   5.79599994444444       1.536281251967629E-004  1.871485091498262E-004
   5.96400018888889       1.960262617653563E-004  2.084749768155918E-004
   6.13200002916667       2.866049288081700E-004  2.222455820459588E-004
   6.29999986944444       3.046460659330367E-004  2.629669711834159E-004
   6.46800011388889       3.119578713967391E-004  3.221831310698377E-004
   6.63599995347222       3.596063701634276E-004  3.931965540942159E-004
   6.80400019791667       3.751088467700332E-004  4.469329710493153E-004
   6.97199963194444       3.919668979705423E-004  4.517584107854553E-004
   7.13999988194444       4.987052624835459E-004  4.843688969777993E-004
   7.30800012500000       5.526318944772899E-004  4.651263729389495E-004
   7.47600036805556       6.672142065981791E-004  5.196432327415338E-004
   7.64399980555556       7.353912691501981E-004  6.413055383397941E-004
   7.81200004861111       5.989342785321889E-004  6.612144556596940E-004
   7.98000029166667       6.390002370531404E-004  6.451625304666824E-004
   8.14799972916667       6.956828864950805E-004  6.936324724853628E-004
   8.31599997222222       7.526040671650605E-004  6.984327594250177E-004
   8.48400021527778       8.546698093016418E-004  7.994545957687384E-004
   8.65199965277778       7.405080212174516E-004  8.320324142232125E-004
   8.81999989583333       6.357047835985258E-004  6.923014095789959E-004
   8.98800013888889       7.150558599945673E-004  6.147619507314066E-004
   9.15600038888889       9.073570157993738E-004  6.709079932184087E-004
   9.32399981944444       9.403171208607912E-004  6.446987737230224E-004
   9.49200006944444       7.115185155881352E-004  8.236252922867019E-004
   9.66000031250000       7.485673365575437E-004  8.434202929140879E-004
   9.82799975000000       7.519553116361876E-004  7.209256475789436E-004
   9.99599999305556       6.925224798770089E-004  6.516153405116621E-004
   10.1640002361111       6.285759876193845E-004  6.359130784447232E-004
   10.3319996736111       5.993486138965531E-004  5.945841772876258E-004
   10.4999999166667       5.585307690995322E-004  4.729036150596624E-004
   10.6680001597222       5.381209625902706E-004  3.485487485220222E-004
   10.8359995972222       5.221968346285660E-004  3.631759843035068E-004
   11.0039998402778       4.333551225473484E-004  2.842716235450511E-004
   11.1720000833333       3.447959259467321E-004  4.549267301432880E-004
   11.3400003333333       3.239354915840801E-004  5.648561797115813E-004
   11.5079997638889       3.994340847151408E-004  3.809363300151986E-004
   11.6760000138889       2.501205419480145E-004  4.482312335497380E-004
   11.8440002569444       2.880123118803975E-004  3.796962414875848E-004
   12.0119996944444       3.049496230436686E-004  4.282231639810218E-004
   12.1799999375000       2.936932990033309E-004  1.674140475687010E-004
   12.3480001805556       2.751892892455552E-004  1.086764199853483E-004
   12.5159996180556       3.021687180322127E-004  8.656239795899149E-005
   12.6839998611111       1.440256282993770E-004  4.578797093523462E-005
   12.8520001041667      -3.997739620011543E-005 -6.186759344487630E-005
   13.0200003472222      -1.060985383997939E-004 -4.947180307565352E-005
   13.1879997847222      -8.041028830739280E-005 -1.597708440483357E-005
   13.3560000277778      -2.555805251584337E-004 -4.474272515365429E-005
   13.5240002708333      -2.880443163808191E-004 -1.894405046211369E-004
   13.6920005208333      -1.609495784804410E-004 -1.631547327650293E-004
   13.8600007638889      -1.360641610675508E-004 -1.631462454047415E-004
   14.0279993888889      -2.278972170007240E-004 -2.215748786478043E-004
   14.1959996319444      -3.110815253817175E-004 -1.702424731727994E-004
   14.3639998819444      -1.934965306627585E-004 -1.969282909403905E-004
   14.5320001250000      -2.470741625620316E-004 -1.708760994979629E-004
   14.7000003680556      -2.003587471803954E-004 -2.654458219695936E-004
   14.8680006111111      -1.514822279463846E-004 -2.553222120809909E-004
   15.0359992430556      -2.005560791562019E-004 -2.638871023974257E-004
   15.2039994861111      -1.955997920581251E-004 -2.153680927466731E-004
   15.3719997291667      -1.266503430792448E-004 -1.305729468249632E-004
   15.5399999722222      -1.491287761767743E-004 -1.242431820446572E-004
   15.7080002152778      -1.555157646394859E-004 -1.047360788577429E-004
   15.8760004652778      -1.249607650294288E-004 -1.098037409585782E-004
   16.0440007083333      -1.308997669582151E-004 -1.090576788006781E-004
   16.2119993333333      -1.114189327704748E-004 -1.337419624586086E-004
   16.3799995763889      -1.357436181206320E-004 -1.044098223322295E-004
   16.5479998263889      -1.026158869061691E-004 -6.974142384176566E-005
   16.7160000694444      -5.998033528134748E-005 -8.528272922368220E-005
   16.8840003125000      -5.779240437991611E-005 -8.625461925554598E-005
   17.0520005555556      -5.347970630008921E-005 -7.280752420833898E-005
   17.2200007986111      -4.848909382338431E-005 -5.721444900607262E-005
   17.3879994305556      -3.970835781973646E-005 -3.730825577651871E-005
   17.5559996736111      -3.391199781521569E-005 -4.341682882995673E-005
   17.7239999166667      -2.613266432486013E-005 -3.305642824846108E-005
   17.8920001597222      -2.125412585419267E-005 -1.494905929952857E-005
   18.0600004097222      -1.830219232480961E-005 -1.051606504543254E-005
   18.2280006527778      -2.164608784395908E-005 -1.046446031398200E-005
   18.3959992777778      -2.235196615957180E-005 -1.101130696965200E-005
   18.5639995208333      -1.625989683960699E-005 -1.633534820969654E-005
   18.7319997638889      -1.311957871018860E-005 -1.242964879534024E-005
   18.9000000138889      -9.011341418614996E-006 -6.452285758041045E-006
   19.0680002569444      -6.061225829870494E-006 -6.257441665771393E-006
   19.2360005000000      -2.389236373547813E-006 -5.091423121736216E-006
   19.4040007430556      -4.083399836499962E-006 -1.363563903419335E-006
   19.5719993750000      -3.771702057414956E-006  1.437143351682109E-007
   19.7399996180556      -1.962030922523686E-006  6.755270234565166E-008
   19.9079998611111      -2.585464296755652E-006  5.108873102787415E-008
   20.0760001041667      -5.497532978009139E-008 -1.011015251670972E-007
   20.2440003472222      -9.917669084542695E-007  4.220741941885456E-008
   20.4120005972222      -3.379755262208522E-007  1.712674175175142E-008
   20.5799992222222      -1.422507394287011E-007 -1.836791527572338E-008
   20.7479994652778      -2.291550779041311E-007 -1.312146239099713E-007
   20.9159997083333      -7.691165352202055E-008 -1.020870982486144E-007
   21.0839999583333      -2.943489266149446E-008 -1.302297792883684E-008
   21.2520002013889      -4.647315925811364E-009  2.362289201732319E-010
   21.4200004444444      -1.907817211123492E-010  4.161829331081653E-011
   21.5880006875000      -1.431042452298298E-012  1.257953501400203E-011
   21.7559993194444      -2.915394539163618E-012  1.710632434096339E-011
   21.9239995625000      -1.252786210618809E-012  4.895879031948957E-012
   22.0919998055556       6.606481873551330E-013 -1.628723646705276E-013
   22.2600000486111       3.159833644317003E-013 -4.205947737928996E-012
   22.4280002916667       1.521504252662294E-012 -7.213156736028885E-012
   22.5960005416667       4.028995822061741E-012 -8.275138301850691E-012
   22.7640007847222       5.232031319556757E-012 -8.144148123606845E-012
   22.9319994097222       3.638665721655481E-012 -3.492547965889576E-012
   23.0999996527778       2.391763839309592E-012  1.183188106564151E-012
   23.2679999027778       1.162429227296601E-012  4.628323363965904E-012
   23.4360001458333       1.339711403301024E-012  3.426628997638723E-012
   23.6040003888889      -1.367149507716142E-012  1.813380603207236E-012
   23.7720006319444       9.747213373634428E-013  8.586823508860232E-012
   23.9399992569444       9.040609006511598E-013  6.569094960396824E-012
   24.1079995069444      -2.544040522589867E-013  1.957605847349424E-013
   24.2759997500000       1.050893273153658E-012 -7.865106549841114E-012
   24.4439999930556       2.835297522162040E-012 -1.528621832065223E-011
   24.6120002361111       3.590947536950033E-012 -6.771452946292471E-012
   24.7800004791667      -1.355019302363944E-012  7.159759163833715E-012
   24.9480007291667      -6.370411252327396E-012  1.158379897133110E-012
   25.1159993541667      -4.264826426257542E-012  1.934324154451172E-012
   25.2839995972222      -3.206801724347907E-012  1.888857107155387E-012
   25.4519998402778      -2.376496286162207E-012 -8.924795808951690E-012
   25.6200000902778       5.742157088740672E-013 -1.140239204300271E-011
   25.7880003333333      -9.291072333224625E-013 -1.093166949468683E-011
   25.9560005763889      -2.032816109424344E-012 -3.834463955716706E-012
   26.1239992013889      -1.607943482908817E-012 -4.320935902685509E-012
   26.2919994513889      -3.149941278690063E-013 -8.921893537868449E-012
   26.4599996944444      -2.177729910135234E-012 -1.334420110583311E-011
   26.6279999375000      -4.627684416405590E-012 -1.310924493760259E-011
   26.7960001805556      -4.171804224690513E-012 -9.356995747760048E-012
   26.9640004236111      -4.478968054324799E-012 -1.587733966801372E-011
   27.1320006736111      -6.518428394990380E-012 -1.998347095219954E-011
   27.3000009166667      -4.614819503697634E-012 -1.089567303352344E-011
   27.4680011597222      -3.145366916423692E-012 -1.080545956638649E-011
   27.6360014027778      -6.427337527698445E-012 -7.430675564242256E-012
   27.8039984166667      -5.027997907764554E-012 -6.964052819653587E-012
   27.9719986597222      -2.325183856752785E-012 -1.761581058621677E-011
   28.1399989027778      -6.693822135131940E-012 -3.069637929382893E-011
   28.3079991458333      -6.389131757135778E-012 -2.963291497444190E-011
   28.4759993958333      -6.113387679748327E-013 -2.307805075950180E-011
   28.6439996388889       2.712044208423009E-012 -2.627220889730698E-011
   28.8119998819444       1.931698047042839E-012 -3.670251270913585E-011
   28.9800001250000      -2.837481800625959E-012 -3.433450717972874E-011
   29.1480003680556      -8.254669583820584E-012 -3.944437765413284E-011
   29.3160006111111      -7.449227439591421E-012 -4.342723685137812E-011
   29.4840008611111      -1.424972121120900E-012 -3.916844452731260E-011
   29.6520011041667       6.056226986374158E-013 -6.053331220040563E-011
   29.8200013472222      -3.335348875067487E-013 -6.758932208945612E-011
   29.9880015902778      -4.183917879983481E-012 -4.150180460735652E-011
   30.1559986041667      -7.979469599922638E-012 -3.944920467240293E-011
   30.3239988472222      -2.056342883174822E-012 -4.321779906303066E-011
   30.4919990902778       5.616251895610528E-013 -6.751488272255304E-011
   30.6599993333333      -5.797069114863272E-012 -9.288677630226538E-011
   30.8279995833333      -8.628361687368908E-012 -6.968196098163253E-011
   30.9959998263889      -1.006949539419001E-011 -5.515066513187101E-011
   31.1640000694444      -1.385540526370226E-011 -6.837537777425475E-011
   31.3320003125000      -9.457245302555704E-012 -6.389798633950276E-011
   31.5000005555556      -5.240713760579955E-012 -6.879687764690875E-011
   31.6680008055556      -1.000331557724443E-011 -7.258439542466298E-011
   31.8360010486111      -1.322939210987702E-011 -4.996167845790586E-011
   32.0040012916667      -1.585519914698559E-011 -6.376466894297995E-011
   32.1720015347222      -1.595683133160506E-011 -1.025646317535505E-010
   32.3399985486111      -9.579701249261991E-012 -9.067801494873569E-011
   32.5079987916667      -5.038147952049999E-012 -5.816135968771874E-011
   32.6759990347222      -1.280613348466011E-011 -5.655560674100768E-011
   32.8439992777778      -1.188883928839058E-011 -4.711131889974985E-011
   33.0119995277778      -1.085641464625831E-011 -6.358444620844183E-011
   33.1799997708333      -1.768370633965165E-011 -1.104170100933495E-010
   33.3480000138889      -1.450853482502019E-011 -1.007570609621803E-010
   33.5160002569444      -8.117098410382707E-013 -6.224201343196865E-011
   33.6840005000000       1.072769437862565E-011 -5.216150245009705E-011
   33.8520007500000       1.522487935486207E-011 -4.961677324743058E-011
   34.0200009930556       3.507270437484219E-012 -6.196818553855331E-011
   34.1880012361111      -1.311718106152699E-011 -8.433413253562902E-011
   34.3560014791667      -2.745697642295643E-012 -6.305217259009411E-011
   34.5239984930556       1.750228343763426E-011 -7.143198697004490E-011
   34.6919987361111       1.612963041768469E-011 -1.229525236171570E-010
   34.8599989791667       9.808729696775745E-012 -1.015408085312560E-010
   35.0279992222222       2.698811736190666E-012 -5.328768902380689E-011
   35.1959994652778      -8.483973371623216E-012 -4.963885316724679E-011
   35.3639997152778      -3.262657268523811E-012 -4.324789678666558E-011
   35.5319999583333       3.820358694291151E-012 -7.945570862883549E-011
   35.7000002013889      -7.530146525206682E-012 -1.208675889422293E-010
   35.8680004444444      -8.983210766267389E-012 -8.292169745489839E-011
   36.0360006875000      -7.727114296786812E-012 -5.113226200642516E-011
   36.2040009375000      -1.336964966258072E-011 -5.996961026659635E-011
   36.3720011805556      -4.854444270725815E-012 -5.273434726239825E-011
   36.5400014236111      -2.138355260762487E-012 -6.794988876095618E-011
   36.7079984375000      -1.939579465199315E-011 -9.060831828537308E-011
   36.8759986805556      -1.903047868986437E-011 -5.779979177880458E-011
   37.0439989236111      -1.223525030723996E-011 -6.390495284403666E-011
   37.2119991666667      -1.740891146168112E-011 -1.170821948623117E-010
   37.3799994097222      -8.717741887842146E-012 -9.196508983555031E-011
   37.5479996597222      -2.790481608539833E-012 -4.211651168290833E-011
   37.7159999027778      -1.460531891268717E-011 -3.236057552233516E-011
   37.8840001458333      -1.445617669535097E-011 -2.409448590361441E-011
   38.0520003888889      -7.529344876566578E-012 -5.418144623633916E-011
   38.2200006319444      -1.327665842032847E-011 -9.631454947713325E-011
   38.3880008819444      -6.724675397789217E-012 -6.326683789167729E-011
   38.5560011250000       2.024103861826812E-012 -2.719415094304618E-011
   38.7240013680556       2.494097384150551E-012 -3.924819308734571E-011
   38.8920016111111       9.290783654082040E-012 -3.642497233278244E-011
   39.0599986250000       4.301201315640937E-012 -4.695648016849448E-011
   39.2279988680556      -1.365356634036077E-011 -7.315717700091697E-011
   39.3959991111111      -3.484160297065595E-012 -4.519704781806018E-011
   39.5639993541667       1.524953087393134E-011 -3.589507270104026E-011
   39.7319995972222       1.262547995455039E-011 -7.247737895410742E-011
   39.8999998472222       1.162353113491865E-011 -5.630732621066371E-011
   40.0680000902778       1.040089443891614E-011 -2.090654070744726E-011
   40.2360003333333      -9.218291595143058E-013 -1.832945836212883E-011
   40.4040005763889       4.889261972446754E-012 -1.770819449893231E-011
   40.5720008194444       1.098299608633599E-011 -4.428004608850897E-011
   40.7400010694444       3.218743456637533E-012 -7.318912174409739E-011
   40.9080013125000       3.377972482211968E-012 -4.547133944248836E-011
   41.0760015555556       2.460796853530946E-012 -1.984162854606273E-011
   41.2439985694444      -3.646320576911576E-012 -2.579265833331756E-011
   41.4119988125000       7.911946840359955E-013 -2.088674518983637E-011
   41.5799990555556       1.394194445301299E-012 -2.832048770236813E-011
   41.7479992986111      -6.996354583017185E-012 -3.813992866334828E-011
   41.9159995416667      -6.340102083159624E-012 -1.913196595854232E-011
   42.0839997916667      -3.118768254067518E-012 -1.832083586360871E-011
   42.2520000347222      -5.386152058192804E-012 -3.387856210519439E-011
   42.4200002777778      -1.556926484407437E-012 -2.123150943662308E-011
   42.5880005208333      -7.093883999719730E-013 -1.203911316748824E-011
   42.7560007638889      -7.452103362321660E-012 -1.619256741108447E-011
   42.9240010138889      -5.820523101288580E-012 -7.603288235724388E-012
   43.0920012569444      -1.069354329023568E-012 -1.020047766792796E-011
   43.2600015000000      -3.321635092530529E-012 -2.578378420802627E-011
   43.4279985138889      -1.671408925463504E-012 -1.456035149603520E-011
   43.5959987569444       1.975917993855566E-012 -5.417117939474516E-014
   43.7639990000000       8.966986767906008E-014 -4.099672314801635E-012
   43.9319992430556       2.614495524487332E-012 -1.156893108976332E-012
   44.0999994861111       3.948890241845437E-012 -1.904961549865019E-012
   44.2679997361111      -1.737268774597308E-012 -1.320973228628409E-011
   44.4359999791667       4.913447043329282E-013 -9.874395720837773E-012
   44.6040002222222       4.538015042758148E-012 -1.321190898959652E-012
   44.7720004652778       4.025689762468734E-012 -5.534995221722420E-012
   44.9400007083333       3.463760414107707E-012 -4.448634842284911E-012
   45.1080009513889       2.292829396683182E-012  2.272194848706363E-012
   45.2760012013889       4.408215316038403E-013 -1.438262827330309E-013
   45.4440014444444       1.315808177457020E-012 -3.365669118777381E-012
   45.6119984513889       8.404392617663282E-013  1.599715139281899E-013
   45.7799987013889      -7.792752655078188E-013 -4.436841978189750E-013
   45.9479989444444      -8.747610380805950E-013 -1.075872993895026E-012
   46.1159991875000      -1.064689682478861E-012  2.964211944220896E-013
   46.2839994305556       6.220708741381528E-014  2.074331068446937E-012
   46.4519996736111       5.817934128590260E-013  1.621407985324789E-012
   46.6199999236111      -1.009972304814068E-012  2.242395520169192E-012
   46.7880001666667      -3.460952914756671E-013  5.535074266781428E-012
   46.9560004097222       5.184012104918254E-013  2.573700698887742E-012
   47.1240006527778      -3.807113047882306E-013  4.794634826827452E-012
   47.2920008958333       1.135846291613625E-012  1.491419275043132E-011
   47.4600011458333       1.571786132114900E-012  1.137632956963014E-011
   47.6280013888889      -1.154600637587895E-012  3.355971278100343E-012
   47.7959983958333       1.453833283613971E-012  6.093637613046367E-012
   47.9639986458333       3.644636917154707E-012  3.659929830591856E-012
   48.1319988888889       7.508788220908323E-013  4.804393927425221E-012
   48.2999991319444       8.940244836380381E-013  1.980855345853850E-011
   48.4679993750000       7.947043669945514E-013  2.026515855931557E-011
   48.6359996180556      -2.232217974790300E-012  3.376462392230504E-012
   48.8039998680556      -9.347722115566354E-013  4.147777820296223E-012
   48.9720001111111      -1.614597924136842E-012  5.044415237166092E-012
   49.1400003541667      -6.077219954290416E-012  4.218642045051260E-012
   49.3080005972222      -3.555316247491535E-013  3.042574482079752E-011
   49.4760008402778       3.928885913537000E-012  3.631941029131262E-011
   49.6440010902778      -5.708901597336981E-012  9.422945016616854E-012
   49.8120013333333      -1.154078018006088E-011  1.079253701665634E-011
   49.9800015763889      -1.099977537623690E-011  1.921956764518788E-011
   50.1479985833333      -1.308493726453999E-011  5.811806407406479E-012
   50.3159988333333      -7.719698552834217E-012  3.609283355804577E-012
   50.4839990763889      -3.800335592781199E-012  5.242195526081941E-012
   50.6519993194444      -1.050669822652475E-011  3.259773111933258E-012
   50.8199995625000      -1.106442303645538E-011  2.937117307054888E-011
   50.9879998055556      -6.142665310896046E-012  4.235358098904966E-011
   51.1560000555556      -7.827577931950615E-012  1.627429868468103E-011
   51.3240002986111      -4.680243781620862E-012  7.222554534836105E-012
   51.4920005416667       4.801249580848766E-013  1.320761256128503E-011
   51.6600007847222      -3.698625351165960E-012  8.139876396876292E-012
   51.8280010277778      -2.743184009419190E-012  1.827719113427748E-011
   51.9960012777778       2.532138312829745E-012  2.585117802533644E-011
   52.1640015208333      -6.826071517633504E-013  6.641877015896042E-012
   52.3319985277778      -7.051328939462357E-013  1.366639667085541E-011
   52.4999987777778       3.086015604513162E-012  3.124607444318200E-011
   52.6679990208333      -2.546084990105666E-012  1.502878832472810E-011
   52.8359992638889      -3.402174432508139E-012  7.046878208608590E-012
   53.0039995069444       5.482241208049340E-012  1.483460886760447E-011
   53.1719997500000       3.258459317181664E-012  4.012163176745999E-012
   53.3400000000000      -2.168488719351173E-012  1.066014181248863E-011
   53.5080002430556      -8.912869720996660E-013  2.833035252573232E-011
   53.6760004861111      -3.797075972160360E-012  1.505381135557471E-011
   53.8440007291667      -5.064201203499019E-012  1.172697180461734E-012
   54.0120009722222      -1.244114061921002E-012  1.723923333801466E-012
   54.1800012222222      -3.884568313140956E-012 -4.419060462811500E-012
   54.3480014652778      -6.735178510004898E-012  8.350650046720984E-012
   54.5160017083333      -3.331215024327879E-012  3.183011467067402E-011
   54.6840019513889      -4.808629095815983E-012  1.864149795448626E-011
   54.8520021944444      -8.467850155712069E-012  1.212065242746230E-012
   55.0200024444444      -4.189509165167850E-013  1.401784944705185E-011
   55.1880026875000       6.043404478046816E-012  1.633356140025459E-011
   55.3560029305556      -3.187032143397004E-013  6.839365167447975E-012
   55.5240031736111      -4.989801359125438E-012  4.837763457794251E-012
   55.6919969513889      -3.975510641592839E-012  8.183976294005651E-013
   55.8599971944444      -2.221254754460310E-012  4.178979210567547E-012
   56.0279974375000       3.060079932589417E-012  3.168808387381324E-011
   56.1959976875000       6.193383255590846E-012  3.718333589857530E-011
   56.3639979305556       4.384098339180666E-013  1.388902971438660E-011
   56.5319981736111      -3.548536898602556E-013 -1.348423589144604E-013
   56.6999984166667       6.640363797047658E-013 -2.002464782891767E-012
   56.8679986597222      -5.481039064443595E-012  2.770504287293225E-012
   57.0359989097222      -1.956983573356244E-012  3.325389008253698E-011
   57.2039991527778       2.046772996687053E-011  4.974827260759620E-011
   57.3719993958333       4.372594285969855E-011  3.036484850733779E-011
   57.5399996388889       3.874769821755449E-011  5.040669160077940E-012
   57.7079998819444       2.006830474436217E-011 -3.371719688690027E-012
   57.8760001319444      -6.041535062401278E-012 -2.477521141244965E-012
   58.0440003750000      -2.775204504114485E-012  1.651683790890572E-011
   58.2120006180556       2.260498979485694E-011  5.204335643523317E-011
   58.3800008611111       1.437776715655898E-010  1.388192910085284E-010
   58.5480011041667       1.396853086750195E-010  1.176355945695123E-010
   58.7160013541667       3.005142430903008E-010  2.214164241814696E-010
   58.8840015972222       1.118719345487169E-010  1.409490704773434E-010
   59.0520018402778       1.659101826944032E-010  3.143496156600458E-010
   59.2200020833333      -1.092678516874896E-011  8.007894203141895E-011
   59.3880023263889      -7.377039802935942E-011 -5.769943090221749E-011
   59.5560025763889       1.865056996002553E-009  4.941162708087866E-010
   59.7240028194444       4.923520525064605E-009  2.195330606853306E-009
   59.8920030625000       2.720154521720801E-008  1.127980530142535E-008
   60.0599968402778       8.942296111240194E-008  3.817340883621527E-008
