  -60.0599968402778       1.988930368826339E-016  1.703442249542400E-014
  -59.8920030625000       7.437455818855869E-013  1.267507035441389E-012
  -59.7240028194444       8.516401113049608E-014  7.826602054826279E-013
  -59.5560025763889      -7.559997891741035E-013  5.095906506021520E-013
  -59.3880023263889      -7.968976368339332E-012 -4.696699974843079E-012
  -59.2200020833333      -5.420068646241051E-012 -7.084511561202274E-012
  -59.0520018402778      -1.471358561259270E-012 -4.062073873775680E-012
  -58.8840015972222      -4.751586887691723E-012 -9.558846527860395E-012
  -58.7160013541667      -2.620163878604233E-012 -8.285122351512220E-012
  -58.5480011041667      -1.457613448883820E-012 -5.072132057752816E-012
  -58.3800008611111      -7.943325258628015E-013 -2.571626424797609E-012
  -58.2120006180556      -5.645132160659525E-013 -1.963293015837141E-012
  -58.0440003750000      -4.736946013652786E-013 -2.050480539308939E-012
  -57.8760001319444      -3.549031753607387E-013 -1.599733830144810E-012
  -57.7079998819444      -2.336395945510746E-013 -7.922457363049917E-013
  -57.5399996388889      -1.549696702190018E-013 -3.657569265178629E-013
  -57.3719993958333      -1.133919280115196E-013 -2.913135661925260E-013
  -57.2039991527778      -1.074708355523007E-013 -2.478564453685267E-013
  -57.0359989097222      -1.400722599696769E-013 -2.610764638871458E-013
  -56.8679986597222      -1.691506316978132E-013 -4.016991265417925E-013
  -56.6999984166667      -1.567840425083451E-013 -4.693438295757160E-013
  -56.5319981736111      -1.286177457794415E-013 -3.809145576300651E-013
  -56.3639979305556      -1.231006065071946E-013 -2.306946309021081E-013
  -56.1959976875000      -1.309512012075879E-013 -2.111977759894329E-013
  -56.0279974375000      -1.297636212422712E-013 -3.385093124610934E-013
  -55.8599971944444      -1.342103689661109E-013 -3.663889988048155E-013
  -55.6919969513889      -1.616858551070517E-013 -3.177449165071337E-013
  -55.5240031736111      -1.808674046313534E-013 -3.550457858213656E-013
  -55.3560029305556      -1.586331308112346E-013 -3.890312089418328E-013
  -55.1880026875000      -1.221865656738121E-013 -3.433713040528596E-013
  -55.0200024444444      -1.138182052522659E-013 -3.468021683835663E-013
  -54.8520021944444      -1.293916051409896E-013 -4.791565737734261E-013
  -54.6840019513889      -1.431578476604695E-013 -5.874379299503201E-013
  -54.5160017083333      -1.466426026069270E-013 -5.701214218332649E-013
  -54.3480014652778      -1.426394232304916E-013 -5.466408812084461E-013
  -54.1800012222222      -1.339315395789254E-013 -5.491198495329797E-013
  -54.0120009722222      -1.211818597460544E-013 -4.806858898187222E-013
  -53.8440007291667      -1.040358337067866E-013 -3.878463152734433E-013
  -53.6760004861111      -9.312746117880890E-014 -3.762751066979173E-013
  -53.5080002430556      -1.025121269788291E-013 -4.134147570272143E-013
  -53.3400000000000      -1.194583789822448E-013 -4.316115059810658E-013
  -53.1719997500000      -1.163904837988003E-013 -4.194666855268118E-013
  -53.0039995069444      -9.485235199119720E-014 -3.717776486868730E-013
  -52.8359992638889      -7.819089377753145E-014 -3.127230027634319E-013
  -52.6679990208333      -7.027725343795154E-014 -2.965674071966035E-013
  -52.4999987777778      -6.152861217783437E-014 -3.118776117404117E-013
  -52.3319985277778      -5.841900219957756E-014 -3.068555744888052E-013
  -52.1640015208333      -6.862625637571269E-014 -2.934062841297614E-013
  -51.9960012777778      -7.707891608837921E-014 -2.979744298315958E-013
  -51.8280010277778      -6.868590040135736E-014 -2.973596486513012E-013
  -51.6600007847222      -5.263874992101823E-014 -2.887959810631229E-013
  -51.4920005416667      -4.286524264078247E-014 -2.952667042829071E-013
  -51.3240002986111      -3.976528686374303E-014 -3.030066770699908E-013
  -51.1560000555556      -4.135238659686913E-014 -2.960677353834892E-013
  -50.9879998055556      -4.762759165735069E-014 -2.830080712944722E-013
  -50.8199995625000      -5.282009554825658E-014 -2.625783611775984E-013
  -50.6519993194444      -5.073475206216428E-014 -2.359048942004773E-013
  -50.4839990763889      -4.340542761971970E-014 -2.200128439176278E-013
  -50.3159988333333      -3.680871347173482E-014 -2.186454879046950E-013
  -50.1479985833333      -3.448317798797735E-014 -2.210687541642090E-013
  -49.9800015763889      -3.722008742531407E-014 -2.224716598690446E-013
  -49.8120013333333      -4.331432510151542E-014 -2.237264178421926E-013
  -49.6440010902778      -4.853399558529261E-014 -2.255853147311803E-013
  -49.4760008402778      -4.922413717210497E-014 -2.296006596362286E-013
  -49.3080005972222      -4.583661382362255E-014 -2.377135851262045E-013
  -49.1400003541667      -4.212563356505644E-014 -2.494511794340120E-013
  -48.9720001111111      -4.147956628865252E-014 -2.610672007942933E-013
  -48.8039998680556      -4.457809400554386E-014 -2.658334531752663E-013
  -48.6359996180556      -4.877024047617007E-014 -2.543734222986210E-013
  -48.4679993750000      -4.872050795987757E-014 -2.195992159447878E-013
  -48.2999991319444      -3.987191792788198E-014 -1.669402210197241E-013
  -48.1319988888889      -2.307566370164302E-014 -1.185188646435179E-013
  -47.9639986458333      -4.857771738355637E-015 -9.996786414201077E-014
  -47.7959983958333       7.752306852524956E-015 -1.181493804542827E-013
  -47.6280013888889       1.211967630332215E-014 -1.535456961240894E-013
  -47.4600011458333       1.020413302846011E-014 -1.768553121011289E-013
  -47.2920008958333       5.639535605804556E-015 -1.722947209661321E-013
  -47.1240006527778       1.230208766997783E-015 -1.457160977674951E-013
  -46.9560004097222      -1.809697161094488E-015 -1.146740841548602E-013
  -46.7880001666667      -3.461303561931975E-015 -9.416312642134469E-014
  -46.6199999236111      -4.207773436922433E-015 -9.011680161686752E-014
  -46.4519996736111      -4.527578822423653E-015 -1.008015836680368E-013
  -46.2839994305556      -4.699835684100064E-015 -1.204457732186937E-013
  -46.1159991875000      -4.826754850367749E-015 -1.422630534755694E-013
  -45.9479989444444      -4.922121929785643E-015 -1.607943750509277E-013
  -45.7799987013889      -4.975892897253696E-015 -1.732717920002131E-013
  -45.6119984513889      -4.980948036682228E-015 -1.795568828392334E-013
  -45.4440014444444      -4.939293709281506E-015 -1.810809909678812E-013
  -45.2760012013889      -4.861589869955391E-015 -1.796825109629640E-013
  -45.1080009513889      -4.764901513265343E-015 -1.768544475457960E-013
  -44.9400007083333      -4.669724199626089E-015 -1.734406684752395E-013
  -44.7720004652778      -4.596150475954698E-015 -1.696086504700675E-013
  -44.6040002222222      -4.559072695881027E-015 -1.648717826780876E-013
  -44.4359999791667      -4.563737370215013E-015 -1.581646138670808E-013
  -44.2679997361111      -4.603982935577750E-015 -1.483509845293870E-013
  -44.0999994861111      -4.664283096966138E-015 -1.353659192148087E-013
  -43.9319992430556      -4.724373874374455E-015 -1.213131074794488E-013
  -43.7639990000000      -4.764377570090489E-015 -1.103009574345470E-013
  -43.5959987569444      -4.769317241978917E-015 -1.065266896671476E-013
  -43.4279985138889      -4.732907819785368E-015 -1.116196307483773E-013
  -43.2600015000000      -4.660143009077343E-015 -1.231364752611845E-013
  -43.0920012569444      -4.567243193551547E-015 -1.354655489246000E-013
  -42.9240010138889      -4.477754961743301E-015 -1.426659259683752E-013
  -42.7560007638889      -4.415548147076109E-015 -1.413964705545678E-013
  -42.5880005208333      -4.397555233509709E-015 -1.322033243454356E-013
  -42.4200002777778      -4.429303839962063E-015 -1.187231878871931E-013
  -42.2520000347222      -4.504411442266595E-015 -1.056405822048780E-013
  -42.0839997916667      -4.607081889911530E-015 -9.668998493592571E-014
  -41.9159995416667      -4.715997208046318E-015 -9.357387020802137E-014
  -41.7479992986111      -4.808718836659539E-015 -9.589231942574668E-014
  -41.5799990555556      -4.866337526162846E-015 -1.017081934424865E-013
  -41.4119988125000      -4.877795778525664E-015 -1.083935734006392E-013
  -41.2439985694444      -4.842493102432271E-015 -1.135364528446692E-013
  -41.0760015555556      -4.769797443800087E-015 -1.156488394157281E-013
  -40.9080013125000      -4.675312610163976E-015 -1.144306500746966E-013
  -40.7400010694444      -4.575495387584095E-015 -1.106146880971356E-013
  -40.5720008194444      -4.483066123795183E-015 -1.056480441407870E-013
  -40.4040005763889      -4.405082138693465E-015 -1.013149854432236E-013
  -40.2360003333333      -4.343935112421061E-015 -9.916480545332651E-014
  -40.0680000902778      -4.300049923491697E-015 -9.977593285810710E-014
  -39.8999998472222      -4.274489898801631E-015 -1.023046028219571E-013
  -39.7319995972222      -4.270173554840504E-015 -1.048054835072495E-013
  -39.5639993541667      -4.291385715322930E-015 -1.052542597713021E-013
  -39.3959991111111      -4.342042611089670E-015 -1.025822382993971E-013
  -39.2279988680556      -4.423512478147475E-015 -9.706295822346868E-014
  -39.0599986250000      -4.532833376685880E-015 -9.001692489126684E-014
  -38.8920016111111      -4.661966680482678E-015 -8.323796711065319E-014
  -38.7240013680556      -4.798368616937551E-015 -7.843004110416936E-014
  -38.5560011250000      -4.926785960849291E-015 -7.671984258627767E-014
  -38.3880008819444      -5.032176478657989E-015 -7.834407960249822E-014
  -38.2200006319444      -5.103882466391346E-015 -8.268591250745803E-014
  -38.0520003888889      -5.141161591109723E-015 -8.866845529542774E-014
  -37.8840001458333      -5.159601899710108E-015 -9.525621254724054E-014
  -37.7159999027778      -5.197123537345525E-015 -1.017750215112546E-013
  -37.5479996597222      -5.317090237811144E-015 -1.078828682147051E-013
  -37.3799994097222      -5.603578723778456E-015 -1.130920919882097E-013
  -37.2119991666667      -6.139988349107953E-015 -1.159130331162066E-013
  -37.0439989236111      -6.961539130169345E-015 -1.132646942850279E-013
  -36.8759986805556      -7.984065576072331E-015 -1.013976739854202E-013
  -36.7079984375000      -8.940075296050367E-015 -7.893908922571547E-014
  -36.5400014236111      -9.382857567102945E-015 -5.031161912682506E-014
  -36.3720011805556      -8.815949208556611E-015 -2.614402203973006E-014
  -36.2040009375000      -6.944046036625545E-015 -1.947729434826841E-014
  -36.0360006875000      -3.942236265830520E-015 -4.029830323804497E-014
  -35.8680004444444      -5.682978224742079E-016 -9.077273151407800E-014
  -35.7000002013889       2.023507516259758E-015 -1.615048645650394E-013
  -35.5319999583333       2.724347010925862E-015 -2.311192510784664E-013
  -35.3639997152778       8.757500861908110E-016 -2.727858572233802E-013
  -35.1959994652778      -3.681615933103151E-015 -2.653057038984836E-013
  -35.0279992222222      -1.081735492145790E-014 -2.015576340885409E-013
  -34.8599989791667      -2.003585884727379E-014 -9.209195032115400E-014
  -34.6919987361111      -2.993056340515903E-014  3.402517465421118E-014
  -34.5239984930556      -3.796185531629100E-014  1.345045339181299E-013
  -34.3560014791667      -4.142887143993590E-014  1.707958187423685E-013
  -34.1880012361111      -3.912613603000231E-014  1.301987704675052E-013
  -34.0200009930556      -3.214002718931206E-014  3.548816180852059E-014
  -33.8520007500000      -2.307667492261275E-014 -6.815746153877336E-014
  -33.6840005000000      -1.456064664905045E-014 -1.397408779690416E-013
  -33.5160002569444      -8.199451139732586E-015 -1.626177119556872E-013
  -33.3480000138889      -4.408676091095397E-015 -1.459612815429753E-013
  -33.1799997708333      -2.779796270703093E-015 -1.114283890502749E-013
  -33.0119995277778      -2.566887137279929E-015 -7.799955430233780E-014
  -32.8439992777778      -3.052266287337180E-015 -5.468610958025261E-014
  -32.6759990347222      -3.720804283152448E-015 -4.176842554693215E-014
  -32.5079987916667      -4.278138206003191E-015 -3.550813406594310E-014
  -32.3399985486111      -4.594881946850175E-015 -3.191863155089341E-014
  -32.1720015347222      -4.645264809453362E-015 -2.849161140372050E-014
  -32.0040012916667      -4.464613914178947E-015 -2.450578746097685E-014
  -31.8360010486111      -4.119743499997351E-015 -2.048320705117824E-014
  -31.6680008055556      -3.684254628025438E-015 -1.725409802896156E-014
  -31.5000005555556      -3.220550632532962E-015 -1.523233409643557E-014
  -31.3320003125000      -2.773059622613699E-015 -1.425561300141783E-014
  -31.1640000694444      -2.370563924635917E-015 -1.384000632902125E-014
  -30.9959998263889      -2.029733086581039E-015 -1.348929791438179E-014
  -30.8279995833333      -1.754216059950193E-015 -1.281630591475328E-014
  -30.6599993333333      -1.531170433117194E-015 -1.150118731280518E-014
  -30.4919990902778      -1.331934653976851E-015 -9.330112615822374E-015
  -30.3239988472222      -1.121316366783945E-015 -6.340208171303598E-015
  -30.1559986041667      -8.730969980690035E-016 -2.802844967997594E-015
  -29.9880015902778      -5.837873299274339E-016  9.417889426384471E-016
  -29.8200013472222      -2.765374350448375E-016  4.535336341567064E-015
  -29.6520011041667       7.828111894704237E-018  7.599978506917377E-015
  -29.4840008611111       2.288533327573844E-016  9.878618939838756E-015
  -29.3160006111111       3.650712340974708E-016  1.134883002003244E-014
  -29.1480003680556       4.243090747673301E-016  1.209184714200378E-014
  -28.9800001250000       4.405775022155761E-016  1.211763327673191E-014
  -28.8119998819444       4.586847178191526E-016  1.144949539506624E-014
  -28.6439996388889       5.138389176237482E-016  1.032887150416851E-014
  -28.4759993958333       6.164171373876195E-016  9.178104618842611E-015
  -28.3079991458333       7.494742696139340E-016  8.316758561654367E-015
  -28.1399989027778       8.792431245036669E-016  7.754340230060146E-015
  -27.9719986597222       9.713951382627252E-016  7.247248293608790E-015
  -27.8039984166667       1.003526973996105E-015  6.470946434591158E-015
  -27.6360014027778       9.688546224498889E-016  5.090195924552002E-015
  -27.4680011597222       8.736243188762803E-016  2.816813905514872E-015
  -27.3000009166667       7.347275383908036E-016 -3.462627733406029E-016
  -27.1320006736111       5.806802538167653E-016 -3.882852443551774E-015
  -26.9640004236111       4.515652832245714E-016 -6.944471238318288E-015
  -26.7960001805556       3.901472787566375E-016 -8.826386269774092E-015
  -26.6279999375000       4.232310340656151E-016 -9.296439986762883E-015
  -26.4599996944444       5.449405961554483E-016 -8.591464585979792E-015
  -26.2919994513889       7.180612079961438E-016 -7.166316522702484E-015
  -26.1239992013889       8.970699949692975E-016 -5.439704962162784E-015
  -25.9560005763889       1.056480747089934E-015 -3.811179262605603E-015
  -25.7880003333333       1.201161171381033E-015 -2.738883311851123E-015
  -25.6200000902778       1.350106558286439E-015 -2.486170539786726E-015
  -25.4519998402778       1.508308765901246E-015 -2.838616267046092E-015
  -25.2839995972222       1.651501546743327E-015 -3.278382886758915E-015
  -25.1159993541667       1.737192231602603E-015 -3.360152516764520E-015
  -24.9480007291667       1.732754309547786E-015 -2.887406713415472E-015
  -24.7800004791667       1.636521067135766E-015 -2.006329304060526E-015
  -24.6120002361111       1.473553673424897E-015 -1.164465010148235E-015
  -24.4439999930556       1.270133260182231E-015 -7.105975031452254E-016
  -24.2759997500000       1.031178191094936E-015 -5.970949046406204E-016
  -24.1079995069444       7.439603170514749E-016 -5.876984939593261E-016
  -23.9399992569444       4.083623226276425E-016 -4.932359737758936E-016
  -23.7720006319444       6.752085584271711E-017 -1.707376370503155E-016
  -23.6040003888889      -1.929661249367921E-016  3.640164316138716E-016
  -23.4360001458333      -2.861100816255062E-016  7.715331352434864E-016
  -23.2679999027778      -1.789507317737797E-016  6.319597146436463E-016
  -23.0999996527778       8.009754476114788E-017 -3.597685607438796E-017
  -22.9319994097222       3.849535140558711E-016 -7.311256265219523E-016
  -22.7640007847222       6.283656025048234E-016 -1.068981660388856E-015
  -22.5960005416667       7.467049908132405E-016 -1.167391890181488E-015
  -22.4280002916667       7.223925080440676E-016 -1.306196602934485E-015
  -22.2600000486111       5.544381208027788E-016 -1.536727966678906E-015
  -22.0919998055556       2.367179358272520E-016 -1.759341477434963E-015
  -21.9239995625000      -2.274720906478029E-016 -1.827587635146264E-015
  -21.7559993194444      -7.872151010505995E-016 -1.572953575145588E-015
  -21.5880006875000      -1.326146507484716E-015 -1.091228280882515E-015
  -21.4200004444444      -1.698449989017384E-015 -8.587105786176424E-016
  -21.2520002013889      -1.806458617097584E-015 -1.337914413720035E-015
  -21.0839999583333      -1.667185603539267E-015 -2.546428728042934E-015
  -20.9159997083333      -1.416127643902131E-015 -4.036012215555280E-015
  -20.7479994652778      -1.239176839606018E-015 -5.462458077252059E-015
  -20.5799992222222      -1.273302250702603E-015 -7.130916712788206E-015
  -20.4120005972222      -1.536446374831585E-015 -9.611241051192193E-015
  -20.2440003472222      -1.925452050572586E-015 -1.289879632968609E-014
  -20.0760001041667      -2.276717858444425E-015 -1.629650779376557E-014
  -19.9079998611111      -2.449000449905083E-015 -1.914863209461788E-014
  -19.7399996180556      -2.382705008976054E-015 -2.125927926268558E-014
  -19.5719993750000      -2.113253699473133E-015 -2.228223605644400E-014
  -19.4040007430556      -1.746043310318878E-015 -2.135205042414397E-014
  -19.2360005000000      -1.415828040485375E-015 -1.784019964455233E-014
  -19.0680002569444      -1.250104314689923E-015 -1.185420249487305E-014
  -18.9000000138889      -1.342797720717687E-015 -3.952682654982502E-015
  -18.7319997638889      -1.731570692127745E-015  4.806177276587368E-015
  -18.5639995208333      -2.371558260016610E-015  1.264836990095959E-014
  -18.3959992777778      -3.116342445603632E-015  1.776989276980190E-014
  -18.2280006527778      -3.734089423272286E-015  1.952598219353365E-014
  -18.0600004097222      -3.972083688345781E-015  1.863373664570864E-014
  -17.8920001597222      -3.642525359115842E-015  1.641334369853035E-014
  -17.7239999166667      -2.683385646238343E-015  1.441667245530922E-014
  -17.5559996736111      -1.174237492827478E-015  1.438258427361204E-014
  -17.3879994305556       6.780261529026437E-016  1.740800431670575E-014
  -17.2200007986111       2.568697300008187E-015  2.288582175979385E-014
  -17.0520005555556       4.149198526577823E-015  2.884527886191007E-014
  -16.8840003125000       5.117341611651952E-015  3.340124616972472E-014
  -16.7160000694444       5.323555748997349E-015  3.553046326588031E-014
  -16.5479998263889       4.839721572700014E-015  3.482993157658507E-014
  -16.3799995763889       3.941246273811141E-015  3.133584149099741E-014
  -16.2119993333333       2.998059503701207E-015  2.574435046012112E-014
  -16.0440007083333       2.327214579897257E-015  1.923359395418536E-014
  -15.8760004652778       2.087624522707226E-015  1.275497652082573E-014
  -15.7080002152778       2.270706819295143E-015  6.984160374839539E-015
  -15.5399999722222       2.770998905574572E-015  2.940262629343789E-015
  -15.3719997291667       3.465466163253332E-015  1.917018133184458E-015
  -15.2039994861111       4.228051247755014E-015  4.369660136467178E-015
  -15.0359992430556       4.892483892279684E-015  9.020404965921261E-015
  -14.8680006111111       5.238364885189907E-015  1.382512362650491E-014
  -14.7000003680556       5.088728947063137E-015  1.775782630482086E-014
  -14.5320001250000       4.441569397627021E-015  2.062457471351404E-014
  -14.3639998819444       3.599805776037083E-015  2.193954279020329E-014
  -14.1959996319444       3.062746126546685E-015  2.154657923366837E-014
  -14.0279993888889       3.230579217086461E-015  2.010479169658443E-014
  -13.8600007638889       4.181561779381008E-015  1.788807825573366E-014
  -13.6920005208333       5.381115578750207E-015  1.500943063234704E-014
  -13.5240002708333       6.110370252982441E-015  1.233914856343323E-014
  -13.3560000277778       6.806263963148067E-015  1.145007819799154E-014
  -13.1879997847222       5.878910006871423E-015  1.137718666302713E-014
  -13.0200003472222       1.620788283383725E-015  1.466434954661547E-014
  -12.8520001041667       2.017356244177015E-015  2.447991770110492E-014
  -12.6839998611111      -3.178093310255974E-014 -7.766771429322260E-014
  -12.5159996180556      -1.497022433454073E-013 -1.390857097039101E-012
  -12.3480001805556      -7.388526103943918E-013 -2.296271189404989E-010
  -12.1799999375000      -5.933949256428190E-010 -1.278980791133944E-008
  -12.0119996944444      -4.862967642830852E-008 -1.852448085333296E-007
  -11.8440002569444      -5.669836347616299E-007 -7.517036575903500E-007
  -11.6760000138889      -2.871225710214181E-006 -1.731281500427356E-006
  -11.5079997638889      -6.710813659987056E-006 -3.766949653357797E-006
  -11.3400003333333      -1.098704176272397E-005 -7.666762872413348E-006
  -11.1720000833333      -1.333242260982420E-005 -1.142110368611893E-005
  -11.0039998402778      -1.291749463394860E-005 -9.398897394593769E-006
  -10.8359995972222      -8.768388252501544E-006 -4.812378136064615E-006
  -10.6680001597222      -3.542596170444955E-006 -1.599060808812054E-006
  -10.4999999166667      -4.755590338785549E-007 -3.214885619304883E-007
  -10.3319996736111      -1.748947990835494E-008 -5.935616664603265E-008
  -10.1640002361111       1.315868821896693E-008  1.054901446366374E-008
  -9.99599999305556       1.034349157741783E-008  6.645227641257995E-009
  -9.82799975000000       8.984574889460916E-009  5.450422831981622E-009
  -9.66000031250000       5.595992886797973E-009  7.773189082224627E-010
  -9.49200006944444       2.940312287755338E-009  4.046125597548448E-009
  -9.32399981944444       3.094766754012977E-009 -1.331559253758980E-009
  -9.15600038888889       6.073676469276808E-010  4.728732167795414E-010
  -8.98800013888889       8.660174979027883E-010  2.718071307716832E-009
  -8.81999989583333       1.362489100580265E-009  1.081874166821187E-009
  -8.65199965277778       1.260977032544279E-009  1.305957508098707E-009
  -8.48400021527778       1.065728064895300E-009  2.670233153608154E-009
  -8.31599997222222       1.613222894166097E-009  2.558690667955517E-009
  -8.14799972916667       6.970777604808734E-010  9.996711837040521E-010
  -7.98000029166667       6.940412497881691E-010  6.213499380166920E-010
  -7.81200004861111       4.671544438540906E-010  1.302454231083475E-009
  -7.64399980555556       2.177556683094264E-010  9.450010914522672E-010
  -7.47600036805556      -4.483099541946496E-011 -1.473679824398758E-010
  -7.30800012500000      -8.101318612317509E-011 -1.393491121304125E-009
  -7.13999988194444      -6.117177390120744E-010 -1.100581750644273E-009
  -6.97199963194444      -2.761510381977490E-010 -3.907986031470050E-010
  -6.80400019791667      -2.520757682097333E-010 -9.833958271535828E-010
  -6.63599995347222       2.618744097602685E-011 -3.148935510594325E-010
  -6.46800011388889       1.444440003137598E-010 -8.332353407661510E-010
  -6.29999986944444       6.586128643645977E-011 -8.550022000530888E-010
  -6.13200002916667       1.709335067954535E-010 -1.056723419538019E-009
  -5.96400018888889       9.355023837021330E-011 -6.077878715606342E-010
  -5.79599994444444      -1.572329533960138E-010 -4.679615466032677E-010
  -5.62800010416667      -2.473302822420100E-010 -5.573134910409909E-010
  -5.45999985972222       8.663930778246600E-011 -6.185226121475616E-010
  -5.29200001944444       1.511022713160634E-010 -5.434646281145085E-010
  -5.12400017916667       4.159198975001399E-011 -6.287531506514302E-010
  -4.95599993472222      -1.079222004391126E-010  1.136357037968861E-010
  -4.78800009444444       3.998267187114167E-011  3.300963821536712E-011
  -4.61999985000000       2.486471518258154E-010  4.116732807499968E-011
  -4.45200000972222       3.001935098382855E-010 -6.300174184244704E-011
  -4.28400016944444       1.026880685176973E-010 -3.085958310225404E-010
  -4.11599992500000       1.566778040964199E-010 -3.953159333740691E-010
  -3.94800008541667       2.346740722651066E-010 -8.414969195468377E-010
  -3.77999984097222       4.198223468142763E-010 -8.675352789273249E-011
  -3.61200000069444       4.319140486801071E-010  3.812027015717300E-010
  -3.44400016041667       2.037598447680671E-010  5.636572470025878E-011
  -3.27599991597222       1.168836125748167E-010 -5.536681016107576E-010
  -3.10800007569444       1.857317930998569E-011 -4.919634206809131E-010
  -2.94000003333333       1.492533335898944E-010 -4.801260542175309E-010
  -2.77199999097222       1.873033379386953E-010 -2.576820442689580E-010
  -2.60399994861111       1.718189800446324E-010  6.058324232934565E-011
  -2.43599990625000       1.705538270286853E-010  3.531961518193839E-010
  -2.26800006597222       1.165574937606169E-010  2.796022667176291E-011
  -2.10000002361111       1.294904458411164E-010 -2.335536190518409E-011
  -1.93199998125000       1.072663267379987E-010 -8.367289953834512E-011
  -1.76399993888889       1.727708195459391E-010 -4.016297997022659E-010
  -1.59599999791667       1.033346886978213E-010 -5.261238705583678E-010
  -1.42799995555556       1.939467484699054E-011 -6.199109806632442E-010
  -1.26000001458333      -2.226195004777424E-011 -4.710722120594934E-010
  -1.09199997222222      -1.133632091301327E-010 -5.552027982779218E-010
 -0.924000030555556      -1.311921172703444E-010 -7.022153941324978E-010
 -0.755999988194444      -2.425457586162320E-010 -6.826579181437285E-010
 -0.587999996527778      -2.203856766120059E-010 -7.265548644080802E-010
 -0.420000004722222      -1.673403185986810E-010 -4.788510890131716E-010
 -0.251999987708333      -1.231126794048790E-010 -1.945576718807967E-010
 -8.400000222222222E-002 -1.919341136756169E-010 -2.136738446571339E-010
  8.400000222222222E-002 -3.158588283236938E-010 -4.268968162976864E-010
  0.251999987708333      -3.377147660401243E-010 -6.480411989834897E-010
  0.420000004722222      -2.845395106464964E-010 -7.525213559797481E-010
  0.587999996527778      -3.390259021811470E-010 -9.059816678986976E-010
  0.755999988194444      -3.974794493358227E-010 -1.209644454878670E-009
  0.924000030555556      -4.585268969483690E-010 -1.492256720390950E-009
   1.09199997222222      -4.648095668266106E-010 -1.908988341894368E-009
   1.26000001458333      -4.610545260493521E-010 -2.226069566032481E-009
   1.42799995555556      -3.971754525370500E-010 -2.308256528218835E-009
   1.59599999791667      -3.271420572230681E-010 -1.745514054245658E-009
   1.76399993888889      -3.170133920530028E-010 -5.987136252792008E-010
   1.93199998125000      -1.191714716634757E-010  3.598149028652648E-008
   2.10000002361111       1.351604006204625E-010  9.042237746420177E-007
   2.26800006597222       6.045787686575905E-010  3.889465749442907E-006
   2.43599990625000       2.336166221837236E-009  1.129698376887425E-005
   2.60399994861111       4.361301746221238E-008  1.640916399548112E-005
   2.77199999097222       3.525626597061435E-007  6.670758221663581E-006
   2.94000003333333       1.362565831924524E-006 -5.504120374000331E-007
   3.10800007569444       1.027268364344882E-005  1.937756533812176E-005
   3.27599991597222       1.931179076090383E-005  3.710138647914205E-005
   3.44400016041667       2.718098237586219E-005  7.106403793260349E-005
   3.61200000069444       5.427097386408130E-005  1.156697711237237E-004
   3.77999984097222       8.395482156346428E-005  1.658152228184887E-004
   3.94800008541667       1.271990069787629E-004  2.608360594558846E-004
   4.11599992500000       2.333084419663722E-004  4.677047739781664E-004
   4.28400016944444       3.607444772878214E-004  6.363122072070909E-004
   4.45200000972222       5.645570873087810E-004  7.494150155644984E-004
   4.61999985000000       7.355722894370309E-004  9.656130166920283E-004
   4.78800009444444       8.295043187769659E-004  1.243775127411994E-003
   4.95599993472222       1.260628626008213E-003  1.637298049188838E-003
   5.12400017916667       2.260534622837757E-003  2.057200070231973E-003
   5.29200001944444       3.388661783623217E-003  2.681327113230663E-003
   5.45999985972222       4.565699170802498E-003  3.714327157077037E-003
   5.62800010416667       5.904806969359371E-003  5.140419121282154E-003
   5.79599994444444       7.739754959279903E-003  6.909325248469727E-003
   5.96400018888889       1.000458473623927E-002  8.560965233164967E-003
   6.13200002916667       1.244374143837487E-002  1.059783056159569E-002
   6.29999986944444       1.531259956792683E-002  1.306598657187423E-002
   6.46800011388889       1.843880551947701E-002  1.576838277505974E-002
   6.63599995347222       2.165048099954460E-002  1.904376325155552E-002
   6.80400019791667       2.580213586676959E-002  2.364205756228151E-002
   6.97199963194444       3.031549678650013E-002  2.836446452387046E-002
   7.13999988194444       3.585692780958228E-002  3.313676466495127E-002
   7.30800012500000       4.101905698979231E-002  3.865817673433060E-002
   7.47600036805556       4.509811489869792E-002  4.350620710576512E-002
   7.64399980555556       5.074471327315576E-002  4.949016825851240E-002
   7.81200004861111       5.617029413893753E-002  5.550290168923067E-002
   7.98000029166667       6.269129260991681E-002  6.035473440589626E-002
   8.14799972916667       6.927268175299398E-002  6.750568458456610E-002
   8.31599997222222       7.450761866805507E-002  7.424097855387722E-002
   8.48400021527778       8.065390415002274E-002  7.998104581682411E-002
   8.65199965277778       8.721834112300940E-002  8.349811628748417E-002
   8.81999989583333       9.575240908464007E-002  8.953837718058660E-002
   8.98800013888889       0.103631261230596       9.354330897980476E-002
   9.15600038888889       0.107505951010995       9.898257718713956E-002
   9.32399981944444       0.110326008028241       0.105616305285284     
   9.49200006944444       0.114106001107486       0.110435235228537     
   9.66000031250000       0.119531508424311       0.114590235461745     
   9.82799975000000       0.123464399143411       0.117061845185317     
   9.99599999305556       0.126329190414970       0.120828779053335     
   10.1640002361111       0.125527606616514       0.124158747615304     
   10.3319996736111       0.128082573780510       0.122799066383570     
   10.4999999166667       0.129405759249792       0.123484350198644     
   10.6680001597222       0.131344835617892       0.123284126799865     
   10.8359995972222       0.131484662622040       0.123013175158534     
   11.0039998402778       0.128193815291808       0.120592184326318     
   11.1720000833333       0.124832477265894       0.118825911367074     
   11.3400003333333       0.123391882815169       0.116491163840398     
   11.5079997638889       0.120574032575411       0.114194858560753     
   11.6760000138889       0.116352061004264       0.112406812598836     
   11.8440002569444       0.113386948687418       0.110124098437793     
   12.0119996944444       0.111028685461534       0.106790282295823     
   12.1799999375000       0.108595970641464       9.972846109225619E-002
   12.3480001805556       0.103438857528957       9.485585121715315E-002
   12.5159996180556       9.944227732396212E-002  9.191440179006077E-002
   12.6839998611111       9.530510054735768E-002  8.801252963865532E-002
   12.8520001041667       9.015037520287976E-002  8.378620688402658E-002
   13.0200003472222       8.437834439267398E-002  7.714487407483563E-002
   13.1879997847222       7.784712143301969E-002  7.259743342340703E-002
   13.3560000277778       7.146744946536698E-002  6.551859785322711E-002
   13.5240002708333       6.346061870645385E-002  5.900463260163492E-002
   13.6920005208333       5.788804741922088E-002  5.356025498549828E-002
   13.8600007638889       5.276683598585259E-002  4.863138497490820E-002
   14.0279993888889       4.696608381380954E-002  4.356061697962418E-002
   14.1959996319444       4.205641513459316E-002  3.977663481119616E-002
   14.3639998819444       3.755307500812579E-002  3.496085373285040E-002
   14.5320001250000       3.331759999869671E-002  3.002517117032963E-002
   14.7000003680556       2.878479727770200E-002  2.682786344715438E-002
   14.8680006111111       2.572565875323918E-002  2.285695763311107E-002
   15.0359992430556       2.310257587852295E-002  2.051895940926032E-002
   15.2039994861111       1.997390008794086E-002  1.789704921122224E-002
   15.3719997291667       1.636839658863637E-002  1.512219467704804E-002
   15.5399999722222       1.399927790306886E-002  1.249578333634642E-002
   15.7080002152778       1.173816348369405E-002  1.051963191255097E-002
   15.8760004652778       9.429416366639255E-003  8.528897719010354E-003
   16.0440007083333       7.659547628105544E-003  7.072854786350372E-003
   16.2119993333333       6.594542487911893E-003  5.956650121498381E-003
   16.3799995763889       5.088233998398146E-003  5.120058206097431E-003
   16.5479998263889       4.076476675006751E-003  4.397518538281990E-003
   16.7160000694444       3.615566019713270E-003  3.590187283013420E-003
   16.8840003125000       3.348075044141466E-003  2.787661309652941E-003
   17.0520005555556       2.632816325809896E-003  2.304247908319197E-003
   17.2200007986111       1.869983617222383E-003  1.922755255473464E-003
   17.3879994305556       1.682028407856226E-003  1.611507319966653E-003
   17.5559996736111       1.495856966549860E-003  1.273429921852923E-003
   17.7239999166667       1.150880285137828E-003  1.020764132710090E-003
   17.8920001597222       8.200199161240471E-004  7.057764810809899E-004
   18.0600004097222       6.575022355876113E-004  4.945827738536309E-004
   18.2280006527778       5.560046186969381E-004  4.479896079340691E-004
   18.3959992777778       5.166470926659456E-004  3.603902167858428E-004
   18.5639995208333       4.177770771146359E-004  2.666743729033666E-004
   18.7319997638889       3.010446902943384E-004  1.412950288808914E-004
   18.9000000138889       1.768751761862116E-004  8.902475474823576E-005
   19.0680002569444       1.757479214955572E-004  1.063531493277933E-004
   19.2360005000000       1.401167060388785E-004  7.392552900090197E-005
   19.4040007430556       9.538820393202150E-005  3.324468438998320E-005
   19.5719993750000       3.240832474869399E-005  1.754897852402647E-005
   19.7399996180556       2.268162230191610E-005  1.456041408366590E-005
   19.9079998611111       4.812894300299937E-005  1.191737268148922E-005
   20.0760001041667       2.646974831493168E-005  4.948812308082615E-006
   20.2440003472222       7.289803712039087E-006  2.739983748755814E-006
   20.4120005972222       2.262846279120724E-006  1.853921059130933E-006
   20.5799992222222       1.672001634751997E-006  1.408710191423520E-006
   20.7479994652778       2.345423493350489E-006  1.081018417601893E-006
   20.9159997083333       2.165004109526504E-006  4.758156312253548E-007
   21.0839999583333       5.850484959023708E-007  2.422861054780233E-008
   21.2520002013889       8.550724476440450E-008  2.174376752861234E-010
   21.4200004444444       6.285850608188336E-009  1.634603550307510E-010
   21.5880006875000       5.249058599950283E-010  2.351518415980945E-010
   21.7559993194444       1.355729947292170E-010  1.313575955282961E-010
   21.9239995625000       9.303195572730998E-011  3.595150033383073E-011
   22.0919998055556       4.757538717151492E-011  3.845452272852931E-011
   22.2600000486111       5.339826779168840E-011  1.120530320279900E-010
   22.4280002916667       6.057442617043097E-011  7.071690320889421E-011
   22.5960005416667       9.268444861697569E-012 -1.879155709450695E-011
   22.7640007847222      -8.657408111719028E-012 -3.470990270429869E-011
   22.9319994097222       2.335000528501865E-011 -1.303082960423140E-011
   23.0999996527778       2.364667522436080E-012  7.261085971041884E-011
   23.2679999027778      -1.015512046032876E-012  5.887337123090933E-011
   23.4360001458333       3.143777188545278E-011  2.686440525747097E-012
   23.6040003888889       1.527571718456303E-011  3.997925185492192E-011
   23.7720006319444       4.154436246712640E-011  2.049116550944874E-011
   23.9399992569444       5.619287423489081E-011  6.812251790015894E-011
   24.1079995069444       3.971103352586085E-011  7.129499134344292E-011
   24.2759997500000       3.917160896450822E-011  9.879155814291231E-011
   24.4439999930556       4.198602409949800E-011  1.455021818707084E-010
   24.6120002361111       4.232124892508011E-011  8.756992107117838E-011
   24.7800004791667       6.525921076133742E-011  7.519937460610511E-011
   24.9480007291667       6.982314599636193E-011  1.406886117588263E-010
   25.1159993541667       5.247820965318889E-011  1.275640228578526E-010
   25.2839995972222       3.803927202649873E-012  5.328572870634349E-011
   25.4519998402778       1.590171189454117E-011  3.647622514904320E-012
   25.6200000902778       6.417008051129051E-011  6.222220474018126E-011
   25.7880003333333       6.106696120278010E-011  8.084318127993140E-011
   25.9560005763889       6.140371950250696E-011  6.798099035684050E-011
   26.1239992013889       1.776427433346315E-011  5.980516492583622E-011
   26.2919994513889       9.696944174326705E-012  1.418341749525036E-010
   26.4599996944444       6.089636088675854E-011  1.255548977465227E-010
   26.6279999375000       8.685318790312970E-011 -4.597867632084554E-012
   26.7960001805556       6.635803720528931E-011  1.398912315519071E-011
   26.9640004236111       5.446620342657999E-011  6.822532522132232E-012
   27.1320006736111       4.696648727296489E-011  2.678746674928559E-011
   27.3000009166667       3.144483060922219E-011  1.411932038180941E-010
   27.4680011597222       5.489889607958950E-011  1.035757761277955E-010
   27.6360014027778       8.915182348875144E-011  9.670154354669496E-011
   27.8039984166667       9.084643362112863E-011  1.323593599094569E-010
   27.9719986597222       8.571004352942736E-011  1.507793459016629E-010
   28.1399989027778       6.064708438867108E-011  1.153655047689490E-010
   28.3079991458333       6.565265490771419E-011  1.534661823525832E-010
   28.4759993958333       1.359831225909610E-010  1.525553618848924E-010
   28.6439996388889       1.603343126345436E-010  2.204139220464248E-010
   28.8119998819444       1.036051070937734E-010  1.778931396583062E-010
   28.9800001250000       9.291446315160057E-011  1.412217127360429E-010
   29.1480003680556       9.377164885016515E-011  1.514360206544620E-010
   29.3160006111111       8.861203005045676E-011  1.983318943619644E-010
   29.4840008611111       1.153092246869353E-010  2.772251868566172E-010
   29.6520011041667       1.239038782470145E-010  3.252558524275815E-010
   29.8200013472222       1.183560323365778E-010  2.856037312253686E-010
   29.9880015902778       1.072342028466025E-010  2.423588329018593E-010
   30.1559986041667       8.974066702099584E-011  2.520997136135268E-010
   30.3239988472222       1.138963733022272E-010  2.368215051304334E-010
   30.4919990902778       1.348347454755217E-010  2.477575682335681E-010
   30.6599993333333       1.565215373667704E-010  2.647030371968679E-010
   30.8279995833333       1.552954958048511E-010  1.958799798264158E-010
   30.9959998263889       1.327971957403878E-010  1.324602950978008E-010
   31.1640000694444       1.124380552613318E-010  2.321277041331294E-010
   31.3320003125000       1.329460217363187E-010  2.874283019740960E-010
   31.5000005555556       1.298039806407528E-010  2.657112305761613E-010
   31.6680008055556       1.212897106565988E-010  2.528789925019331E-010
   31.8360010486111       1.360442402717553E-010  2.688436913694062E-010
   32.0040012916667       1.168621650154725E-010  1.562158015766995E-010
   32.1720015347222       1.150053333844979E-010  1.063410673728625E-010
   32.3399985486111       1.511223171636124E-010  2.018351502779296E-010
   32.5079987916667       1.543427287591801E-010  2.481284898489675E-010
   32.6759990347222       1.380982208809909E-010  3.104085134149777E-010
   32.8439992777778       1.079962077136110E-010  3.914648159006678E-010
   33.0119995277778       1.024135608367745E-010  3.634413400075220E-010
   33.1799997708333       1.185713404762203E-010  2.975410317426039E-010
   33.3480000138889       1.473671287944078E-010  3.260292503841823E-010
   33.5160002569444       1.601534048428275E-010  4.212449470895953E-010
   33.6840005000000       1.553825823606108E-010  4.511643661706668E-010
   33.8520007500000       1.527475994683998E-010  4.066774696814906E-010
   34.0200009930556       1.719245737452951E-010  3.240581195978822E-010
   34.1880012361111       1.881204320656696E-010  3.386784201017481E-010
   34.3560014791667       1.842204120490954E-010  3.287171196699556E-010
   34.5239984930556       1.930154711821127E-010  3.432184943094627E-010
   34.6919987361111       1.963758347306586E-010  3.452339325273414E-010
   34.8599989791667       1.721094442881336E-010  2.937217008810957E-010
   35.0279992222222       1.489128390731271E-010  2.871957408093995E-010
   35.1959994652778       1.473646625473975E-010  2.664615051769977E-010
   35.3639997152778       1.489898289606009E-010  2.818867795654567E-010
   35.5319999583333       1.566368271584148E-010  3.451473413412027E-010
   35.7000002013889       1.557509955304657E-010  3.376190688220187E-010
   35.8680004444444       1.339966359639464E-010  3.117758453438691E-010
   36.0360006875000       1.223092549269503E-010  2.460824031445375E-010
   36.2040009375000       1.340177357456155E-010  1.998001509810279E-010
   36.3720011805556       1.281459841797081E-010  2.423035856546987E-010
   36.5400014236111       1.236960530396247E-010  2.854979373389770E-010
   36.7079984375000       1.329330899440804E-010  2.703810440740610E-010
   36.8759986805556       1.071526177446112E-010  2.123947481133624E-010
   37.0439989236111       1.000390788821994E-010  1.718893617445885E-010
   37.2119991666667       1.075538293648685E-010  1.933974169072391E-010
   37.3799994097222       9.744786591516560E-011  2.498455382181771E-010
   37.5479996597222       9.555324016547469E-011  2.728334854737464E-010
   37.7159999027778       8.991535660140340E-011  2.740678320159475E-010
   37.8840001458333       8.279526224817988E-011  2.650923815601021E-010
   38.0520003888889       7.411359059688954E-011  2.321764380880124E-010
   38.2200006319444       8.326393094237921E-011  2.527060840084346E-010
   38.3880008819444       1.035191166706679E-010  3.159220853672439E-010
   38.5560011250000       9.893850817727869E-011  3.546884171400419E-010
   38.7240013680556       1.013604066279174E-010  3.520054381497552E-010
   38.8920016111111       1.060733998067178E-010  3.208569210978161E-010
   39.0599986250000       1.081112024242865E-010  2.675041833012856E-010
   39.2279988680556       1.205488476668703E-010  2.724712062210552E-010
   39.3959991111111       1.310634952120806E-010  2.985210850808905E-010
   39.5639993541667       1.333217914486706E-010  2.870118083090972E-010
   39.7319995972222       1.359012214116569E-010  2.576144238969813E-010
   39.8999998472222       1.154711195688787E-010  2.279598373610254E-010
   40.0680000902778       9.290312282046823E-011  2.026082530506382E-010
   40.2360003333333       9.980365107845008E-011  2.071922552118942E-010
   40.4040005763889       9.713380408671522E-011  2.040510888610633E-010
   40.5720008194444       8.472968455024598E-011  1.864191294104605E-010
   40.7400010694444       8.532568956483651E-011  1.818822381043732E-010
   40.9080013125000       6.916580201598123E-011  1.541058465675144E-010
   41.0760015555556       5.627647228929761E-011  1.053775187046508E-010
   41.2439985694444       6.159250545177094E-011  1.007200362565410E-010
   41.4119988125000       5.930337108224197E-011  1.120213297102419E-010
   41.5799990555556       5.347527348817395E-011  1.060299250242634E-010
   41.7479992986111       5.818191667273141E-011  9.618744502224847E-011
   41.9159995416667       4.556660454760473E-011  8.795497063228849E-011
   42.0839997916667       3.312015111236614E-011  5.854677285610029E-011
   42.2520000347222       4.330032210463495E-011  5.363077619792499E-011
   42.4200002777778       4.746536698871706E-011  7.099734453891320E-011
   42.5880005208333       3.835599042764060E-011  8.969372479528632E-011
   42.7560007638889       2.933357660564940E-011  8.947190328102762E-011
   42.9240010138889       2.471269204044497E-011  7.037284641538560E-011
   43.0920012569444       2.185448989501772E-011  5.180778108070708E-011
   43.2600015000000       2.578311759469530E-011  7.049009658624739E-011
   43.4279985138889       2.942813557490530E-011  8.591938119403341E-011
   43.5959987569444       2.741700794757789E-011  8.421456370970299E-011
   43.7639990000000       2.359699211123018E-011  7.052395421985579E-011
   43.9319992430556       2.119100147871681E-011  5.241163263482180E-011
   44.0999994861111       1.815068610442351E-011  4.290042524660785E-011
   44.2679997361111       1.825766963953781E-011  2.463142581527889E-011
   44.4359999791667       2.701870253007214E-011  1.677411376696479E-011
   44.6040002222222       2.422530811110786E-011  1.979115432363320E-011
   44.7720004652778       1.248920759023834E-011  1.376466944046704E-011
   44.9400007083333       5.847969521902614E-012  1.653655438145760E-011
   45.1080009513889       8.168262136274871E-012  9.470280491494938E-012
   45.2760012013889       1.316414831817186E-011 -5.895886636673232E-012
   45.4440014444444       1.011835512128930E-011  8.311577415344531E-012
   45.6119984513889       3.124578878998308E-014  5.237621122646269E-012
   45.7799987013889      -7.294907112181379E-012 -1.060461002370025E-011
   45.9479989444444      -9.917134066825719E-012 -4.946426700412476E-012
   46.1159991875000      -7.744909974404802E-012  2.350806641984624E-012
   46.2839994305556      -4.347728884145078E-012 -1.559251067851095E-012
   46.4519996736111      -7.511408893968849E-012 -1.012392055215229E-011
   46.6199999236111      -8.713580824194203E-012 -5.355623868340696E-012
   46.7880001666667      -7.065379363378225E-012 -5.845803687285797E-012
   46.9560004097222      -9.234271706561958E-012 -1.436954331067826E-011
   47.1240006527778      -1.080657410171850E-011 -1.037464818578137E-011
   47.2920008958333      -5.191654115352259E-012 -8.990198843515310E-013
   47.4600011458333      -6.674226206295045E-012 -4.749410513733704E-012
   47.6280013888889      -1.372814798837007E-011 -2.995422259996800E-011
   47.7959983958333      -1.306472412553401E-011 -4.110497733245421E-011
   47.9639986458333      -1.390392839059194E-011 -3.334082910810453E-011
   48.1319988888889      -1.605961098699780E-011 -3.740196135761478E-011
   48.2999991319444      -1.324365447335735E-011 -4.079625631515748E-011
   48.4679993750000      -1.490351244554170E-011 -6.170722618074447E-011
   48.6359996180556      -1.971459654914871E-011 -9.474070965557900E-011
   48.8039998680556      -2.838497529634212E-011 -1.052690477844248E-010
   48.9720001111111      -3.507368650970037E-011 -1.111434552848996E-010
   49.1400003541667      -3.247054564326232E-011 -1.035874220998227E-010
   49.3080005972222      -2.861491210332563E-011 -1.053263713023867E-010
   49.4760008402778      -3.230390021502646E-011 -1.219414002186711E-010
   49.6440010902778      -4.266712902461649E-011 -1.222088360016480E-010
   49.8120013333333      -5.814305812172310E-011 -1.390959803124952E-010
   49.9800015763889      -6.669884788170798E-011 -1.407084152221124E-010
   50.1479985833333      -6.186100043853854E-011 -1.066925439037460E-010
   50.3159988333333      -4.797982912043498E-011 -9.785828894021727E-011
   50.4839990763889      -4.044575734933973E-011 -1.128919635875944E-010
   50.6519993194444      -4.428888859577666E-011 -1.233079207006286E-010
   50.8199995625000      -5.082609941420498E-011 -1.206659186483470E-010
   50.9879998055556      -5.569299855139514E-011 -1.064680559361634E-010
   51.1560000555556      -5.220490872683361E-011 -8.625632920190189E-011
   51.3240002986111      -4.417098235092510E-011 -8.192472320431355E-011
   51.4920005416667      -4.208980499230484E-011 -9.149282195633082E-011
   51.6600007847222      -4.143254005698315E-011 -9.202080079313911E-011
   51.8280010277778      -3.957457013598953E-011 -7.702274386993565E-011
   51.9960012777778      -3.672533301767144E-011 -6.898352410990891E-011
   52.1640015208333      -3.324959793583286E-011 -5.114192131263593E-011
   52.3319985277778      -2.626795627313235E-011 -3.893666333561889E-011
   52.4999987777778      -1.990549827115880E-011 -4.509854186552447E-011
   52.6679990208333      -2.482344997712690E-011 -6.062652740365841E-011
   52.8359992638889      -3.045192454434095E-011 -7.554544968345371E-011
   53.0039995069444      -3.076351753211498E-011 -7.620235628117456E-011
   53.1719997500000      -2.989495988439445E-011 -6.737440911335471E-011
   53.3400000000000      -2.496073543561191E-011 -7.622714481167945E-011
   53.5080002430556      -2.212186375936506E-011 -9.730504730255005E-011
   53.6760004861111      -2.516688231466934E-011 -1.186168177335028E-010
   53.8440007291667      -3.581414373479262E-011 -1.346750112614477E-010
   54.0120009722222      -4.789797005732635E-011 -1.521712134992090E-010
   54.1800012222222      -4.981207777922742E-011 -1.600134634909445E-010
   54.3480014652778      -4.251325464308102E-011 -1.449648124603053E-010
   54.5160017083333      -4.044857135344041E-011 -1.186159429887678E-010
   54.6840019513889      -4.722826342971681E-011 -1.227751465047432E-010
   54.8520021944444      -5.425466830933352E-011 -1.457947644806217E-010
   55.0200024444444      -5.871192960239149E-011 -1.529782318513179E-010
   55.1880026875000      -5.719183515129205E-011 -1.294590069039750E-010
   55.3560029305556      -4.824954667078190E-011 -1.076789524441921E-010
   55.5240031736111      -3.991870597455713E-011 -8.777270326555737E-011
   55.6919969513889      -3.636366235018057E-011 -9.265337205202672E-011
   55.8599971944444      -3.881846725888431E-011 -1.039597770244561E-010
   56.0279974375000      -3.821380154066180E-011 -9.341037077313404E-011
   56.1959976875000      -3.411774718408185E-011 -7.886483100373927E-011
   56.3639979305556      -2.760988052639258E-011 -6.697428302465648E-011
   56.5319981736111      -2.306085582433227E-011 -6.451578144202648E-011
   56.6999984166667      -2.161041192697768E-011 -6.482175432610504E-011
   56.8679986597222      -2.099866904113867E-011 -6.032148198160554E-011
   57.0359989097222      -2.003777885999095E-011 -4.674241033968916E-011
   57.2039991527778      -1.682686185225844E-011 -4.465233777709520E-011
   57.3719993958333      -1.426477567205148E-011 -4.772390756772025E-011
   57.5399996388889      -1.198894722078884E-011 -4.239373851386100E-011
   57.7079998819444      -1.041112813922237E-011 -3.981198987522580E-011
   57.8760001319444      -1.047569082600241E-011 -4.345694725422391E-011
   58.0440003750000      -1.059987654208332E-011 -4.581987545600740E-011
   58.2120006180556      -1.129390138209665E-011 -4.286425422760581E-011
   58.3800008611111      -1.221249586958687E-011 -4.493804877771473E-011
   58.5480011041667      -9.580178154451339E-012 -7.332493696448484E-011
   58.7160013541667      -1.368557431958839E-011 -1.094645803271816E-010
   58.8840015972222      -1.080422316992184E-011 -1.230830638561040E-010
   59.0520018402778      -1.412739667691331E-011 -1.498405329849114E-010
   59.2200020833333      -6.322107475476464E-012 -1.154436539839548E-010
   59.3880023263889      -6.507178965675899E-012 -1.017389270671535E-010
   59.5560025763889       1.390938249966349E-011  1.153924327857177E-010
   59.7240028194444       4.156104624424767E-011  5.002612547953315E-010
   59.8920030625000      -2.502465390516103E-010  1.693870777007288E-009
   60.0599968402778      -1.652825186104159E-009 -3.345174756389327E-009
