  -60.0599968402778       3.205980023000000E-029  3.205980023000000E-029
  -59.8920030625000       3.224663959000000E-015  3.127133833000000E-014
  -59.7240028194444       1.184895967000000E-015  1.494442421000000E-014
  -59.5560025763889       1.837567887000000E-015  2.023857325000000E-015
  -59.3880023263889       2.070443502000000E-015  3.284030169000000E-015
  -59.2200020833333       2.073743331000000E-015  3.405127717000000E-015
  -59.0520018402778       3.529938339000000E-016  1.762335162000000E-015
  -58.8840015972222       8.401507516000000E-016  5.070018197000000E-015
  -58.7160013541667       3.968836825000000E-015  1.056271092000000E-014
  -58.5480011041667       6.310224780000000E-015  1.414351898000000E-014
  -58.3800008611111       7.662010166000000E-015  1.665132943000000E-014
  -58.2120006180556       8.590050803000000E-015  1.816093696000000E-014
  -58.0440003750000       8.756277631000000E-015  1.760989629000000E-014
  -57.8760001319444       7.813510479000000E-015  1.515374977000000E-014
  -57.7079998819444       6.320437456000000E-015  1.222563649000000E-014
  -57.5399996388889       4.907873644000000E-015  9.807506505000000E-015
  -57.3719993958333       3.843506019000000E-015  8.031280956000000E-015
  -57.2039991527778       3.082872550000000E-015  6.710910751000000E-015
  -57.0359989097222       2.519860549000000E-015  5.715111713000000E-015
  -56.8679986597222       2.066479176000000E-015  4.985162436000000E-015
  -56.6999984166667       1.688935522000000E-015  4.460076124000000E-015
  -56.5319981736111       1.387168917000000E-015  4.048141979000000E-015
  -56.3639979305556       1.156017543000000E-015  3.677689579000000E-015
  -56.1959976875000       9.639288938000000E-016  3.356755995000000E-015
  -56.0279974375000       7.924408797000000E-016  3.152281606000000E-015
  -55.8599971944444       6.596771473000000E-016  3.082035681000000E-015
  -55.6919969513889       5.814104030000000E-016  3.056645445000000E-015
  -55.5240031736111       5.314667993000000E-016  2.963104209000000E-015
  -55.3560029305556       4.702234585000000E-016  2.788648456000000E-015
  -55.1880026875000       3.948236825000000E-016  2.627306255000000E-015
  -55.0200024444444       3.335064381000000E-016  2.567109106000000E-015
  -54.8520021944444       2.989271915000000E-016  2.597864449000000E-015
  -54.6840019513889       2.741303549000000E-016  2.635708399000000E-015
  -54.5160017083333       2.435838057000000E-016  2.619124764000000E-015
  -54.3480014652778       2.134482396000000E-016  2.559833940000000E-015
  -54.1800012222222       1.945417231000000E-016  2.498529295000000E-015
  -54.0120009722222       1.841950568000000E-016  2.445483010000000E-015
  -53.8440007291667       1.741916771000000E-016  2.394896720000000E-015
  -53.6760004861111       1.634842542000000E-016  2.366366956000000E-015
  -53.5080002430556       1.546191941000000E-016  2.384781664000000E-015
  -53.3400000000000       1.465737708000000E-016  2.434901662000000E-015
  -53.1719997500000       1.380297892000000E-016  2.475566232000000E-015
  -53.0039995069444       1.319418854000000E-016  2.486583378000000E-015
  -52.8359992638889       1.313502065000000E-016  2.471670092000000E-015
  -52.6679990208333       1.338947199000000E-016  2.431515225000000E-015
  -52.4999987777778       1.344051631000000E-016  2.365582604000000E-015
  -52.3319985277778       1.310972877000000E-016  2.293183098000000E-015
  -52.1640015208333       1.265111072000000E-016  2.247302711000000E-015
  -51.9960012777778       1.234574476000000E-016  2.245441568000000E-015
  -51.8280010277778       1.221653121000000E-016  2.277574186000000E-015
  -51.6600007847222       1.212640558000000E-016  2.320490593000000E-015
  -51.4920005416667       1.201199922000000E-016  2.354365982000000E-015
  -51.3240002986111       1.194374027000000E-016  2.366867129000000E-015
  -51.1560000555556       1.199295156000000E-016  2.351968455000000E-015
  -50.9879998055556       1.212777142000000E-016  2.311608605000000E-015
  -50.8199995625000       1.228148540000000E-016  2.257171704000000E-015
  -50.6519993194444       1.245669681000000E-016  2.204942805000000E-015
  -50.4839990763889       1.268796989000000E-016  2.167706602000000E-015
  -50.3159988333333       1.295954718000000E-016  2.150591454000000E-015
  -50.1479985833333       1.322509201000000E-016  2.152424433000000E-015
  -49.9800015763889       1.345019234000000E-016  2.166497886000000E-015
  -49.8120013333333       1.360669491000000E-016  2.181024501000000E-015
  -49.6440010902778       1.367664660000000E-016  2.183884296000000E-015
  -49.4760008402778       1.366253953000000E-016  2.168518483000000E-015
  -49.3080005972222       1.357365269000000E-016  2.135580759000000E-015
  -49.1400003541667       1.342279744000000E-016  2.091097554000000E-015
  -48.9720001111111       1.323939893000000E-016  2.043667309000000E-015
  -48.8039998680556       1.306798196000000E-016  2.001652145000000E-015
  -48.6359996180556       1.295378868000000E-016  1.971110043000000E-015
  -48.4679993750000       1.293078777000000E-016  1.954808894000000E-015
  -48.2999991319444       1.301448786000000E-016  1.952003097000000E-015
  -48.1319988888889       1.320129700000000E-016  1.958700375000000E-015
  -47.9639986458333       1.347496805000000E-016  1.968466241000000E-015
  -47.7959983958333       1.381472753000000E-016  1.974011978000000E-015
  -47.6280013888889       1.420033531000000E-016  1.969483104000000E-015
  -47.4600011458333       1.461347430000000E-016  1.952550704000000E-015
  -47.2920008958333       1.503659638000000E-016  1.925111919000000E-015
  -47.1240006527778       1.545054270000000E-016  1.892234970000000E-015
  -46.9560004097222       1.583274382000000E-016  1.860097481000000E-015
  -46.7880001666667       1.615843328000000E-016  1.833959738000000E-015
  -46.6199999236111       1.640610439000000E-016  1.816791651000000E-015
  -46.4519996736111       1.656502895000000E-016  1.808807095000000E-015
  -46.2839994305556       1.664022827000000E-016  1.808040107000000E-015
  -46.1159991875000       1.665159042000000E-016  1.811650585000000E-015
  -45.9479989444444       1.662773056000000E-016  1.816969952000000E-015
  -45.7799987013889       1.659789383000000E-016  1.821447156000000E-015
  -45.6119984513889       1.658527039000000E-016  1.821938647000000E-015
  -45.4440014444444       1.660339557000000E-016  1.814699903000000E-015
  -45.2760012013889       1.665573691000000E-016  1.796681395000000E-015
  -45.1080009513889       1.673763441000000E-016  1.767183578000000E-015
  -44.9400007083333       1.683947292000000E-016  1.728537912000000E-015
  -44.7720004652778       1.695005439000000E-016  1.685529073000000E-015
  -44.6040002222222       1.705937061000000E-016  1.644155855000000E-015
  -44.4359999791667       1.716029326000000E-016  1.610187292000000E-015
  -44.2679997361111       1.724903849000000E-016  1.587636946000000E-015
  -44.0999994861111       1.732465736000000E-016  1.577589018000000E-015
  -43.9319992430556       1.738799160000000E-016  1.578167012000000E-015
  -43.7639990000000       1.744065323000000E-016  1.585856271000000E-015
  -43.5959987569444       1.748442366000000E-016  1.597209900000000E-015
  -43.4279985138889       1.752119018000000E-016  1.609533489000000E-015
  -43.2600015000000       1.755326626000000E-016  1.620176564000000E-015
  -43.0920012569444       1.758375018000000E-016  1.625549929000000E-015
  -42.9240010138889       1.761659785000000E-016  1.621266271000000E-015
  -42.7560007638889       1.765627870000000E-016  1.603617599000000E-015
  -42.5880005208333       1.770705833000000E-016  1.571396254000000E-015
  -42.4200002777778       1.777217266000000E-016  1.526956776000000E-015
  -42.2520000347222       1.785322577000000E-016  1.476015579000000E-015
  -42.0839997916667       1.794999399000000E-016  1.426261711000000E-015
  -41.9159995416667       1.806068267000000E-016  1.385269869000000E-015
  -41.7479992986111       1.818246748000000E-016  1.358495475000000E-015
  -41.5799990555556       1.831207676000000E-016  1.348049653000000E-015
  -41.4119988125000       1.844626133000000E-016  1.352505258000000E-015
  -41.2439985694444       1.858214924000000E-016  1.367569422000000E-015
  -41.0760015555556       1.871756731000000E-016  1.387333771000000E-015
  -40.9080013125000       1.885146337000000E-016  1.405795383000000E-015
  -40.7400010694444       1.898441048000000E-016  1.418244756000000E-015
  -40.5720008194444       1.911910857000000E-016  1.422061910000000E-015
  -40.4040005763889       1.926067160000000E-016  1.416688015000000E-015
  -40.2360003333333       1.941650713000000E-016  1.402992340000000E-015
  -40.0680000902778       1.959557122000000E-016  1.382589433000000E-015
  -39.8999998472222       1.980689006000000E-016  1.357557916000000E-015
  -39.7319995972222       2.005743182000000E-016  1.330558952000000E-015
  -39.5639993541667       2.034968995000000E-016  1.304922336000000E-015
  -39.3959991111111       2.067973104000000E-016  1.284213651000000E-015
  -39.2279988680556       2.103663632000000E-016  1.271234776000000E-015
  -39.0599986250000       2.140421553000000E-016  1.267037411000000E-015
  -38.8920016111111       2.176547111000000E-016  1.270699240000000E-015
  -38.7240013680556       2.210977544000000E-016  1.279972874000000E-015
  -38.5560011250000       2.244258263000000E-016  1.292133514000000E-015
  -38.3880008819444       2.279827029000000E-016  1.304475843000000E-015
  -38.2200006319444       2.325878358000000E-016  1.314809222000000E-015
  -38.0520003888889       2.398393907000000E-016  1.322524104000000E-015
  -37.8840001458333       2.526065330000000E-016  1.329907902000000E-015
  -37.7159999027778       2.757213475000000E-016  1.342919069000000E-015
  -37.5479996597222       3.166498736000000E-016  1.371410187000000E-015
  -37.3799994097222       3.854973733000000E-016  1.429233738000000E-015
  -37.2119991666667       4.932858363000000E-016  1.533643784000000E-015
  -37.0439989236111       6.475727289000000E-016  1.702697584000000E-015
  -36.8759986805556       8.457748916000000E-016  1.951022656000000E-015
  -36.7079984375000       1.068949862000000E-015  2.287198598000000E-015
  -36.5400014236111       1.280801167000000E-015  2.716831285000000E-015
  -36.3720011805556       1.435920004000000E-015  3.252291633000000E-015
  -36.2040009375000       1.496618385000000E-015  3.924384536000000E-015
  -36.0360006875000       1.451398896000000E-015  4.786534904000000E-015
  -35.8680004444444       1.325063297000000E-015  5.902182328000000E-015
  -35.7000002013889       1.174058498000000E-015  7.312913160000000E-015
  -35.5319999583333       1.068872253000000E-015  8.996839223000001E-015
  -35.3639997152778       1.071971228000000E-015  1.083790345000000E-014
  -35.1959994652778       1.220314544000000E-015  1.262863105000000E-014
  -35.0279992222222       1.516957552000000E-015  1.411623521000000E-014
  -34.8599989791667       1.931476312000000E-015  1.507933623000000E-014
  -34.6919987361111       2.407108817000000E-015  1.540285708000000E-014
  -34.5239984930556       2.872840990000000E-015  1.511572985000000E-014
  -34.3560014791667       3.258726542000000E-015  1.437379167000000E-014
  -34.1880012361111       3.511678321000000E-015  1.339839003000000E-014
  -34.0200009930556       3.607886864000000E-015  1.240205736000000E-014
  -33.8520007500000       3.558118596000000E-015  1.153395447000000E-014
  -33.6840005000000       3.403640539000000E-015  1.086165171000000E-014
  -33.5160002569444       3.203186168000000E-015  1.038478148000000E-014
  -33.3480000138889       3.014761783000000E-015  1.006316985000000E-014
  -33.1799997708333       2.878926074000000E-015  9.842370380999999E-015
  -33.0119995277778       2.810296500000000E-015  9.669108098000000E-015
  -32.8439992777778       2.800162598000000E-015  9.499239874999999E-015
  -32.6759990347222       2.826943239000000E-015  9.304310489000000E-015
  -32.5079987916667       2.867117164000000E-015  9.078283135000000E-015
  -32.3399985486111       2.900741408000000E-015  8.839346152000000E-015
  -32.1720015347222       2.911735472000000E-015  8.621336812000000E-015
  -32.0040012916667       2.888478912000000E-015  8.457092042000000E-015
  -31.8360010486111       2.829619228000000E-015  8.364005662000001E-015
  -31.6680008055556       2.753121776000000E-015  8.341072244999999E-015
  -31.5000005555556       2.699475368000000E-015  8.377379465000001E-015
  -31.3320003125000       2.720183418000000E-015  8.463303334000001E-015
  -31.1640000694444       2.852369686000000E-015  8.594848398000000E-015
  -30.9959998263889       3.092849327000000E-015  8.768241972000000E-015
  -30.8279995833333       3.389443843000000E-015  8.970346574000001E-015
  -30.6599993333333       3.658189186000000E-015  9.174146936000000E-015
  -30.4919990902778       3.818448243000000E-015  9.344766476999999E-015
  -30.3239988472222       3.826716555000000E-015  9.453389135000000E-015
  -30.1559986041667       3.692278450000000E-015  9.491334517000000E-015
  -29.9880015902778       3.470256504000000E-015  9.477379649000000E-015
  -29.8200013472222       3.239227209000000E-015  9.455136564000000E-015
  -29.6520011041667       3.074206132000000E-015  9.479982581000001E-015
  -29.4840008611111       3.023124963000000E-015  9.598087773000000E-015
  -29.3160006111111       3.091985989000000E-015  9.825507649000001E-015
  -29.1480003680556       3.243144101000000E-015  1.013917411000000E-014
  -28.9800001250000       3.409502007000000E-015  1.048692095000000E-014
  -28.8119998819444       3.521499456000000E-015  1.081148703000000E-014
  -28.6439996388889       3.535861323000000E-015  1.107435100000000E-014
  -28.4759993958333       3.452060965000000E-015  1.126759903000000E-014
  -28.3079991458333       3.308742567000000E-015  1.141214944000000E-014
  -28.1399989027778       3.164275804000000E-015  1.154767301000000E-014
  -27.9719986597222       3.073849955000000E-015  1.171866949000000E-014
  -27.8039984166667       3.073722265000000E-015  1.195802575000000E-014
  -27.6360014027778       3.174569584000000E-015  1.227123651000000E-014
  -27.4680011597222       3.359711716000000E-015  1.262944844000000E-014
  -27.3000009166667       3.586018167000000E-015  1.297863099000000E-014
  -27.1320006736111       3.791349118000000E-015  1.326210328000000E-014
  -26.9640004236111       3.913027942000000E-015  1.344315064000000E-014
  -26.7960001805556       3.913578513000000E-015  1.351555078000000E-014
  -26.6279999375000       3.800195530000000E-015  1.350134180000000E-014
  -26.4599996944444       3.624325232000000E-015  1.344322602000000E-014
  -26.2919994513889       3.459734872000000E-015  1.339547539000000E-014
  -26.1239992013889       3.371799511000000E-015  1.341001725000000E-014
  -25.9560005763889       3.394774221000000E-015  1.351578541000000E-014
  -25.7880003333333       3.525100193000000E-015  1.369965254000000E-014
  -25.6200000902778       3.727130468000000E-015  1.390412630000000E-014
  -25.4519998402778       3.944002243000000E-015  1.404931791000000E-014
  -25.2839995972222       4.111218829000000E-015  1.406937311000000E-014
  -25.1159993541667       4.174564611000000E-015  1.394340152000000E-014
  -24.9480007291667       4.110269305000000E-015  1.370664734000000E-014
  -24.7800004791667       3.937837961000000E-015  1.344073490000000E-014
  -24.6120002361111       3.715014932000000E-015  1.324980436000000E-014
  -24.4439999930556       3.514084106000000E-015  1.322961871000000E-014
  -24.2759997500000       3.391662858000000E-015  1.343582126000000E-014
  -24.1079995069444       3.368525517000000E-015  1.386073534000000E-014
  -23.9399992569444       3.428028311000000E-015  1.443109175000000E-014
  -23.7720006319444       3.529159810000000E-015  1.503291035000000E-014
  -23.6040003888889       3.623920351000000E-015  1.555452341000000E-014
  -23.4360001458333       3.671770936000000E-015  1.592735682000000E-014
  -23.2679999027778       3.650152114000000E-015  1.614722794000000E-014
  -23.0999996527778       3.562056876000000E-015  1.627141144000000E-014
  -22.9319994097222       3.438537661000000E-015  1.639626240000000E-014
  -22.7640007847222       3.331401334000000E-015  1.662247949000000E-014
  -22.5960005416667       3.294358677000000E-015  1.701591274000000E-014
  -22.4280002916667       3.358649960000000E-015  1.757584048000000E-014
  -22.2600000486111       3.515462864000000E-015  1.822571804000000E-014
  -22.0919998055556       3.716322751000000E-015  1.883529716000000E-014
  -21.9239995625000       3.893385672000000E-015  1.926783453000000E-014
  -21.7559993194444       3.989736093000000E-015  1.943223008000000E-014
  -21.5880006875000       3.983595527000000E-015  1.931739104000000E-014
  -21.4200004444444       3.894478344000000E-015  1.899697034000000E-014
  -21.2520002013889       3.771074961000000E-015  1.860761640000000E-014
  -21.0839999583333       3.671025547000000E-015  1.831072288000000E-014
  -20.9159997083333       3.643834942000000E-015  1.824556741000000E-014
  -20.7479994652778       3.720536317000000E-015  1.848194890000000E-014
  -20.5799992222222       3.906172481000000E-015  1.898783932000000E-014
  -20.4120005972222       4.172386042000000E-015  1.963092707000000E-014
  -20.2440003472222       4.455858324000000E-015  2.022169189000000E-014
  -20.0760001041667       4.672949480000000E-015  2.058459977000000E-014
  -19.9079998611111       4.752692550000000E-015  2.062765276000000E-014
  -19.7399996180556       4.673558497000000E-015  2.037957714000000E-014
  -19.5719993750000       4.479812415000000E-015  1.997891869000000E-014
  -19.4040007430556       4.262950805000000E-015  1.962154194000000E-014
  -19.2360005000000       4.117620280000000E-015  1.948896265000000E-014
  -19.0680002569444       4.099733062000000E-015  1.968230639000000E-014
  -18.9000000138889       4.210726989000000E-015  2.018132738000000E-014
  -18.7319997638889       4.409822506000000E-015  2.084381387000000E-014
  -18.5639995208333       4.636915428000000E-015  2.145399777000000E-014
  -18.3959992777778       4.829521826000000E-015  2.180886222000000E-014
  -18.2280006527778       4.933009347000000E-015  2.180518271000000E-014
  -18.0600004097222       4.913467873000000E-015  2.148405219000000E-014
  -17.8920001597222       4.774831450000000E-015  2.101452489000000E-014
  -17.7239999166667       4.566900531000000E-015  2.063022943000000E-014
  -17.5559996736111       4.369535078000000E-015  2.054713550000000E-014
  -17.3879994305556       4.256083909000000E-015  2.088928429000000E-014
  -17.2200007986111       4.258760110000000E-015  2.164395677000000E-014
  -17.0520005555556       4.358834935000000E-015  2.265930533000000E-014
  -16.8840003125000       4.504318349000000E-015  2.368621588000000E-014
  -16.7160000694444       4.637596019000000E-015  2.445629250000000E-014
  -16.5479998263889       4.714263935000000E-015  2.477668780000000E-014
  -16.3799995763889       4.709532833000000E-015  2.460732525000000E-014
  -16.2119993333333       4.621158074000000E-015  2.408309656000000E-014
  -16.0440007083333       4.474848802000000E-015  2.346880794000000E-014
  -15.8760004652778       4.325889588000000E-015  2.306884406000000E-014
  -15.7080002152778       4.245552748000000E-015  2.312483972000000E-014
  -15.5399999722222       4.290763979000000E-015  2.372772389000000E-014
  -15.3719997291667       4.471633042000000E-015  2.477205791000000E-014
  -15.2039994861111       4.738285790000000E-015  2.598133975000000E-014
  -15.0359992430556       4.998468900000000E-015  2.700667821000000E-014
  -14.8680006111111       5.157988921000000E-015  2.755951798000000E-014
  -14.7000003680556       5.162177923000000E-015  2.752247045000000E-014
  -14.5320001250000       5.017277690000000E-015  2.699421666000000E-014
  -14.3639998819444       4.785074196000000E-015  2.625381331000000E-014
  -14.1959996319444       4.556664138000000E-015  2.565999916000000E-014
  -14.0279993888889       4.421811834000000E-015  2.553049121000000E-014
  -13.8600007638889       4.441365590000000E-015  2.603290881000000E-014
  -13.6920005208333       4.629617815000000E-015  2.713183411000000E-014
  -13.5240002708333       4.949729354000000E-015  2.856246937000000E-014
  -13.3560000277778       5.315422276000000E-015  2.994085286000000E-014
  -13.1879997847222       5.615335467000000E-015  3.087387998000000E-014
  -13.0200003472222       5.749563508000000E-015  3.116311124000000E-014
  -12.8520001041667       5.717042101000000E-015  3.092461386000000E-014
  -12.6839998611111       5.772721389000000E-015  3.097137008000000E-014
  -12.5159996180556       7.406645826000000E-015  5.247981682000000E-014
  -12.3480001805556       2.188555089000000E-014  1.274261079000000E-012
  -12.1799999375000       9.251112246000000E-013  1.603101159000000E-011
  -12.0119996944444       2.451505665000000E-011  6.718453571000000E-011
  -11.8440002569444       1.640256958000000E-010  1.836471947000000E-010
  -11.6760000138889       4.571369672000000E-010  5.167883343000000E-010
  -11.5079997638889       8.855193245000000E-010  1.174752740000000E-009
  -11.3400003333333       1.371326275000000E-009  2.268370825000000E-009
  -11.1720000833333       1.845541053000000E-009  3.591802855000000E-009
  -11.0039998402778       2.151423484000000E-009  3.807552496000000E-009
  -10.8359995972222       1.784589254000000E-009  3.098340695000000E-009
  -10.6680001597222       1.323342991000000E-009  2.402493537000000E-009
  -10.4999999166667       1.020590834000000E-009  1.984882925000000E-009
  -10.3319996736111       8.604302826000000E-010  1.672153971000000E-009
  -10.1640002361111       7.470651875000000E-010  1.483191570000000E-009
  -9.99599999305556       6.445515788000000E-010  1.308389397000000E-009
  -9.82799975000000       5.783402091000000E-010  1.154052409000000E-009
  -9.66000031250000       5.084772048000000E-010  1.032519181000000E-009
  -9.49200006944444       4.386602470000000E-010  9.181029270000000E-010
  -9.32399981944444       3.975074714000000E-010  8.219180336000000E-010
  -9.15600038888889       3.514429581000000E-010  7.296699911000000E-010
  -8.98800013888889       3.066110144000000E-010  6.541170938000000E-010
  -8.81999989583333       2.737639837000000E-010  5.756520260000000E-010
  -8.65199965277778       2.436287838000000E-010  5.096616462000000E-010
  -8.48400021527778       2.142128974000000E-010  4.794539765000000E-010
  -8.31599997222222       1.944364114000000E-010  4.174569856000000E-010
  -8.14799972916667       1.775813802000000E-010  3.684364480000000E-010
  -7.98000029166667       1.572795366000000E-010  3.369821922000000E-010
  -7.81200004861111       1.465874921000000E-010  3.038445606000000E-010
  -7.64399980555556       1.332918775000000E-010  2.776996688000000E-010
  -7.47600036805556       1.174115943000000E-010  2.563624590000000E-010
  -7.30800012500000       1.058977350000000E-010  2.272507599000000E-010
  -7.13999988194444       9.410926205000000E-011  2.037379015000000E-010
  -6.97199963194444       8.741665724999999E-011  1.868541433000000E-010
  -6.80400019791667       8.107092775000000E-011  1.674462374000000E-010
  -6.63599995347222       7.297500798000000E-011  1.561729773000000E-010
  -6.46800011388889       6.642290884000000E-011  1.418888340000000E-010
  -6.29999986944444       6.072383568000000E-011  1.276033307000000E-010
  -6.13200002916667       5.647055393000000E-011  1.185797155000000E-010
  -5.96400018888889       5.112526028000000E-011  1.103527894000000E-010
  -5.79599994444444       4.713342563000000E-011  1.001923752000000E-010
  -5.62800010416667       4.338020915000000E-011  9.354349933999999E-011
  -5.45999985972222       4.075091653000000E-011  8.678343461000000E-011
  -5.29200001944444       3.772624574000000E-011  8.107165633000001E-011
  -5.12400017916667       3.456053846000000E-011  7.560026910000001E-011
  -4.95599993472222       3.215550395000000E-011  7.062891244000000E-011
  -4.78800009444444       3.068716461000000E-011  6.709249128000000E-011
  -4.61999985000000       2.847565413000000E-011  6.194565000000000E-011
  -4.45200000972222       2.710831906000000E-011  5.797767821000000E-011
  -4.28400016944444       2.594825570000000E-011  5.380887749000000E-011
  -4.11599992500000       2.438231214000000E-011  5.026508029000000E-011
  -3.94800008541667       2.283973011000000E-011  4.829917369000000E-011
  -3.77999984097222       2.127129028000000E-011  4.595289427000000E-011
  -3.61200000069444       2.110805974000000E-011  4.270341372000000E-011
  -3.44400016041667       1.956578649000000E-011  4.096622000000000E-011
  -3.27599991597222       1.861838635000000E-011  3.804481036000000E-011
  -3.10800007569444       1.731095128000000E-011  3.491836334000000E-011
  -2.94000003333333       1.624787110000000E-011  3.338231080000000E-011
  -2.77199999097222       1.599298992000000E-011  3.266863863000000E-011
  -2.60399994861111       1.525524845000000E-011  3.172536192000000E-011
  -2.43599990625000       1.464694165000000E-011  3.015374408000000E-011
  -2.26800006597222       1.395523801000000E-011  2.856829356000000E-011
  -2.10000002361111       1.362069138000000E-011  2.729594502000000E-011
  -1.93199998125000       1.280790231000000E-011  2.613599961000000E-011
  -1.76399993888889       1.222405423000000E-011  2.508646936000000E-011
  -1.59599999791667       1.183058165000000E-011  2.408993491000000E-011
  -1.42799995555556       1.187540084000000E-011  2.362710722000000E-011
  -1.26000001458333       1.156843111000000E-011  2.197620905000000E-011
  -1.09199997222222       1.109820482000000E-011  2.096034457000000E-011
 -0.924000030555556       1.083977266000000E-011  2.005482932000000E-011
 -0.755999988194444       1.020888495000000E-011  1.986895717000000E-011
 -0.587999996527778       9.974829122000001E-012  1.911678801000000E-011
 -0.420000004722222       9.544921277000000E-012  1.811739127000000E-011
 -0.251999987708333       9.295415999000000E-012  1.779745969000000E-011
 -8.400000222222222E-002  8.757719376000000E-012  1.689750249000000E-011
  8.400000222222222E-002  8.577872787000000E-012  1.632343219000000E-011
  0.251999987708333       8.654865019000000E-012  1.573615023000000E-011
  0.420000004722222       8.456843732000000E-012  1.560555331000000E-011
  0.587999996527778       8.319060718000000E-012  1.519170727000000E-011
  0.755999988194444       7.869018805000000E-012  1.499196947000000E-011
  0.924000030555556       7.747119785999999E-012  1.425447434000000E-011
   1.09199997222222       7.369657835000000E-012  1.375711264000000E-011
   1.26000001458333       7.370899897000000E-012  1.374566867000000E-011
   1.42799995555556       7.241975249000000E-012  1.645544465000000E-011
   1.59599999791667       7.113603109000000E-012  3.831324147000000E-011
   1.76399993888889       6.994312247000000E-012  2.157982681000000E-010
   1.93199998125000       7.462877538000000E-012  2.211189010000000E-009
   2.10000002361111       2.137090158000000E-011  1.303851036000000E-007
   2.26800006597222       2.368742008000000E-011  1.358829195000000E-006
   2.43599990625000       6.913640771000000E-010  4.157098829000000E-006
   2.60399994861111       1.607920552000000E-008  5.637153208000000E-006
   2.77199999097222       4.611316911000000E-007  5.319266620000000E-006
   2.94000003333333       1.525627454000000E-006  5.508307822000000E-006
   3.10800007569444       3.200302444000000E-006  7.315257335000000E-006
   3.27599991597222       6.968507478000000E-006  1.043001612000000E-005
   3.44400016041667       1.112013160000000E-005  1.685163079000000E-005
   3.61200000069444       1.869105108000000E-005  2.696829870000000E-005
   3.77999984097222       3.186654430000000E-005  4.732935849000000E-005
   3.94800008541667       4.550870653000000E-005  7.205906877000000E-005
   4.11599992500000       5.912852430000000E-005  9.481012239000000E-005
   4.28400016944444       8.138130215000001E-005  1.345695637000000E-004
   4.45200000972222       1.219724072000000E-004  1.877177856000000E-004
   4.61999985000000       1.889928681000000E-004  2.486342564000000E-004
   4.78800009444444       2.701892518000000E-004  3.289690649000000E-004
   4.95599993472222       3.611853463000000E-004  4.368336522000000E-004
   5.12400017916667       4.799659364000000E-004  5.865590647000000E-004
   5.29200001944444       6.341422558999999E-004  7.738125278000000E-004
   5.45999985972222       8.275476284000000E-004  9.995542932000000E-004
   5.62800010416667       1.047220198000000E-003  1.261925208000000E-003
   5.79599994444444       1.285587321000000E-003  1.554652234000000E-003
   5.96400018888889       1.594423084000000E-003  1.920761773000000E-003
   6.13200002916667       1.993122743000000E-003  2.333062934000000E-003
   6.29999986944444       2.401444362000000E-003  2.742243465000000E-003
   6.46800011388889       2.819314599000000E-003  3.177025355000000E-003
   6.63599995347222       3.266874235000000E-003  3.606288228000000E-003
   6.80400019791667       3.702720394000000E-003  4.060498904000000E-003
   6.97199963194444       4.122340120000000E-003  4.584247246000000E-003
   7.13999988194444       4.576030653000000E-003  5.119765643000000E-003
   7.30800012500000       5.061942618000000E-003  5.571720190000000E-003
   7.47600036805556       5.546375643000000E-003  5.952862557000000E-003
   7.64399980555556       5.995090585000000E-003  6.323063280000000E-003
   7.81200004861111       6.354363635000000E-003  6.695481949000000E-003
   7.98000029166667       6.658056751000000E-003  7.000933401000000E-003
   8.14799972916667       6.964292377000000E-003  7.253154181000000E-003
   8.31599997222222       7.220339030000000E-003  7.497344632000000E-003
   8.48400021527778       7.417675108000000E-003  7.704077289000000E-003
   8.65199965277778       7.588254754000000E-003  7.864775136000000E-003
   8.81999989583333       7.726959884000000E-003  7.957692258000000E-003
   8.98800013888889       7.843777537000000E-003  8.017786779000001E-003
   9.15600038888889       7.942727767000000E-003  8.092998527000000E-003
   9.32399981944444       8.005129172999999E-003  8.146445267000001E-003
   9.49200006944444       8.041532710000000E-003  8.163547142999999E-003
   9.66000031250000       8.063048123999999E-003  8.149727248000000E-003
   9.82799975000000       8.061694913000000E-003  8.121224119999999E-003
   9.99599999305556       8.064433001000000E-003  8.102660999000000E-003
   10.1640002361111       8.026924915999999E-003  8.041384630000000E-003
   10.3319996736111       7.985340431000000E-003  8.004650473999999E-003
   10.4999999166667       7.982323878000000E-003  7.960746065000000E-003
   10.6680001597222       7.984555326000000E-003  7.940980606000000E-003
   10.8359995972222       7.954101078000000E-003  7.914381102000000E-003
   11.0039998402778       7.910506800000000E-003  7.828318514000000E-003
   11.1720000833333       7.834532298000000E-003  7.780337241000000E-003
   11.3400003333333       7.729470730000000E-003  7.732674014000000E-003
   11.5079997638889       7.666034624000000E-003  7.689864840000000E-003
   11.6760000138889       7.610992063000000E-003  7.620852441000000E-003
   11.8440002569444       7.525542751000000E-003  7.513538934000000E-003
   12.0119996944444       7.431934122000000E-003  7.423805073000000E-003
   12.1799999375000       7.263472769000000E-003  7.329238113000000E-003
   12.3480001805556       7.114752661000000E-003  7.227989379000000E-003
   12.5159996180556       6.953372620000000E-003  7.124946453000000E-003
   12.6839998611111       6.848491728000000E-003  7.011856418000000E-003
   12.8520001041667       6.759025156000000E-003  6.923700217000000E-003
   13.0200003472222       6.613404024000000E-003  6.850815378000000E-003
   13.1879997847222       6.479920819000000E-003  6.735855713000000E-003
   13.3560000277778       6.320273504000000E-003  6.622661371000000E-003
   13.5240002708333       6.152105052000000E-003  6.513852160000000E-003
   13.6920005208333       5.977849010000000E-003  6.354852580000000E-003
   13.8600007638889       5.797805730000000E-003  6.189116277000000E-003
   14.0279993888889       5.615917500000000E-003  6.003163289000000E-003
   14.1959996319444       5.425152835000000E-003  5.823622923000000E-003
   14.3639998819444       5.218383390000000E-003  5.636009388000000E-003
   14.5320001250000       4.985136446000000E-003  5.423530005000000E-003
   14.7000003680556       4.759870470000000E-003  5.157559644000000E-003
   14.8680006111111       4.516940098000000E-003  4.868042190000000E-003
   15.0359992430556       4.230770748000000E-003  4.576189909000000E-003
   15.2039994861111       3.955496941000000E-003  4.273415543000000E-003
   15.3719997291667       3.672843333000000E-003  3.956665285000000E-003
   15.5399999722222       3.388888668000000E-003  3.647091566000000E-003
   15.7080002152778       3.116076579000000E-003  3.324623918000000E-003
   15.8760004652778       2.804955002000000E-003  2.955723787000000E-003
   16.0440007083333       2.485402627000000E-003  2.599275904000000E-003
   16.2119993333333       2.184927929000000E-003  2.288784599000000E-003
   16.3799995763889       1.906811493000000E-003  1.999522327000000E-003
   16.5479998263889       1.630730578000000E-003  1.742545748000000E-003
   16.7160000694444       1.389843645000000E-003  1.495726756000000E-003
   16.8840003125000       1.188495546000000E-003  1.254915958000000E-003
   17.0520005555556       9.925689083000000E-004  1.030467218000000E-003
   17.2200007986111       8.310736157000000E-004  8.293454885000000E-004
   17.3879994305556       6.986578228000000E-004  6.632775185000000E-004
   17.5559996736111       5.776960170000000E-004  5.279712495000000E-004
   17.7239999166667       4.723123566000000E-004  4.161531979000000E-004
   17.8920001597222       3.820732527000000E-004  3.276667849000000E-004
   18.0600004097222       2.969476045000000E-004  2.581732115000000E-004
   18.2280006527778       2.268375974000000E-004  1.989667362000000E-004
   18.3959992777778       1.770999952000000E-004  1.514123142000000E-004
   18.5639995208333       1.395249856000000E-004  1.136761930000000E-004
   18.7319997638889       1.080670554000000E-004  8.269849058999999E-005
   18.9000000138889       8.040946705000000E-005  5.838093421000000E-005
   19.0680002569444       6.043189933000000E-005  3.872935849000000E-005
   19.2360005000000       4.332184471000000E-005  2.199807568000000E-005
   19.4040007430556       3.301905963000000E-005  1.154395068000000E-005
   19.5719993750000       2.444821439000000E-005  6.337994819000000E-006
   19.7399996180556       1.908734521000000E-005  4.011306828000000E-006
   19.9079998611111       1.450628588000000E-005  2.734873988000000E-006
   20.0760001041667       8.553743100000000E-006  1.926132654000000E-006
   20.2440003472222       4.605945378000000E-006  8.443505521000000E-007
   20.4120005972222       3.030724884000000E-006  4.019611026000000E-007
   20.5799992222222       2.312623110000000E-006  3.899154706000000E-007
   20.7479994652778       1.621351544000000E-006  2.980339957000000E-007
   20.9159997083333       5.625045674000000E-007  9.909866350000000E-008
   21.0839999583333       1.096646258000000E-007  6.379106576000000E-009
   21.2520002013889       1.893836377000000E-008  1.242300620000000E-011
   21.4200004444444       4.146268606000000E-010  8.743463419000001E-012
   21.5880006875000       1.239326784000000E-011  2.028870344000000E-012
   21.7559993194444       4.743838568000000E-012  1.667906590000000E-012
   21.9239995625000       7.935338042000000E-013  1.637332847000000E-012
   22.0919998055556       6.855248791000000E-013  1.661553057000000E-012
   22.2600000486111       7.037220741000000E-013  1.671916728000000E-012
   22.4280002916667       7.100231319000000E-013  1.679907081000000E-012
   22.5960005416667       6.981223867000000E-013  1.699271474000000E-012
   22.7640007847222       6.921759173000000E-013  1.690204400000000E-012
   22.9319994097222       6.945793767000000E-013  1.716584340000000E-012
   23.0999996527778       7.065908188000000E-013  1.776045999000000E-012
   23.2679999027778       7.204803702000000E-013  1.793999953000000E-012
   23.4360001458333       7.122475353000000E-013  1.787291777000000E-012
   23.6040003888889       7.100366302000000E-013  1.777700057000000E-012
   23.7720006319444       7.331630962000000E-013  1.769829617000000E-012
   23.9399992569444       7.482635388000000E-013  1.794752172000000E-012
   24.1079995069444       7.735531508000000E-013  1.802200533000000E-012
   24.2759997500000       7.570297470000000E-013  1.800197144000000E-012
   24.4439999930556       7.367642737000000E-013  1.765722984000000E-012
   24.6120002361111       7.108517876000000E-013  1.738743481000000E-012
   24.7800004791667       7.143401539000000E-013  1.733881593000000E-012
   24.9480007291667       7.290643241000000E-013  1.749106610000000E-012
   25.1159993541667       7.446490256000000E-013  1.747091729000000E-012
   25.2839995972222       7.392564750000000E-013  1.753980967000000E-012
   25.4519998402778       7.151483724000000E-013  1.756738743000000E-012
   25.6200000902778       7.019531983000000E-013  1.719385918000000E-012
   25.7880003333333       7.046059157000000E-013  1.709675478000000E-012
   25.9560005763889       7.131065486000000E-013  1.687489341000000E-012
   26.1239992013889       7.134568001000000E-013  1.703941242000000E-012
   26.2919994513889       7.057534895000000E-013  1.686988006000000E-012
   26.4599996944444       6.875535839000000E-013  1.686065025000000E-012
   26.6279999375000       6.961137938000000E-013  1.667285017000000E-012
   26.7960001805556       7.126303670000000E-013  1.742327636000000E-012
   26.9640004236111       7.214125673000000E-013  1.726654735000000E-012
   27.1320006736111       7.377968137000000E-013  1.747820747000000E-012
   27.3000009166667       7.389551753000000E-013  1.706129921000000E-012
   27.4680011597222       7.222282126000000E-013  1.699012025000000E-012
   27.6360014027778       7.239060696000000E-013  1.688203722000000E-012
   27.8039984166667       7.237571545000000E-013  1.720430113000000E-012
   27.9719986597222       7.364776649000000E-013  1.674203961000000E-012
   28.1399989027778       7.554152074000000E-013  1.673251273000000E-012
   28.3079991458333       7.448333400000000E-013  1.683763805000000E-012
   28.4759993958333       7.238665505000000E-013  1.684301787000000E-012
   28.6439996388889       7.324346750000000E-013  1.721195777000000E-012
   28.8119998819444       7.407971263000000E-013  1.737557580000000E-012
   28.9800001250000       7.602865277000000E-013  1.736108870000000E-012
   29.1480003680556       7.847807148000000E-013  1.720901416000000E-012
   29.3160006111111       7.793782438000000E-013  1.705147200000000E-012
   29.4840008611111       7.370214465000000E-013  1.632957875000000E-012
   29.6520011041667       7.533572832000000E-013  1.624100160000000E-012
   29.8200013472222       7.114957495000000E-013  1.628557749000000E-012
   29.9880015902778       7.188395387000000E-013  1.610643476000000E-012
   30.1559986041667       7.103952843000000E-013  1.597490803000000E-012
   30.3239988472222       7.099296194000000E-013  1.580900124000000E-012
   30.4919990902778       6.777571126000000E-013  1.533022407000000E-012
   30.6599993333333       7.045366352000000E-013  1.542792153000000E-012
   30.8279995833333       6.823018170000000E-013  1.535036529000000E-012
   30.9959998263889       6.800360513000000E-013  1.523815362000000E-012
   31.1640000694444       6.937073528000000E-013  1.498524612000000E-012
   31.3320003125000       6.678568831000000E-013  1.491997606000000E-012
   31.5000005555556       6.512362264000000E-013  1.468208693000000E-012
   31.6680008055556       6.653498282000000E-013  1.504797805000000E-012
   31.8360010486111       6.495737650000000E-013  1.491329629000000E-012
   32.0040012916667       6.546705452000000E-013  1.478661811000000E-012
   32.1720015347222       6.731624806000000E-013  1.458394495000000E-012
   32.3399985486111       6.573217990000000E-013  1.461190110000000E-012
   32.5079987916667       6.285105357000000E-013  1.395263787000000E-012
   32.6759990347222       6.539322035000000E-013  1.461382122000000E-012
   32.8439992777778       6.190335245000000E-013  1.431023160000000E-012
   33.0119995277778       6.516249129000000E-013  1.431779608000000E-012
   33.1799997708333       6.351144654000000E-013  1.432595253000000E-012
   33.3480000138889       6.564679898000000E-013  1.421508310000000E-012
   33.5160002569444       6.083883939000000E-013  1.380211158000000E-012
   33.6840005000000       6.633914880000000E-013  1.410669541000000E-012
   33.8520007500000       6.330863026000000E-013  1.394701954000000E-012
   34.0200009930556       6.681125379000000E-013  1.387866493000000E-012
   34.1880012361111       6.733702138000000E-013  1.411310305000000E-012
   34.3560014791667       6.661279059000000E-013  1.383918479000000E-012
   34.5239984930556       6.318170271000000E-013  1.353111850000000E-012
   34.6919987361111       6.414809547000000E-013  1.364453364000000E-012
   34.8599989791667       5.984642578000000E-013  1.335630066000000E-012
   35.0279992222222       6.172512588000000E-013  1.305573054000000E-012
   35.1959994652778       6.069490071000000E-013  1.288502508000000E-012
   35.3639997152778       5.987822542000000E-013  1.263603046000000E-012
   35.5319999583333       5.809831782000000E-013  1.196730865000000E-012
   35.7000002013889       5.792436301000000E-013  1.216398401000000E-012
   35.8680004444444       5.624673362000000E-013  1.156873208000000E-012
   36.0360006875000       5.561377097000000E-013  1.133516458000000E-012
   36.2040009375000       5.677985209000001E-013  1.158984800000000E-012
   36.3720011805556       5.486617562000000E-013  1.143371205000000E-012
   36.5400014236111       5.444717485000000E-013  1.094024502000000E-012
   36.7079984375000       5.314974806000000E-013  1.147600136000000E-012
   36.8759986805556       5.025636482000000E-013  1.089978043000000E-012
   37.0439989236111       5.054492523000000E-013  1.099817177000000E-012
   37.2119991666667       5.018359860000000E-013  1.103323813000000E-012
   37.3799994097222       4.905781185000000E-013  1.095649504000000E-012
   37.5479996597222       4.931126037000000E-013  1.041776149000000E-012
   37.7159999027778       4.789999777000000E-013  1.098782090000000E-012
   37.8840001458333       4.713394930000000E-013  1.057950711000000E-012
   38.0520003888889       4.652797245000000E-013  1.051397359000000E-012
   38.2200006319444       4.685592734000000E-013  1.077032344000000E-012
   38.3880008819444       4.605545004000000E-013  1.051692370000000E-012
   38.5560011250000       4.694117274000000E-013  1.001172561000000E-012
   38.7240013680556       4.636733163000000E-013  1.042738920000000E-012
   38.8920016111111       4.676068560000000E-013  1.001302231000000E-012
   39.0599986250000       4.806909536000000E-013  1.011380107000000E-012
   39.2279988680556       4.941628703000000E-013  1.072023763000000E-012
   39.3959991111111       4.837081256000000E-013  1.067473800000000E-012
   39.5639993541667       4.853437530000000E-013  1.001105449000000E-012
   39.7319995972222       4.624040408000000E-013  1.034588105000000E-012
   39.8999998472222       4.506219616000000E-013  9.645241420000000E-013
   40.0680000902778       4.424407889000000E-013  9.323413352000001E-013
   40.2360003333333       4.526683119000000E-013  9.543364363000000E-013
   40.4040005763889       4.310261458000000E-013  9.195924186999999E-013
   40.5720008194444       4.399174709000000E-013  8.466336356000000E-013
   40.7400010694444       4.064786702000000E-013  8.838221496000000E-013
   40.9080013125000       3.951906890000000E-013  8.295842312000000E-013
   41.0760015555556       3.815951732000000E-013  8.193512058000000E-013
   41.2439985694444       3.814062781000000E-013  8.556641181000000E-013
   41.4119988125000       3.652928112000000E-013  8.193311481000000E-013
   41.5799990555556       3.758022539000000E-013  7.785896494000000E-013
   41.7479992986111       3.498473213000000E-013  8.161634888000000E-013
   41.9159995416667       3.428910801000000E-013  7.851754728000000E-013
   42.0839997916667       3.319169212000000E-013  7.696101243000000E-013
   42.2520000347222       3.353938221000000E-013  8.165899055000000E-013
   42.4200002777778       3.226038956000000E-013  7.930403838000000E-013
   42.5880005208333       3.334571931000000E-013  7.553196892000000E-013
   42.7560007638889       3.120319216000000E-013  8.110285447000000E-013
   42.9240010138889       3.184049704000000E-013  7.993003503000000E-013
   43.0920012569444       3.121394202000000E-013  7.649485429000000E-013
   43.2600015000000       3.218191501000000E-013  8.292420570000000E-013
   43.4279985138889       3.146221348000000E-013  7.725210445000000E-013
   43.5959987569444       3.192268227000000E-013  7.522271109000000E-013
   43.7639990000000       3.092273074000000E-013  8.049475799000000E-013
   43.9319992430556       3.048044673000000E-013  7.743296564000000E-013
   44.0999994861111       3.068632317000000E-013  7.696402651000000E-013
   44.2679997361111       3.241520821000000E-013  8.178577173000000E-013
   44.4359999791667       3.205016547000000E-013  8.203910641000000E-013
   44.6040002222222       3.475006470000000E-013  7.965882186000000E-013
   44.7720004652778       3.261170359000000E-013  8.702330306000000E-013
   44.9400007083333       3.356824638000000E-013  8.167941150000000E-013
   45.1080009513889       3.188182953000000E-013  7.950778165000000E-013
   45.2760012013889       3.258215908000000E-013  7.864253411000000E-013
   45.4440014444444       3.089122653000000E-013  7.274296183000000E-013
   45.6119984513889       3.176169722000000E-013  6.710949613000000E-013
   45.7799987013889       2.889748174000000E-013  6.748923252000000E-013
   45.9479989444444       2.881982034000000E-013  6.432019630000000E-013
   46.1159991875000       2.596090118000000E-013  6.096583199000000E-013
   46.2839994305556       2.658065012000000E-013  6.378524011000000E-013
   46.4519996736111       2.442335342000000E-013  6.465194049000000E-013
   46.6199999236111       2.559591807000000E-013  5.853391231000000E-013
   46.7880001666667       2.347652780000000E-013  6.481029905000000E-013
   46.9560004097222       2.343739623000000E-013  5.948958231000000E-013
   47.1240006527778       2.203076995000000E-013  6.006903959000000E-013
   47.2920008958333       2.226429219000000E-013  5.815227314000000E-013
   47.4600011458333       2.179134423000000E-013  6.301032287000000E-013
   47.6280013888889       2.243665594000000E-013  5.378586574000000E-013
   47.7959983958333       2.126577045000000E-013  6.423690789000000E-013
   47.9639986458333       2.184092208000000E-013  5.678910575000000E-013
   48.1319988888889       2.064112499000000E-013  6.180880460000000E-013
   48.2999991319444       2.131465441000000E-013  5.888825126000000E-013
   48.4679993750000       2.098543642000000E-013  6.711369741000000E-013
   48.6359996180556       2.135903352000000E-013  5.763541771000000E-013
   48.8039998680556       2.079322229000000E-013  6.492293140000000E-013
   48.9720001111111       2.145471572000000E-013  6.190013779000000E-013
   49.1400003541667       2.121854125000000E-013  6.147350424000000E-013
   49.3080005972222       2.284918674000000E-013  6.081725293000000E-013
   49.4760008402778       2.474144479000000E-013  6.914678248000000E-013
   49.6440010902778       2.578514930000000E-013  6.131800796000000E-013
   49.8120013333333       2.762301564000000E-013  7.242612543000000E-013
   49.9800015763889       2.711655770000000E-013  6.639734877000000E-013
   50.1479985833333       2.707577814000000E-013  6.965385842000000E-013
   50.3159988333333       2.621940750000000E-013  5.968589338000000E-013
   50.4839990763889       2.598307583000000E-013  6.825986716000000E-013
   50.6519993194444       2.454256416000000E-013  5.336567776000000E-013
   50.8199995625000       2.367828698000000E-013  5.834786864000000E-013
   50.9879998055556       2.221295522000000E-013  5.605840228000000E-013
   51.1560000555556       2.105333188000000E-013  5.430789824000000E-013
   51.3240002986111       1.938905308000000E-013  4.782435298000000E-013
   51.4920005416667       1.989516679000000E-013  5.852874066000000E-013
   51.6600007847222       1.823994379000000E-013  4.447976547000000E-013
   51.8280010277778       1.890664952000000E-013  5.223888271000000E-013
   51.9960012777778       1.739677331000000E-013  4.966764305000000E-013
   52.1640015208333       1.755674192000000E-013  4.881657144000000E-013
   52.3319985277778       1.563640439000000E-013  4.264942620000000E-013
   52.4999987777778       1.755954052000000E-013  5.480802444000000E-013
   52.6679990208333       1.560425915000000E-013  4.305601557000000E-013
   52.8359992638889       1.787794901000000E-013  5.139343812000000E-013
   53.0039995069444       1.614325129000000E-013  5.127721164000000E-013
   53.1719997500000       1.744159152000000E-013  5.253851824000000E-013
   53.3400000000000       1.552929199000000E-013  4.639760256000000E-013
   53.5080002430556       1.772633825000000E-013  6.098585721000000E-013
   53.6760004861111       1.644563798000000E-013  4.773919433000000E-013
   53.8440007291667       1.877825152000000E-013  5.505872993000000E-013
   54.0120009722222       1.735582842000000E-013  5.790195797000000E-013
   54.1800012222222       1.857957419000000E-013  5.414623827000000E-013
   54.3480014652778       1.754463138000000E-013  5.433691149000000E-013
   54.5160017083333       1.987430403000000E-013  5.857046619000000E-013
   54.6840019513889       1.955985422000000E-013  5.630331271000000E-013
   54.8520021944444       2.156831978000000E-013  5.612338394000000E-013
   55.0200024444444       1.908155844000000E-013  6.552263614000000E-013
   55.1880026875000       2.091620741000000E-013  5.947511906000000E-013
   55.3560029305556       1.992116324000000E-013  6.315772016000000E-013
   55.5240031736111       2.193969968000000E-013  6.483208610000000E-013
   55.6919969513889       2.177188958000000E-013  6.146961736999999E-013
   55.8599971944444       2.204034752000000E-013  5.548689221000000E-013
   56.0279974375000       2.097663948000000E-013  5.713590950000000E-013
   56.1959976875000       2.392881357000000E-013  4.597785911000000E-013
   56.3639979305556       2.318613509000000E-013  4.702143080000000E-013
   56.5319981736111       2.474991241000000E-013  3.959531000000000E-013
   56.6999984166667       2.457809347000000E-013  4.660378528000000E-013
   56.8679986597222       2.505595828000000E-013  3.729750883000000E-013
   57.0359989097222       2.476372514000000E-013  4.744880704000000E-013
   57.2039991527778       2.494586840000000E-013  3.982142849000000E-013
   57.3719993958333       2.414806365000000E-013  4.186549382000000E-013
   57.5399996388889       2.273744615000000E-013  3.445310443000000E-013
   57.7079998819444       2.387930348000000E-013  4.002851110000000E-013
   57.8760001319444       2.180725490000000E-013  3.588319962000000E-013
   58.0440003750000       2.373291179000000E-013  4.235332517000000E-013
   58.2120006180556       2.028172416000000E-013  4.507971416000000E-013
   58.3800008611111       2.099307192000000E-013  4.396036757000000E-013
   58.5480011041667       1.850013063000000E-013  5.226660576000000E-013
   58.7160013541667       1.856751650000000E-013  4.569191163000000E-013
   58.8840015972222       1.734247647000000E-013  5.636332872000000E-013
   59.0520018402778       1.656507098000000E-013  4.297663842000000E-013
   59.2200020833333       1.946977871000000E-013  5.573797717000000E-013
   59.3880023263889       1.335658065000000E-013  3.445956086000000E-013
   59.5560025763889       3.573493769000000E-013  7.965513015000000E-013
   59.7240028194444       3.037776465000000E-013  5.190369076000000E-013
   59.8920030625000       7.622518068000000E-013  1.265413338000000E-012
   60.0599968402778       1.659424854000000E-011  2.391584326000000E-011
