  -60.0599968402778       3.205980023000000E-029  3.205980023000000E-029
  -59.8920030625000       3.550397679000000E-015  1.255376266000000E-014
  -59.7240028194444       4.182685116000000E-015  1.182535752000000E-014
  -59.5560025763889       3.528337129000000E-015  9.182407201000000E-015
  -59.3880023263889       2.956093317000000E-015  7.620929915000001E-015
  -59.2200020833333       2.315083346000000E-015  6.384385056000000E-015
  -59.0520018402778       1.964584924000000E-015  5.411253043000000E-015
  -58.8840015972222       1.988077807000000E-015  5.017120142000000E-015
  -58.7160013541667       1.915122224000000E-015  4.829701821000000E-015
  -58.5480011041667       1.554437595000000E-015  4.185862760000000E-015
  -58.3800008611111       1.245381954000000E-015  3.240308870000000E-015
  -58.2120006180556       1.166447589000000E-015  2.770063706000000E-015
  -58.0440003750000       1.076540018000000E-015  2.629732793000000E-015
  -57.8760001319444       8.431263254000000E-016  2.233512168000000E-015
  -57.7079998819444       6.652724352000000E-016  1.779868638000000E-015
  -57.5399996388889       6.501937664000000E-016  1.651698154000000E-015
  -57.3719993958333       6.492330193000000E-016  1.644600864000000E-015
  -57.2039991527778       5.565585093000000E-016  1.431564455000000E-015
  -57.0359989097222       4.391080208000000E-016  1.110838394000000E-015
  -56.8679986597222       3.701479452000000E-016  9.255941943000001E-016
  -56.6999984166667       3.241883610000000E-016  8.415444385000000E-016
  -56.5319981736111       2.546428002000000E-016  7.019610850000000E-016
  -56.3639979305556       1.826106552000000E-016  5.307360746000000E-016
  -56.1959976875000       1.559868744000000E-016  4.483921902000000E-016
  -56.0279974375000       1.615465472000000E-016  4.444422108000000E-016
  -55.8599971944444       1.481408612000000E-016  4.116747413000000E-016
  -55.6919969513889       1.104710759000000E-016  3.283788977000000E-016
  -55.5240031736111       7.926672625000000E-017  2.538445511000000E-016
  -55.3560029305556       6.044575342000000E-017  2.040343816000000E-016
  -55.1880026875000       4.296490914000000E-017  1.606344251000000E-016
  -55.0200024444444       3.100872476000000E-017  1.342681556000000E-016
  -54.8520021944444       3.019962632000000E-017  1.334331531000000E-016
  -54.6840019513889       3.210672100000000E-017  1.364360570000000E-016
  -54.5160017083333       2.851395134000000E-017  1.264030444000000E-016
  -54.3480014652778       2.147786537000000E-017  1.088710174000000E-016
  -54.1800012222222       1.604672651000000E-017  9.486293215000000E-017
  -54.0120009722222       1.349863551000000E-017  8.854431783000000E-017
  -53.8440007291667       1.254542483000000E-017  8.758190973000000E-017
  -53.6760004861111       1.247802202000000E-017  8.939713442000000E-017
  -53.5080002430556       1.304248263000000E-017  9.352818689999999E-017
  -53.3400000000000       1.306574956000000E-017  9.702631385000000E-017
  -53.1719997500000       1.181180662000000E-017  9.631527602000000E-017
  -53.0039995069444       1.034885333000000E-017  9.299014892000000E-017
  -52.8359992638889       9.762448455000000E-018  8.961445131000000E-017
  -52.6679990208333       9.875373497999999E-018  8.585062732000000E-017
  -52.4999987777778       1.020474441000000E-017  8.160952674000000E-017
  -52.3319985277778       1.048639610000000E-017  7.752261262000000E-017
  -52.1640015208333       1.058565612000000E-017  7.404276966000000E-017
  -51.9960012777778       1.060405344000000E-017  7.200147982000000E-017
  -51.8280010277778       1.072135758000000E-017  7.177549407000000E-017
  -51.6600007847222       1.097185269000000E-017  7.277749434000000E-017
  -51.4920005416667       1.130569037000000E-017  7.439039727999999E-017
  -51.3240002986111       1.168276231000000E-017  7.639387504000001E-017
  -51.1560000555556       1.207273661000000E-017  7.859135644000000E-017
  -50.9879998055556       1.243932486000000E-017  8.052116219000000E-017
  -50.8199995625000       1.274179999000000E-017  8.161017524999999E-017
  -50.6519993194444       1.295589667000000E-017  8.159759548000001E-017
  -50.4839990763889       1.309895011000000E-017  8.084147300000000E-017
  -50.3159988333333       1.323688496000000E-017  8.027876519000000E-017
  -50.1479985833333       1.346904064000000E-017  8.111169636000000E-017
  -49.9800015763889       1.390077019000000E-017  8.445593464000000E-017
  -49.8120013333333       1.461273447000000E-017  9.112100529000000E-017
  -49.6440010902778       1.563139582000000E-017  1.014843210000000E-016
  -49.4760008402778       1.690657414000000E-017  1.153435072000000E-016
  -49.3080005972222       1.830823334000000E-017  1.318730773000000E-016
  -49.1400003541667       1.965833603000000E-017  1.500401870000000E-016
  -48.9720001111111       2.080639489000000E-017  1.694069600000000E-016
  -48.8039998680556       2.173533692000000E-017  1.904829529000000E-016
  -48.6359996180556       2.265336512000000E-017  2.145325741000000E-016
  -48.4679993750000       2.400649033000000E-017  2.450074564000000E-016
  -48.2999991319444       2.636075720000000E-017  2.912187682000000E-016
  -48.1319988888889       3.016520899000000E-017  3.672253374000000E-016
  -47.9639986458333       3.549265249000000E-017  4.789901966000000E-016
  -47.7959983958333       4.190621722000000E-017  6.116439206000000E-016
  -47.6280013888889       4.856071650000000E-017  7.392402755000000E-016
  -47.4600011458333       5.452297811000000E-017  8.517317567000000E-016
  -47.2920008958333       5.916188970000000E-017  9.650209310000000E-016
  -47.1240006527778       6.241089633000000E-017  1.102072344000000E-015
  -46.9560004097222       6.477582555000000E-017  1.272607499000000E-015
  -46.7880001666667       6.709623923000000E-017  1.473809376000000E-015
  -46.6199999236111       7.018472649000000E-017  1.700723891000000E-015
  -46.4519996736111       7.451192665000000E-017  1.947278347000000E-015
  -46.2839994305556       8.006936938000000E-017  2.201078429000000E-015
  -46.1159991875000       8.645390007000000E-017  2.446267574000000E-015
  -45.9479989444444       9.311443115000000E-017  2.674333313000000E-015
  -45.7799987013889       9.963049680000000E-017  2.891795469000000E-015
  -45.6119984513889       1.058862454000000E-016  3.117274369000000E-015
  -45.4440014444444       1.120673161000000E-016  3.363076131000000E-015
  -45.2760012013889       1.185044357000000E-016  3.609067204000000E-015
  -45.1080009513889       1.254639495000000E-016  3.804523021000000E-015
  -44.9400007083333       1.330009678000000E-016  3.920335295000000E-015
  -44.7720004652778       1.409433310000000E-016  4.000368474000000E-015
  -44.6040002222222       1.489941277000000E-016  4.135574414000000E-015
  -44.4359999791667       1.568757164000000E-016  4.373263717000000E-015
  -44.2679997361111       1.644252416000000E-016  4.658178496000000E-015
  -44.0999994861111       1.715958652000000E-016  4.869583096000000E-015
  -43.9319992430556       1.783880768000000E-016  4.922037729000000E-015
  -43.7639990000000       1.847826991000000E-016  4.840297779000000E-015
  -43.5959987569444       1.907387701000000E-016  4.744538587000000E-015
  -43.4279985138889       1.962636352000000E-016  4.762570648000000E-015
  -43.2600015000000       2.015009722000000E-016  4.941539392000000E-015
  -43.0920012569444       2.067598822000000E-016  5.219202722000000E-015
  -42.9240010138889       2.124385499000000E-016  5.466249622000000E-015
  -42.7560007638889       2.188588214000000E-016  5.567267194000000E-015
  -42.5880005208333       2.260831786000000E-016  5.488313136000000E-015
  -42.4200002777778       2.338053133000000E-016  5.292302512000000E-015
  -42.2520000347222       2.413800378000000E-016  5.098492903000000E-015
  -42.0839997916667       2.480015061000000E-016  5.014598102000000E-015
  -41.9159995416667       2.529736689000000E-016  5.081849129000000E-015
  -41.7479992986111       2.559714508000000E-016  5.260759852000000E-015
  -41.5799990555556       2.571877637000000E-016  5.458943539000000E-015
  -41.4119988125000       2.573060836000000E-016  5.580112873000000E-015
  -41.2439985694444       2.573208273000000E-016  5.567439142000000E-015
  -41.0760015555556       2.583112205000000E-016  5.423403307000000E-015
  -40.9080013125000       2.613183463000000E-016  5.202577582000000E-015
  -40.7400010694444       2.674343742000000E-016  4.984901973000000E-015
  -40.5720008194444       2.780717580000000E-016  4.842856242000000E-015
  -40.4040005763889       2.951738826000000E-016  4.817523604000000E-015
  -40.2360003333333       3.210083346000000E-016  4.914542758000000E-015
  -40.0680000902778       3.573621946000000E-016  5.120349318000000E-015
  -39.8999998472222       4.045312360000000E-016  5.428654911000000E-015
  -39.7319995972222       4.611174838000000E-016  5.865365194000000E-015
  -39.5639993541667       5.255772204000000E-016  6.504321109000000E-015
  -39.3959991111111       5.992210177000000E-016  7.466638629000000E-015
  -39.2279988680556       6.887120603000000E-016  8.893574895999999E-015
  -39.0599986250000       8.058336882000000E-016  1.088852553000000E-014
  -38.8920016111111       9.643759154000001E-016  1.344306509000000E-014
  -38.7240013680556       1.176661642000000E-015  1.638248117000000E-014
  -38.5560011250000       1.452138144000000E-015  1.936832483000000E-014
  -38.3880008819444       1.796765463000000E-015  2.197267331000000E-014
  -38.2200006319444       2.208785582000000E-015  2.380388231000000E-014
  -38.0520003888889       2.669168318000000E-015  2.463577878000000E-014
  -37.8840001458333       3.132882646000000E-015  2.448432251000000E-014
  -37.7159999027778       3.531899750000000E-015  2.359387235000000E-014
  -37.5479996597222       3.795334832000000E-015  2.233716176000000E-014
  -37.3799994097222       3.879365582000000E-015  2.107856736000000E-014
  -37.2119991666667       3.790695209000000E-015  2.006775720000000E-014
  -37.0439989236111       3.589817957000000E-015  1.940560444000000E-014
  -36.8759986805556       3.371236870000000E-015  1.907581216000000E-014
  -36.7079984375000       3.228942746000000E-015  1.900145453000000E-014
  -36.5400014236111       3.221825128000000E-015  1.908675414000000E-014
  -36.3720011805556       3.354090382000000E-015  1.923195252000000E-014
  -36.2040009375000       3.579449850000000E-015  1.933544470000000E-014
  -36.0360006875000       3.825737385000000E-015  1.930312023000000E-014
  -35.8680004444444       4.025239479000000E-015  1.907131103000000E-014
  -35.7000002013889       4.134562210000000E-015  1.863288339000000E-014
  -35.5319999583333       4.138434844000000E-015  1.804923703000000E-014
  -35.3639997152778       4.045103672000000E-015  1.743733535000000E-014
  -35.1959994652778       3.884506225000000E-015  1.693463823000000E-014
  -35.0279992222222       3.711181685000000E-015  1.665693679000000E-014
  -34.8599989791667       3.601554446000000E-015  1.666612710000000E-014
  -34.6919987361111       3.633285570000000E-015  1.695652218000000E-014
  -34.5239984930556       3.847760665000000E-015  1.745794874000000E-014
  -34.3560014791667       4.215766835000000E-015  1.805092263000000E-014
  -34.1880012361111       4.633188906000000E-015  1.859243757000000E-014
  -34.0200009930556       4.958041288000000E-015  1.895193868000000E-014
  -33.8520007500000       5.072024818000000E-015  1.905100935000000E-014
  -33.6840005000000       4.932202972000000E-015  1.889315629000000E-014
  -33.5160002569444       4.586114203000000E-015  1.857016399000000E-014
  -33.3480000138889       4.148417975000000E-015  1.823977371000000E-014
  -33.1799997708333       3.757131105000000E-015  1.807964551000000E-014
  -33.0119995277778       3.529637537000000E-015  1.822957543000000E-014
  -32.8439992777778       3.529230961000000E-015  1.873909793000000E-014
  -32.6759990347222       3.746055302000000E-015  1.954112124000000E-014
  -32.5079987916667       4.097072108000000E-015  2.046778206000000E-014
  -32.3399985486111       4.450782902000000E-015  2.130786595000000E-014
  -32.1720015347222       4.675025981000000E-015  2.188382295000000E-014
  -32.0040012916667       4.691508819000000E-015  2.211594216000000E-014
  -31.8360010486111       4.510613074000000E-015  2.204871146000000E-014
  -31.6680008055556       4.226084120000000E-015  2.183248428000000E-014
  -31.5000005555556       3.971225458000000E-015  2.166945754000000E-014
  -31.3320003125000       3.861352156000000E-015  2.174130457000000E-014
  -31.1640000694444       3.953156128000000E-015  2.214029436000000E-014
  -30.9959998263889       4.235331178000000E-015  2.282904395000000E-014
  -30.8279995833333       4.641594014000000E-015  2.365023731000000E-014
  -30.6599993333333       5.069064861000000E-015  2.438881277000000E-014
  -30.4919990902778       5.397256247000000E-015  2.486114376000000E-014
  -30.3239988472222       5.517582783000000E-015  2.498945739000000E-014
  -30.1559986041667       5.378091703000000E-015  2.482950369000000E-014
  -29.9880015902778       5.023899794000000E-015  2.454655403000000E-014
  -29.8200013472222       4.597752436000000E-015  2.435667973000000E-014
  -29.6520011041667       4.282805257000000E-015  2.445476107000000E-014
  -29.4840008611111       4.213448929000000E-015  2.494584536000000E-014
  -29.3160006111111       4.410264234000000E-015  2.579550241000000E-014
  -29.1480003680556       4.779832332000000E-015  2.681897232000000E-014
  -28.9800001250000       5.171040005000000E-015  2.772595826000000E-014
  -28.8119998819444       5.442979085000000E-015  2.821883488000000E-014
  -28.6439996388889       5.506907203000000E-015  2.811255087000000E-014
  -28.4759993958333       5.339595326000000E-015  2.742413332000000E-014
  -28.3079991458333       4.985714278000000E-015  2.638685677000000E-014
  -28.1399989027778       4.554710033000000E-015  2.537843864000000E-014
  -27.9719986597222       4.197178697000000E-015  2.479225457000000E-014
  -27.8039984166667       4.050578046000000E-015  2.490057822000000E-014
  -27.6360014027778       4.174599763000000E-015  2.575562918000000E-014
  -27.4680011597222       4.518102963000000E-015  2.716012839000000E-014
  -27.3000009166667       4.943377030000000E-015  2.872187419000000E-014
  -27.1320006736111       5.291595240000000E-015  2.998204238000000E-014
  -26.9640004236111       5.446260491000000E-015  3.057558547000000E-014
  -26.7960001805556       5.363369000000000E-015  3.036254990000000E-014
  -26.6279999375000       5.070194803000000E-015  2.948030410000000E-014
  -26.4599996944444       4.652442389000000E-015  2.830247430000000E-014
  -26.2919994513889       4.238508399000000E-015  2.732378871000000E-014
  -26.1239992013889       3.971319055000000E-015  2.700476053000000E-014
  -25.9560005763889       3.960259770000000E-015  2.761608454000000E-014
  -25.7880003333333       4.228608278000000E-015  2.913119100000000E-014
  -25.6200000902778       4.689457305000000E-015  3.121522070000000E-014
  -25.4519998402778       5.172982675000000E-015  3.333136311000000E-014
  -25.2839995972222       5.496179954000000E-015  3.493322100000000E-014
  -25.1159993541667       5.539765305000000E-015  3.566504392000000E-014
  -24.9480007291667       5.295426793000000E-015  3.548562201000000E-014
  -24.7800004791667       4.865694368000000E-015  3.467229759000000E-014
  -24.6120002361111       4.421317167000000E-015  3.371641413000000E-014
  -24.4439999930556       4.136100421000000E-015  3.315448569000000E-014
  -24.2759997500000       4.125407054000000E-015  3.338529878000000E-014
  -24.1079995069444       4.411166324000000E-015  3.452231854000000E-014
  -23.9399992569444       4.922247793000000E-015  3.633372899000000E-014
  -23.7720006319444       5.521404595000000E-015  3.831023972000000E-014
  -23.6040003888889       6.042836384000000E-015  3.985293744000000E-014
  -23.4360001458333       6.332969309000000E-015  4.050913725000000E-014
  -23.2679999027778       6.297454064000000E-015  4.015219418000000E-014
  -23.0999996527778       5.950421701000000E-015  3.903195584000000E-014
  -22.9319994097222       5.439277551000000E-015  3.768877165000000E-014
  -22.7640007847222       5.008533769000000E-015  3.677058454000000E-014
  -22.5960005416667       4.896598789000000E-015  3.680528240000000E-014
  -22.4280002916667       5.216017454000000E-015  3.798944801000000E-014
  -22.2600000486111       5.895737254000000E-015  4.007307791000000E-014
  -22.0919998055556       6.724190110000000E-015  4.241317245000000E-014
  -21.9239995625000       7.454253313000000E-015  4.420297339000000E-014
  -21.7559993194444       7.892242191999999E-015  4.478716524000000E-014
  -21.5880006875000       7.930986326000000E-015  4.392345591000000E-014
  -21.4200004444444       7.553223184000000E-015  4.188529474000000E-014
  -21.2520002013889       6.846516914000000E-015  3.937826695000000E-014
  -21.0839999583333       6.020186723000000E-015  3.730853517000000E-014
  -20.9159997083333       5.368357600000000E-015  3.648147865000000E-014
  -20.7479994652778       5.151875461000000E-015  3.732767472000000E-014
  -20.5799992222222       5.457012304000000E-015  3.974621129000000E-014
  -20.4120005972222       6.136455124000000E-015  4.311955727000000E-014
  -20.2440003472222       6.885122558000000E-015  4.650056382000000E-014
  -20.0760001041667       7.395850391000001E-015  4.891589859000000E-014
  -19.9079998611111       7.485749386000000E-015  4.968855866000000E-014
  -19.7399996180556       7.131520208000000E-015  4.867418588000000E-014
  -19.5719993750000       6.438976329000000E-015  4.633314606000000E-014
  -19.4040007430556       5.603460489000000E-015  4.360716703000000E-014
  -19.2360005000000       4.875979466000000E-015  4.162339554000000E-014
  -19.0680002569444       4.504991317000000E-015  4.130597841000000E-014
  -18.9000000138889       4.640633902000000E-015  4.302343936000000E-014
  -18.7319997638889       5.247689287000000E-015  4.641564707000000E-014
  -18.5639995208333       6.099239037000000E-015  5.049660776000000E-014
  -18.3959992777778       6.874122565000000E-015  5.401310909000000E-014
  -18.2280006527778       7.301877168000000E-015  5.591261097000000E-014
  -18.0600004097222       7.267381750999999E-015  5.572558270000000E-014
  -17.8920001597222       6.829744391000000E-015  5.372513144000000E-014
  -17.7239999166667       6.175444897000000E-015  5.083154831000000E-014
  -17.5559996736111       5.551279871000000E-015  4.830822699000000E-014
  -17.3879994305556       5.201076640000000E-015  4.733560955000000E-014
  -17.2200007986111       5.304073729000000E-015  4.858198127000000E-014
  -17.0520005555556       5.914713333000000E-015  5.191942999000000E-014
  -16.8840003125000       6.923267417000000E-015  5.641918072000000E-014
  -16.7160000694444       8.065020819000000E-015  6.066958866000000E-014
  -16.5479998263889       8.990610143000000E-015  6.331098297999999E-014
  -16.3799995763889       9.383357297999999E-015  6.355877738000000E-014
  -16.2119993333333       9.087077878000001E-015  6.148917096000000E-014
  -16.0440007083333       8.195025977000000E-015  5.799493644000000E-014
  -15.8760004652778       7.049146253000000E-015  5.446925666000000E-014
  -15.7080002152778       6.122421905000000E-015  5.234392225000000E-014
  -15.5399999722222       5.817371883000000E-015  5.260905372000000E-014
  -15.3719997291667       6.281727203000000E-015  5.544015971000000E-014
  -15.2039994861111       7.351298152000000E-015  6.006859506000000E-014
  -15.0359992430556       8.648230955000000E-015  6.499504710000000E-014
  -14.8680006111111       9.753334513000000E-015  6.851594623000000E-014
  -14.7000003680556       1.034008271000000E-014  6.936677388000001E-014
  -14.5320001250000       1.023250952000000E-014  6.721543893999999E-014
  -14.3639998819444       9.435843694000001E-015  6.281689849000000E-014
  -14.1959996319444       8.178851036000000E-015  5.778814520000000E-014
  -14.0279993888889       6.914176635000000E-015  5.408650619000000E-014
  -13.8600007638889       6.181791292000000E-015  5.334640268000000E-014
  -13.6920005208333       6.343675805000000E-015  5.626959470000000E-014
  -13.5240002708333       7.358149802000001E-015  6.228969163000000E-014
  -13.3560000277778       8.786466732000001E-015  6.969488056000000E-014
  -13.1879997847222       1.004528983000000E-014  7.621582131000000E-014
  -13.0200003472222       1.070623472000000E-014  7.983994325000000E-014
  -12.8520001041667       1.062618672000000E-014  7.950409129999999E-014
  -12.6839998611111       9.884604291000000E-015  7.542769442000000E-014
  -12.5159996180556       8.683363341000000E-015  6.903871463000000E-014
  -12.3480001805556       7.334233827000000E-015  6.255782838000000E-014
  -12.1799999375000       6.279045074000000E-015  5.833677183000000E-014
  -12.0119996944444       5.993334508000000E-015  5.808293298999999E-014
  -11.8440002569444       6.742085375000000E-015  6.219715497999999E-014
  -11.6760000138889       8.355908027000000E-015  6.952674791000000E-014
  -11.5079997638889       1.024224871000000E-014  7.772818169000000E-014
  -11.3400003333333       1.166737317000000E-014  8.412775277999999E-014
  -11.1720000833333       1.211757203000000E-014  8.669323262000000E-014
  -11.0039998402778       1.150110653000000E-014  8.472234958000000E-014
  -10.8359995972222       1.011385206000000E-014  7.906541632000000E-014
  -10.6680001597222       8.472164146000000E-015  7.187585487999999E-014
  -10.4999999166667       7.143067807999999E-015  6.594565524000001E-014
  -10.3319996736111       6.605535194000000E-015  6.376392198999999E-014
  -10.1640002361111       7.115020006000000E-015  6.656977622000001E-014
  -9.99599999305556       8.587413143000000E-015  7.376867536000000E-014
  -9.82799975000000       1.058276019000000E-014  8.304148385000000E-014
  -9.66000031250000       1.244392959000000E-014  9.121089301000000E-014
  -9.49200006944444       1.354177323000000E-014  9.552384247000000E-014
  -9.32399981944444       1.350799101000000E-014  9.474619846000001E-014
  -9.15600038888889       1.236640405000000E-014  8.957584158999999E-014
  -8.98800013888889       1.054261760000000E-014  8.229503775000001E-014
  -8.81999989583333       8.752034843000000E-015  7.594505537000001E-014
  -8.65199965277778       7.758245814000000E-015  7.333766433999999E-014
  -8.48400021527778       8.051051552000000E-015  7.608596099000000E-014
  -8.31599997222222       9.603347848000001E-015  8.387751892000000E-014
  -8.14799972916667       1.187956424000000E-014  9.437035300000000E-014
  -7.98000029166667       1.410313923000000E-014  1.039773668000000E-013
  -7.81200004861111       1.558936526000000E-014  1.092978586000000E-013
  -7.64399980555556       1.593516307000000E-014  1.084838667000000E-013
  -7.47600036805556       1.504620877000000E-014  1.018980500000000E-013
  -7.30800012500000       1.314221423000000E-014  9.193270737999999E-014
  -7.13999988194444       1.081150228000000E-014  8.223760892000001E-014
  -6.97199963194444       8.979391192000000E-015  7.661003044000000E-014
  -6.80400019791667       8.607988420000000E-015  7.773794628999999E-014
  -6.63599995347222       1.018846381000000E-014  8.611616601000000E-014
  -6.46800011388889       1.337830010000000E-014  9.962712079000000E-014
  -6.29999986944444       1.710964710000000E-014  1.141393024000000E-013
  -6.13200002916667       2.011689189000000E-014  1.249762284000000E-013
  -5.96400018888889       2.148925467000000E-014  1.286379721000000E-013
  -5.79599994444444       2.091211014000000E-014  1.240495608000000E-013
  -5.62800010416667       1.861624258000000E-014  1.128941911000000E-013
  -5.45999985972222       1.527116548000000E-014  9.904291200000001E-014
  -5.29200001944444       1.191508541000000E-014  8.735244109000000E-014
  -5.12400017916667       9.761016255000000E-015  8.211644255000000E-014
  -4.95599993472222       9.739597333000000E-015  8.552359531000000E-014
  -4.78800009444444       1.196016620000000E-014  9.668295624000000E-014
  -4.61999985000000       1.551634763000000E-014  1.117959485000000E-013
  -4.45200000972222       1.888969362000000E-014  1.255882605000000E-013
  -4.28400016944444       2.072582218000000E-014  1.333808552000000E-013
  -4.11599992500000       2.045042975000000E-014  1.327972156000000E-013
  -3.94800008541667       1.837291204000000E-014  1.244259009000000E-013
  -3.77999984097222       1.537493718000000E-014  1.114347194000000E-013
  -3.61200000069444       1.251532938000000E-014  9.853074845000000E-014
  -3.44400016041667       1.073884125000000E-014  9.058200153000000E-014
  -3.27599991597222       1.065207374000000E-014  9.103096288000000E-014
  -3.10800007569444       1.232468260000000E-014  1.004199504000000E-013
  -2.94000003333333       1.521980987000000E-014  1.157952586000000E-013
  -2.77199999097222       1.837149410000000E-014  1.316969130000000E-013
  -2.60399994861111       2.074728430000000E-014  1.424826240000000E-013
  -2.43599990625000       2.158679390000000E-014  1.446564900000000E-013
  -2.26800006597222       2.058595671000000E-014  1.380103443000000E-013
  -2.10000002361111       1.799315498000000E-014  1.253886182000000E-013
  -1.93199998125000       1.467439519000000E-014  1.116192438000000E-013
  -1.76399993888889       1.201370970000000E-014  1.020693811000000E-013
  -1.59599999791667       1.142696235000000E-014  1.010290552000000E-013
  -1.42799995555556       1.359542599000000E-014  1.100802324000000E-013
  -1.26000001458333       1.795176726000000E-014  1.270367817000000E-013
  -1.09199997222222       2.289665921000000E-014  1.462923072000000E-013
 -0.924000030555556       2.664112590000000E-014  1.609191973000000E-013
 -0.755999988194444       2.803946379000000E-014  1.657581272000000E-013
 -0.587999996527778       2.684856596000000E-014  1.594042823000000E-013
 -0.420000004722222       2.355424646000000E-014  1.444104981000000E-013
 -0.251999987708333       1.912659857000000E-014  1.258696652000000E-013
 -8.400000222222222E-002  1.493315359000000E-014  1.099988698000000E-013
  8.400000222222222E-002  1.257553479000000E-014  1.023345159000000E-013
  0.251999987708333       1.320697244000000E-014  1.057686382000000E-013
  0.420000004722222       1.694292561000000E-014  1.195799915000000E-013
  0.587999996527778       2.234220160000000E-014  1.389110859000000E-013
  0.755999988194444       2.741595098000000E-014  1.576774193000000E-013
  0.924000030555556       3.013764233000000E-014  1.691361488000000E-013
   1.09199997222222       3.011425067000000E-014  1.708403926000000E-013
   1.26000001458333       2.757420892000000E-014  1.615509213000000E-013
   1.42799995555556       2.429748060000000E-014  1.458933614000000E-013
   1.59599999791667       2.174567526000000E-014  1.281383311000000E-013
   1.76399993888889       2.233539823000000E-014  1.161831455000000E-013
   1.93199998125000       2.874602818000000E-014  1.152516532000000E-013
   2.10000002361111       4.434917467000000E-014  1.301670902000000E-013
   2.26800006597222       7.799290321000000E-014  1.623569985000000E-013
   2.43599990625000       1.399887286000000E-013  2.153412946000000E-013
   2.60399994861111       2.612693319000000E-013  3.074062001000000E-013
   2.77199999097222       4.806575602000000E-013  4.567649969000000E-013
   2.94000003333333       8.540373812000000E-013  7.409213759000000E-013
   3.10800007569444       1.420425192000000E-012  1.232732449000000E-012
   3.27599991597222       2.306563360000000E-012  2.137158289000000E-012
   3.44400016041667       4.068840750000000E-012  3.818254740000000E-012
   3.61200000069444       8.104058223000001E-012  7.473101131000000E-012
   3.77999984097222       1.710733465000000E-011  1.700846582000000E-011
   3.94800008541667       3.573979307000000E-011  4.407067766000000E-011
   4.11599992500000       8.019456626999999E-011  1.117374596000000E-010
   4.28400016944444       1.765715352000000E-010  2.892135142000000E-010
   4.45200000972222       4.660801189000000E-010  1.009227479000000E-009
   4.61999985000000       4.809799226000000E-009  4.516674146000000E-009
   4.78800009444444       2.209861094000000E-007  7.218754660999999E-008
   4.95599993472222       1.271040560000000E-006  1.465073865000000E-006
   5.12400017916667       3.075484528000000E-006  3.534672715000000E-006
   5.29200001944444       5.538208825000000E-006  6.053660854000000E-006
   5.45999985972222       1.091553713000000E-005  1.178388266000000E-005
   5.62800010416667       1.968645665000000E-005  2.087381108000000E-005
   5.79599994444444       3.227843627000000E-005  3.615644891000000E-005
   5.96400018888889       5.846194108000000E-005  6.642176595000001E-005
   6.13200002916667       1.039091658000000E-004  1.058034541000000E-004
   6.29999986944444       1.784137858000000E-004  1.589614258000000E-004
   6.46800011388889       2.886420116000000E-004  2.534621744000000E-004
   6.63599995347222       4.252395593000000E-004  4.040572094000000E-004
   6.80400019791667       6.079208106000000E-004  6.098726299000000E-004
   6.97199963194444       8.716363227000000E-004  8.860926027000000E-004
   7.13999988194444       1.217152108000000E-003  1.264222199000000E-003
   7.30800012500000       1.640175236000000E-003  1.767346868000000E-003
   7.47600036805556       2.151877154000000E-003  2.376690507000000E-003
   7.64399980555556       2.716436051000000E-003  3.064511577000000E-003
   7.81200004861111       3.296845593000000E-003  3.776888829000000E-003
   7.98000029166667       3.882228630000000E-003  4.472527187000000E-003
   8.14799972916667       4.521883558000000E-003  5.172184203000000E-003
   8.31599997222222       5.219891202000000E-003  5.869054236000000E-003
   8.48400021527778       5.920858588000000E-003  6.588095799000000E-003
   8.65199965277778       6.565498188000000E-003  7.279093377000000E-003
   8.81999989583333       7.161948830000000E-003  7.860261947000000E-003
   8.98800013888889       7.758873980000000E-003  8.363612927000001E-003
   9.15600038888889       8.310292847000000E-003  8.739564567999999E-003
   9.32399981944444       8.782379329000001E-003  8.990199305000000E-003
   9.49200006944444       9.110083804000000E-003  9.238760917999999E-003
   9.66000031250000       9.337553754000000E-003  9.482488036000001E-003
   9.82799975000000       9.492950514000001E-003  9.648937732000000E-003
   9.99599999305556       9.642656893000000E-003  9.799048305000000E-003
   10.1640002361111       9.712063707000000E-003  9.919339791000001E-003
   10.3319996736111       9.767619893000000E-003  9.974826127000000E-003
   10.4999999166667       9.836260229000001E-003  9.945204480999999E-003
   10.6680001597222       9.867900051000000E-003  9.890492074000000E-003
   10.8359995972222       9.829160757000001E-003  9.800761006999999E-003
   11.0039998402778       9.794272482000000E-003  9.662132710000000E-003
   11.1720000833333       9.698514827000000E-003  9.524743073000001E-003
   11.3400003333333       9.614918381000001E-003  9.392258711000001E-003
   11.5079997638889       9.469538927000001E-003  9.245575406000000E-003
   11.6760000138889       9.257763624000000E-003  9.104201570000000E-003
   11.8440002569444       9.050149471000000E-003  8.977403864000000E-003
   12.0119996944444       8.846458979000001E-003  8.809941821000001E-003
   12.1799999375000       8.702981286000000E-003  8.627762087000000E-003
   12.3480001805556       8.556305431000000E-003  8.440307342000001E-003
   12.5159996180556       8.412425406000000E-003  8.284223266000000E-003
   12.6839998611111       8.249925449000000E-003  8.144587278000000E-003
   12.8520001041667       7.993897422999999E-003  7.958585396000001E-003
   13.0200003472222       7.707005367000000E-003  7.732678205000000E-003
   13.1879997847222       7.371743210000000E-003  7.498021703000000E-003
   13.3560000277778       7.020739373000000E-003  7.306736894000000E-003
   13.5240002708333       6.616688333000000E-003  7.044775877000000E-003
   13.6920005208333       6.248264574000000E-003  6.712875795000000E-003
   13.8600007638889       5.844342522000000E-003  6.364319008000000E-003
   14.0279993888889       5.445044022000000E-003  6.002618931000000E-003
   14.1959996319444       5.082583055000000E-003  5.608481821000000E-003
   14.3639998819444       4.653532058000000E-003  5.200566258000000E-003
   14.5320001250000       4.234584980000000E-003  4.779718351000000E-003
   14.7000003680556       3.811541945000000E-003  4.363135900000000E-003
   14.8680006111111       3.376524895000000E-003  3.914510366000000E-003
   15.0359992430556       2.951378236000000E-003  3.464401700000000E-003
   15.2039994861111       2.552281134000000E-003  3.010123037000000E-003
   15.3719997291667       2.193910070000000E-003  2.590062330000000E-003
   15.5399999722222       1.821295009000000E-003  2.185155870000000E-003
   15.7080002152778       1.462574932000000E-003  1.812041039000000E-003
   15.8760004652778       1.151249628000000E-003  1.487857196000000E-003
   16.0440007083333       9.017685079000000E-004  1.199929742000000E-003
   16.2119993333333       7.065506652000000E-004  9.464382892000000E-004
   16.3799995763889       5.455897772000000E-004  7.493634475000000E-004
   16.5479998263889       4.218288814000000E-004  5.909019965000000E-004
   16.7160000694444       3.205159155000000E-004  4.503309610000000E-004
   16.8840003125000       2.393222676000000E-004  3.241219383000000E-004
   17.0520005555556       1.755301491000000E-004  2.260769543000000E-004
   17.2200007986111       1.228870678000000E-004  1.543118269000000E-004
   17.3879994305556       7.961512893000001E-005  1.045011231000000E-004
   17.5559996736111       5.151323057000000E-005  7.365697093000000E-005
   17.7239999166667       3.309273234000000E-005  5.220607272000000E-005
   17.8920001597222       2.235714601000000E-005  3.490861855000000E-005
   18.0600004097222       1.350630464000000E-005  1.990585588000000E-005
   18.2280006527778       7.766039744000000E-006  8.690652065999999E-006
   18.3959992777778       4.352397355000000E-006  5.732911632000000E-006
   18.5639995208333       2.106671673000000E-006  5.024538495000000E-006
   18.7319997638889       6.204124361000000E-007  4.343675755000000E-006
   18.9000000138889       4.282802024000000E-008  3.361407607000000E-006
   19.0680002569444       1.979436753000000E-010  2.690360816000000E-006
   19.2360005000000       4.690754729000000E-011  1.876599299000000E-006
   19.4040007430556       2.229401906000000E-011  8.128397440000000E-007
   19.5719993750000       9.413321685000000E-012  1.392586455000000E-007
   19.7399996180556       9.053159264000000E-012  2.978450597000000E-009
   19.9079998611111       9.169237417999999E-012  6.569933486000001E-011
   20.0760001041667       9.440158724000001E-012  4.320135569000000E-011
   20.2440003472222       9.107660806000000E-012  1.695505715000000E-011
   20.4120005972222       8.416058649000000E-012  1.580704664000000E-011
   20.5799992222222       7.655718941000000E-012  1.462188183000000E-011
   20.7479994652778       7.883122974000000E-012  1.374919536000000E-011
   20.9159997083333       8.143452058999999E-012  1.379798793000000E-011
   21.0839999583333       8.032483532000000E-012  1.390159342000000E-011
   21.2520002013889       7.767525337999999E-012  1.365351322000000E-011
   21.4200004444444       6.951142786000000E-012  1.313882770000000E-011
   21.5880006875000       6.437713210000000E-012  1.230356095000000E-011
   21.7559993194444       6.776865527000000E-012  1.159655878000000E-011
   21.9239995625000       7.363736357000001E-012  1.186922175000000E-011
   22.0919998055556       7.217104084000000E-012  1.164537130000000E-011
   22.2600000486111       6.938898674000000E-012  1.138411674000000E-011
   22.4280002916667       6.173919449000000E-012  1.081818662000000E-011
   22.5960005416667       5.795547202000000E-012  9.912322698999999E-012
   22.7640007847222       6.386468611000000E-012  9.834470044000000E-012
   22.9319994097222       6.725735854000000E-012  1.020982951000000E-011
   23.0999996527778       6.424847633000000E-012  1.010813221000000E-011
   23.2679999027778       6.137653753000000E-012  9.742171479000001E-012
   23.4360001458333       5.382395918000000E-012  9.213529245000000E-012
   23.6040003888889       5.359627239000000E-012  8.637734625000000E-012
   23.7720006319444       6.000065896000000E-012  8.819118179000001E-012
   23.9399992569444       6.175396566000000E-012  9.099080864000000E-012
   24.1079995069444       5.952341051000000E-012  8.864263490000000E-012
   24.2759997500000       5.557293341000000E-012  8.741147563000000E-012
   24.4439999930556       4.946184087000000E-012  8.080551853000000E-012
   24.6120002361111       5.075196773000000E-012  7.436720510000001E-012
   24.7800004791667       5.548006932000000E-012  7.605560279000000E-012
   24.9480007291667       5.607121104000000E-012  7.767253854000001E-012
   25.1159993541667       5.296496314000000E-012  7.482464301000000E-012
   25.2839995972222       5.113486891000000E-012  7.188963834000000E-012
   25.4519998402778       4.540437904000000E-012  6.764486540000000E-012
   25.6200000902778       4.665889636000000E-012  6.410480220000000E-012
   25.7880003333333       5.124818538000000E-012  6.621433003000000E-012
   25.9560005763889       5.001027804000000E-012  6.650120125000000E-012
   26.1239992013889       4.866216371000000E-012  6.578680309000000E-012
   26.2919994513889       4.678350589000000E-012  6.314576466000000E-012
   26.4599996944444       4.214528899000000E-012  6.058278445000000E-012
   26.6279999375000       4.263953773000000E-012  5.724037997000000E-012
   26.7960001805556       4.707295317000000E-012  5.736920921000000E-012
   26.9640004236111       4.400697255000000E-012  5.864780883000000E-012
   27.1320006736111       4.439960552000000E-012  5.853503012000000E-012
   27.3000009166667       4.192323572000000E-012  5.800629074000000E-012
   27.4680011597222       3.916640016000000E-012  5.301172262000000E-012
   27.6360014027778       4.009463334000000E-012  5.073298552000000E-012
   27.8039984166667       4.305587137000000E-012  5.334832402000000E-012
   27.9719986597222       4.019847823000000E-012  5.229829157000000E-012
   28.1399989027778       4.009113787000000E-012  5.113807815000000E-012
   28.3079991458333       3.941705469000000E-012  4.945098584000000E-012
   28.4759993958333       3.733840494000000E-012  4.826618705000000E-012
   28.6439996388889       3.784783684000000E-012  4.766192215000000E-012
   28.8119998819444       3.999103999000000E-012  4.805269897000000E-012
   28.9800001250000       3.673265685000000E-012  4.738937541000000E-012
   29.1480003680556       3.839803041000000E-012  4.557859298000000E-012
   29.3160006111111       3.802526870000000E-012  4.826508117000000E-012
   29.4840008611111       3.504304269000000E-012  4.496113117000000E-012
   29.6520011041667       3.600036935000000E-012  4.206060413000000E-012
   29.8200013472222       3.550667572000000E-012  4.281041233000000E-012
   29.9880015902778       3.250797851000000E-012  4.122121915000000E-012
   30.1559986041667       3.448821090000000E-012  3.898973158000000E-012
   30.3239988472222       3.435155589000000E-012  4.199572981000000E-012
   30.4919990902778       3.221547595000000E-012  3.934522413000000E-012
   30.6599993333333       3.292598616000000E-012  3.784621054000000E-012
   30.8279995833333       3.133152158000000E-012  3.791724313000000E-012
   30.9959998263889       2.888920873000000E-012  3.632315369000000E-012
   31.1640000694444       3.207201432000000E-012  3.527200016000000E-012
   31.3320003125000       3.117940801000000E-012  3.876779106000000E-012
   31.5000005555556       2.919253598000000E-012  3.534615742000000E-012
   31.6680008055556       3.004004814000000E-012  3.335124928000000E-012
   31.8360010486111       2.740664249000000E-012  3.417546844000000E-012
   32.0040012916667       2.626301086000000E-012  3.212675351000000E-012
   32.1720015347222       2.859331912000000E-012  3.239398116000000E-012
   32.3399985486111       2.785065581000000E-012  3.436808347000000E-012
   32.5079987916667       2.617347528000000E-012  3.116190249000000E-012
   32.6759990347222       2.707859761000000E-012  3.197358611000000E-012
   32.8439992777778       2.450647758000000E-012  3.192784795000000E-012
   33.0119995277778       2.329540640000000E-012  2.970080128000000E-012
   33.1799997708333       2.656352785000000E-012  3.159800329000000E-012
   33.3480000138889       2.574807772000000E-012  3.212857931000000E-012
   33.5160002569444       2.385694723000000E-012  2.908125130000000E-012
   33.6840005000000       2.492033272000000E-012  2.942954691000000E-012
   33.8520007500000       2.168324331000000E-012  2.944781571000000E-012
   34.0200009930556       2.176596793000000E-012  2.749510689000000E-012
   34.1880012361111       2.433832866000000E-012  3.053825855000000E-012
   34.3560014791667       2.450484260000000E-012  3.074794109000000E-012
   34.5239984930556       2.224346792000000E-012  2.753828849000000E-012
   34.6919987361111       2.318180153000000E-012  2.943115803000000E-012
   34.8599989791667       1.959943492000000E-012  2.734379563000000E-012
   35.0279992222222       1.951720036000000E-012  2.437093929000000E-012
   35.1959994652778       2.213261475000000E-012  2.697502161000000E-012
   35.3639997152778       2.173222756000000E-012  2.630418669000000E-012
   35.5319999583333       2.021700732000000E-012  2.256140370000000E-012
   35.7000002013889       1.981917018000000E-012  2.476681403000000E-012
   35.8680004444444       1.699068512000000E-012  2.269821267000000E-012
   36.0360006875000       1.653306073000000E-012  2.092118145000000E-012
   36.2040009375000       1.934458453000000E-012  2.446912247000000E-012
   36.3720011805556       1.917264091000000E-012  2.404227642000000E-012
   36.5400014236111       1.775117163000000E-012  2.048752877000000E-012
   36.7079984375000       1.785580689000000E-012  2.328999623000000E-012
   36.8759986805556       1.460215304000000E-012  2.105050726000000E-012
   37.0439989236111       1.476450906000000E-012  1.896814737000000E-012
   37.2119991666667       1.683487659000000E-012  2.268549714000000E-012
   37.3799994097222       1.656614082000000E-012  2.172906169000000E-012
   37.5479996597222       1.547658703000000E-012  1.901983779000000E-012
   37.7159999027778       1.510245705000000E-012  2.210672617000000E-012
   37.8840001458333       1.315270375000000E-012  2.010184770000000E-012
   38.0520003888889       1.311136096000000E-012  1.849782914000000E-012
   38.2200006319444       1.541957425000000E-012  2.265033213000000E-012
   38.3880008819444       1.477678440000000E-012  2.148373493000000E-012
   38.5560011250000       1.428586307000000E-012  1.834538597000000E-012
   38.7240013680556       1.371099415000000E-012  2.204540153000000E-012
   38.8920016111111       1.181251169000000E-012  1.934663150000000E-012
   39.0599986250000       1.237693650000000E-012  1.799268417000000E-012
   39.2279988680556       1.419520317000000E-012  2.222959013000000E-012
   39.3959991111111       1.404052764000000E-012  2.141594194000000E-012
   39.5639993541667       1.370574010000000E-012  1.861335521000000E-012
   39.7319995972222       1.306506986000000E-012  2.187708998000000E-012
   39.8999998472222       1.162946692000000E-012  1.871058213000000E-012
   40.0680000902778       1.106955781000000E-012  1.652522195000000E-012
   40.2360003333333       1.317204050000000E-012  2.090370845000000E-012
   40.4040005763889       1.226327742000000E-012  1.877802818000000E-012
   40.5720008194444       1.217204397000000E-012  1.586318099000000E-012
   40.7400010694444       1.128323129000000E-012  1.842914927000000E-012
   40.9080013125000       9.475053121000000E-013  1.556680240000000E-012
   41.0760015555556       9.474200938000001E-013  1.361884347000000E-012
   41.2439985694444       1.054956253000000E-012  1.757091434000000E-012
   41.4119988125000       1.016750594000000E-012  1.575498195000000E-012
   41.5799990555556       1.020330305000000E-012  1.385356131000000E-012
   41.7479992986111       9.541882258000000E-013  1.731033611000000E-012
   41.9159995416667       8.266884898000000E-013  1.421554064000000E-012
   42.0839997916667       7.994865078000000E-013  1.334565596000000E-012
   42.2520000347222       9.509628328000000E-013  1.671206467000000E-012
   42.4200002777778       9.021267891000000E-013  1.551797753000000E-012
   42.5880005208333       9.131316580000001E-013  1.356220908000000E-012
   42.7560007638889       8.476992437000000E-013  1.658246457000000E-012
   42.9240010138889       7.221352422000000E-013  1.403240046000000E-012
   43.0920012569444       7.215892380000000E-013  1.274173041000000E-012
   43.2600015000000       8.243092623000000E-013  1.716206821000000E-012
   43.4279985138889       8.154548000000000E-013  1.556824873000000E-012
   43.5959987569444       8.169224303000000E-013  1.406158827000000E-012
   43.7639990000000       7.533293650000000E-013  1.748247380000000E-012
   43.9319992430556       6.886519350000000E-013  1.389672015000000E-012
   44.0999994861111       6.550580933000000E-013  1.336330786000000E-012
   44.2679997361111       8.392663734000000E-013  1.650459283000000E-012
   44.4359999791667       8.185592503000000E-013  1.557557035000000E-012
   44.6040002222222       8.688772900000000E-013  1.499064761000000E-012
   44.7720004652778       8.395870804000000E-013  1.809182036000000E-012
   44.9400007083333       7.325014618000000E-013  1.533305167000000E-012
   45.1080009513889       6.731471392000000E-013  1.379369058000000E-012
   45.2760012013889       7.817043454000000E-013  1.561293195000000E-012
   45.4440014444444       7.309824404000000E-013  1.466962511000000E-012
   45.6119984513889       7.579747919000000E-013  1.201581152000000E-012
   45.7799987013889       6.816008803000000E-013  1.458207578000000E-012
   45.9479989444444       6.130329534000000E-013  1.182737610000000E-012
   46.1159991875000       5.242173882000000E-013  1.037729147000000E-012
   46.2839994305556       6.401270573000000E-013  1.255458086000000E-012
   46.4519996736111       6.015519571000000E-013  1.256203366000000E-012
   46.6199999236111       6.505904756000000E-013  1.027729334000000E-012
   46.7880001666667       5.834079422000000E-013  1.333860756000000E-012
   46.9560004097222       5.400621356000000E-013  1.095562551000000E-012
   47.1240006527778       4.389550789000000E-013  9.721349159999999E-013
   47.2920008958333       5.429295793000000E-013  1.122145129000000E-012
   47.4600011458333       5.281766235000000E-013  1.234925031000000E-012
   47.6280013888889       5.556097032000000E-013  9.449912641000001E-013
   47.7959983958333       5.082114742000000E-013  1.272409153000000E-012
   47.9639986458333       4.933861479000000E-013  1.092000730000000E-012
   48.1319988888889       3.898890759000000E-013  9.730430437000000E-013
   48.2999991319444       4.937614445000000E-013  1.135691367000000E-012
   48.4679993750000       4.873700185000000E-013  1.330947180000000E-012
   48.6359996180556       5.201699531000000E-013  1.026194212000000E-012
   48.8039998680556       4.926888975000000E-013  1.344412537000000E-012
   48.9720001111111       4.742561595000000E-013  1.240911453000000E-012
   49.1400003541667       3.953993437000000E-013  1.052172347000000E-012
   49.3080005972222       4.895654195000000E-013  1.130213219000000E-012
   49.4760008402778       5.418009249000000E-013  1.412023385000000E-012
   49.6440010902778       5.827911396000000E-013  1.070193847000000E-012
   49.8120013333333       6.098857855000000E-013  1.472443153000000E-012
   49.9800015763889       5.777453711000000E-013  1.397352286000000E-012
   50.1479985833333       4.892885142000000E-013  1.252121345000000E-012
   50.3159988333333       5.207330877000000E-013  1.187430796000000E-012
   50.4839990763889       5.436838046000000E-013  1.482248243000000E-012
   50.6519993194444       5.059451664000000E-013  9.525639826000000E-013
   50.8199995625000       5.170522214000000E-013  1.211856245000000E-012
   50.9879998055556       4.637835255000000E-013  1.120977334000000E-012
   51.1560000555556       3.908494080000000E-013  8.833177787000000E-013
   51.3240002986111       3.908102954000000E-013  8.105774624000000E-013
   51.4920005416667       4.410054678000000E-013  1.226737136000000E-012
   51.6600007847222       4.202325879000000E-013  7.247231244000000E-013
   51.8280010277778       4.443850886000000E-013  1.053968544000000E-012
   51.9960012777778       4.012177147000000E-013  1.025720090000000E-012
   52.1640015208333       3.348680382000000E-013  8.126557153000000E-013
   52.3319985277778       3.152858833000000E-013  7.122614130000000E-013
   52.4999987777778       3.904792613000000E-013  1.176533588000000E-012
   52.6679990208333       3.531244849000000E-013  6.766281871000000E-013
   52.8359992638889       4.070212591000000E-013  1.031555050000000E-012
   53.0039995069444       3.673386194000000E-013  1.016799275000000E-012
   53.1719997500000       3.218925777000000E-013  8.581347980000000E-013
   53.3400000000000       2.840151888000000E-013  7.516477675000000E-013
   53.5080002430556       3.643442156000000E-013  1.257896456000000E-012
   53.6760004861111       3.415169894000000E-013  8.090556762000000E-013
   53.8440007291667       4.109465047000000E-013  1.090784472000000E-012
   54.0120009722222       3.717010152000000E-013  1.192924015000000E-012
   54.1800012222222       3.471423181000000E-013  9.629875022000000E-013
   54.3480014652778       3.074128951000000E-013  8.855666309000000E-013
   54.5160017083333       3.940285869000000E-013  1.178285768000000E-012
   54.6840019513889       3.924012807000000E-013  9.433880543000000E-013
   54.8520021944444       4.524644277000000E-013  1.101673657000000E-012
   55.0200024444444       3.946056264000000E-013  1.333034269000000E-012
   55.1880026875000       3.847553515000000E-013  1.090464633000000E-012
   55.3560029305556       3.245661931000000E-013  1.101496823000000E-012
   55.5240031736111       3.902538286000000E-013  1.213970005000000E-012
   55.6919969513889       3.931849692000000E-013  1.066341026000000E-012
   55.8599971944444       4.080421710000000E-013  9.632496623000000E-013
   56.0279974375000       3.802286448000000E-013  1.085337549000000E-012
   56.1959976875000       4.243727223000000E-013  8.213074318000000E-013
   56.3639979305556       3.728708965000000E-013  7.527877518000000E-013
   56.5319981736111       4.194320943000000E-013  6.768177056000000E-013
   56.6999984166667       4.423232885000000E-013  8.483989336000000E-013
   56.8679986597222       4.777425200000000E-013  5.928000061000000E-013
   57.0359989097222       4.894903927000000E-013  8.495090482000000E-013
   57.2039991527778       4.740762362000000E-013  6.983012801000000E-013
   57.3719993958333       4.406731056000000E-013  6.256205948000000E-013
   57.5399996388889       3.781967415000000E-013  5.189852996000000E-013
   57.7079998819444       4.148657600000000E-013  6.785229388000000E-013
   57.8760001319444       3.750795518000000E-013  5.438979887000000E-013
   58.0440003750000       4.294389009000000E-013  6.883232591000000E-013
   58.2120006180556       3.642704356000000E-013  6.602358092000000E-013
   58.3800008611111       3.629148306000000E-013  5.705002443000000E-013
   58.5480011041667       3.188996376000000E-013  6.260164370000000E-013
   58.7160013541667       3.033704473000000E-013  5.702748928000000E-013
   58.8840015972222       2.685280926000000E-013  7.439532931000000E-013
   59.0520018402778       2.792193018000000E-013  6.293067738000000E-013
   59.2200020833333       2.856565895000000E-013  7.366983542000000E-013
   59.3880023263889       2.260919316000000E-013  4.827849275000000E-013
   59.5560025763889       4.144350336000000E-013  8.798261598000000E-013
   59.7240028194444       1.393433302000000E-013  2.968462878000000E-013
   59.8920030625000       5.142532450000000E-013  8.140041375000000E-013
   60.0599968402778       1.043606000000000E-011  1.625768617000000E-011
