  -60.0599968402778       2.681664855000000E-030  2.681664855000000E-030
  -59.8920030625000       5.886652927000000E-013  1.062254451000000E-012
  -59.7240028194444       6.654258849999999E-013  1.238636472000000E-012
  -59.5560025763889       3.579328403000000E-013  6.677371329000000E-013
  -59.3880023263889       2.850751048000000E-013  4.984012877000000E-013
  -59.2200020833333       2.451625057000000E-013  3.828776218000000E-013
  -59.0520018402778       2.312045141000000E-013  3.525991077000000E-013
  -58.8840015972222       2.179439084000000E-013  3.534492306000000E-013
  -58.7160013541667       2.013350966000000E-013  3.543547292000000E-013
  -58.5480011041667       1.805973313000000E-013  3.440658132000000E-013
  -58.3800008611111       1.607661893000000E-013  3.182630754000000E-013
  -58.2120006180556       1.392749577000000E-013  2.774261398000000E-013
  -58.0440003750000       1.179383197000000E-013  2.329365542000000E-013
  -57.8760001319444       9.817161325000000E-014  1.944212884000000E-013
  -57.7079998819444       8.077863194000000E-014  1.628076200000000E-013
  -57.5399996388889       6.534438382000000E-014  1.359398569000000E-013
  -57.3719993958333       5.259838450000000E-014  1.133095692000000E-013
  -57.2039991527778       4.275736598000000E-014  9.496492269999999E-014
  -57.0359989097222       3.539245855000000E-014  8.081287240000000E-014
  -56.8679986597222       2.952757532000000E-014  7.049117285000000E-014
  -56.6999984166667       2.449093445000000E-014  6.338975704000000E-014
  -56.5319981736111       2.034611086000000E-014  5.827295975000001E-014
  -56.3639979305556       1.731403446000000E-014  5.343227827000000E-014
  -56.1959976875000       1.488084592000000E-014  4.828460155000000E-014
  -56.0279974375000       1.246363412000000E-014  4.427195576000000E-014
  -55.8599971944444       1.041293177000000E-014  4.292840226000000E-014
  -55.6919969513889       9.379504145000000E-015  4.338609821000000E-014
  -55.5240031736111       8.993449397000000E-015  4.283848463000000E-014
  -55.3560029305556       8.201858992000000E-015  3.988392868000000E-014
  -55.1880026875000       6.814520668000000E-015  3.642169167000000E-014
  -55.0200024444444       5.698713579000000E-015  3.512857729000000E-014
  -54.8520021944444       5.338314612000000E-015  3.599158867000000E-014
  -54.6840019513889       5.169598355000000E-015  3.670633540000000E-014
  -54.5160017083333       4.592490244000000E-015  3.577175652000000E-014
  -54.3480014652778       3.839339887000000E-015  3.388384205000000E-014
  -54.1800012222222       3.443287186000000E-015  3.250115563000000E-014
  -54.0120009722222       3.387793188000000E-015  3.203363410000000E-014
  -53.8440007291667       3.267060288000000E-015  3.179451670000000E-014
  -53.6760004861111       2.967154508000000E-015  3.129064729000000E-014
  -53.5080002430556       2.687487311000000E-015  3.088261458000000E-014
  -53.3400000000000       2.483041086000000E-015  3.099979990000000E-014
  -53.1719997500000       2.262736075000000E-015  3.137301278000000E-014
  -53.0039995069444       2.100316449000000E-015  3.150174823000000E-014
  -52.8359992638889       2.115105644000000E-015  3.124554448000000E-014
  -52.6679990208333       2.171567590000000E-015  3.057003232000000E-014
  -52.4999987777778       2.061170609000000E-015  2.944745278000000E-014
  -52.3319985277778       1.841080321000000E-015  2.825616531000000E-014
  -52.1640015208333       1.698471631000000E-015  2.755761555000000E-014
  -51.9960012777778       1.643886180000000E-015  2.744253087000000E-014
  -51.8280010277778       1.582501703000000E-015  2.765262045000000E-014
  -51.6600007847222       1.522934322000000E-015  2.805873040000000E-014
  -51.4920005416667       1.517138288000000E-015  2.852744286000000E-014
  -51.3240002986111       1.532719988000000E-015  2.872585524000000E-014
  -51.1560000555556       1.519801995000000E-015  2.845197900000000E-014
  -50.9879998055556       1.494446593000000E-015  2.784193571000000E-014
  -50.8199995625000       1.487453700000000E-015  2.711704322000000E-014
  -50.6519993194444       1.497525769000000E-015  2.641924223000000E-014
  -50.4839990763889       1.518019308000000E-015  2.588666687000000E-014
  -50.3159988333333       1.549547780000000E-015  2.563511672000000E-014
  -50.1479985833333       1.585461448000000E-015  2.565799847000000E-014
  -49.9800015763889       1.615901376000000E-015  2.583824878000000E-014
  -49.8120013333333       1.637768061000000E-015  2.602480778000000E-014
  -49.6440010902778       1.650604846000000E-015  2.608363592000000E-014
  -49.4760008402778       1.652854671000000E-015  2.593606922000000E-014
  -49.3080005972222       1.644569736000000E-015  2.558214159000000E-014
  -49.1400003541667       1.628101510000000E-015  2.508871610000000E-014
  -48.9720001111111       1.606583591000000E-015  2.455584428000000E-014
  -48.8039998680556       1.584000951000000E-015  2.408194460000000E-014
  -48.6359996180556       1.565780531000000E-015  2.373786965000000E-014
  -48.4679993750000       1.557865008000000E-015  2.355554242000000E-014
  -48.2999991319444       1.564471124000000E-015  2.352750563000000E-014
  -48.1319988888889       1.586183120000000E-015  2.360972034000000E-014
  -47.9639986458333       1.620110283000000E-015  2.372839813000000E-014
  -47.7959983958333       1.662134341000000E-015  2.379731611000000E-014
  -47.6280013888889       1.709217302000000E-015  2.374576230000000E-014
  -47.4600011458333       1.759844991000000E-015  2.354530518000000E-014
  -47.2920008958333       1.812731611000000E-015  2.321890442000000E-014
  -47.1240006527778       1.865431883000000E-015  2.282721775000000E-014
  -46.9560004097222       1.914172065000000E-015  2.244320859000000E-014
  -46.7880001666667       1.954905667000000E-015  2.212896445000000E-014
  -46.6199999236111       1.984723768000000E-015  2.192037919000000E-014
  -46.4519996736111       2.002775734000000E-015  2.182122721000000E-014
  -46.2839994305556       2.010375949000000E-015  2.180900453000000E-014
  -46.1159991875000       2.010443288000000E-015  2.185010765000000E-014
  -45.9479989444444       2.006618087000000E-015  2.191257802000000E-014
  -45.7799987013889       2.002390758000000E-015  2.196575814000000E-014
  -45.6119984513889       2.000449994000000E-015  2.197177377000000E-014
  -45.4440014444444       2.002346712000000E-015  2.188531372000000E-014
  -45.2760012013889       2.008467160000000E-015  2.166925595000000E-014
  -45.1080009513889       2.018248909000000E-015  2.131475403000000E-014
  -44.9400007083333       2.030535333000000E-015  2.084961435000000E-014
  -44.7720004652778       2.043964194000000E-015  2.033134539000000E-014
  -44.6040002222222       2.057296704000000E-015  1.983218040000000E-014
  -44.4359999791667       2.069625904000000E-015  1.942170654000000E-014
  -44.2679997361111       2.080446326000000E-015  1.914851470000000E-014
  -44.0999994861111       2.089607835000000E-015  1.902603373000000E-014
  -43.9319992430556       2.097200850000000E-015  1.903194772000000E-014
  -43.7639990000000       2.103439247000000E-015  1.912399140000000E-014
  -43.5959987569444       2.108578196000000E-015  1.926052633000000E-014
  -43.4279985138889       2.112891500000000E-015  1.940897733000000E-014
  -43.2600015000000       2.116689807000000E-015  1.953744512000000E-014
  -43.0920012569444       2.120354072000000E-015  1.960279032000000E-014
  -42.9240010138889       2.124345291000000E-015  1.955213775000000E-014
  -42.7560007638889       2.129175708000000E-015  1.934058281000000E-014
  -42.5880005208333       2.135335755000000E-015  1.895325327000000E-014
  -42.4200002777778       2.143207444000000E-015  1.841824694000000E-014
  -42.2520000347222       2.152989192000000E-015  1.780430898000000E-014
  -42.0839997916667       2.164664271000000E-015  1.720406756000000E-014
  -41.9159995416667       2.178019016000000E-015  1.670887685000000E-014
  -41.7479992986111       2.192698732000000E-015  1.638467668000000E-014
  -41.5799990555556       2.208284562000000E-015  1.625720839000000E-014
  -41.4119988125000       2.224365059000000E-015  1.630962279000000E-014
  -41.2439985694444       2.240598657000000E-015  1.649049481000000E-014
  -41.0760015555556       2.256759410000000E-015  1.672877027000000E-014
  -40.9080013125000       2.272778709000000E-015  1.695203290000000E-014
  -40.7400010694444       2.288781915000000E-015  1.710324184000000E-014
  -40.5720008194444       2.305124145000000E-015  1.715048256000000E-014
  -40.4040005763889       2.322409758000000E-015  1.708676874000000E-014
  -40.2360003333333       2.341476893000000E-015  1.692248162000000E-014
  -40.0680000902778       2.363322508000000E-015  1.667708940000000E-014
  -39.8999998472222       2.388948855000000E-015  1.637563376000000E-014
  -39.7319995972222       2.419132450000000E-015  1.605009528000000E-014
  -39.5639993541667       2.454152392000000E-015  1.574047086000000E-014
  -39.3959991111111       2.493548953000000E-015  1.548966610000000E-014
  -39.2279988680556       2.536017703000000E-015  1.533150133000000E-014
  -39.0599986250000       2.579534656000000E-015  1.527871762000000E-014
  -38.8920016111111       2.621761789000000E-015  1.532005622000000E-014
  -38.7240013680556       2.660718740000000E-015  1.542783777000000E-014
  -38.5560011250000       2.695649532000000E-015  1.556785571000000E-014
  -38.3880008819444       2.728011061000000E-015  1.570478536000000E-014
  -38.2200006319444       2.762612145000000E-015  1.580701038000000E-014
  -38.0520003888889       2.809136912000000E-015  1.585736649000000E-014
  -37.8840001458333       2.884537456000000E-015  1.586532351000000E-014
  -37.7159999027778       3.016787886000000E-015  1.587057851000000E-014
  -37.5479996597222       3.249686795000000E-015  1.593868504000000E-014
  -37.3799994097222       3.646164283000000E-015  1.615714839000000E-014
  -37.2119991666667       4.284021597000000E-015  1.662953358000000E-014
  -37.0439989236111       5.235539023000000E-015  1.745264462000000E-014
  -36.8759986805556       6.525682433000000E-015  1.867007491000000E-014
  -36.7079984375000       8.077002947000000E-015  2.021762613000000E-014
  -36.5400014236111       9.669736596000000E-015  2.189003847000000E-014
  -36.3720011805556       1.095812707000000E-014  2.335644732000000E-014
  -36.2040009375000       1.156843803000000E-014  2.423906921000000E-014
  -36.0360006875000       1.125573295000000E-014  2.424555409000000E-014
  -35.8680004444444       1.004253613000000E-014  2.330813765000000E-014
  -35.7000002013889       8.250255912999999E-015  2.165271001000000E-014
  -35.5319999583333       6.388229738000000E-015  1.973822242000000E-014
  -35.3639997152778       4.954049645000000E-015  1.808119389000000E-014
  -35.1959994652778       4.254236954000000E-015  1.705787814000000E-014
  -35.0279992222222       4.332951302000000E-015  1.678884523000000E-014
  -34.8599989791667       5.020483287000000E-015  1.714911206000000E-014
  -34.6919987361111       6.045805658000000E-015  1.786891049000000E-014
  -34.5239984930556       7.142263126000000E-015  1.865407785000000E-014
  -34.3560014791667       8.106134104000000E-015  1.927172411000000E-014
  -34.1880012361111       8.808506530000000E-015  1.958586999000000E-014
  -34.0200009930556       9.183634552000000E-015  1.955569360000000E-014
  -33.8520007500000       9.216345271000000E-015  1.921538456000000E-014
  -33.6840005000000       8.937115776999999E-015  1.864854334000000E-014
  -33.5160002569444       8.419244915000000E-015  1.796237719000000E-014
  -33.3480000138889       7.768002786999999E-015  1.726283979000000E-014
  -33.1799997708333       7.098149227000000E-015  1.663231185000000E-014
  -33.0119995277778       6.506823668000000E-015  1.611404457000000E-014
  -32.8439992777778       6.053749556000000E-015  1.570949147000000E-014
  -32.6759990347222       5.756452427000000E-015  1.539335167000000E-014
  -32.5079987916667       5.599326544000000E-015  1.514128483000000E-014
  -32.3399985486111       5.549108502000000E-015  1.495154606000000E-014
  -32.1720015347222       5.568979895000000E-015  1.484249735000000E-014
  -32.0040012916667       5.627326066000000E-015  1.482993754000000E-014
  -31.8360010486111       5.701269501000000E-015  1.490737838000000E-014
  -31.6680008055556       5.777038715000000E-015  1.504597160000000E-014
  -31.5000005555556       5.848969600000000E-015  1.520954383000000E-014
  -31.3320003125000       5.917832955000000E-015  1.536988717000000E-014
  -31.1640000694444       5.988500491000000E-015  1.551242587000000E-014
  -30.9959998263889       6.067104301000000E-015  1.563151701000000E-014
  -30.8279995833333       6.158269187000000E-015  1.572240195000000E-014
  -30.6599993333333       6.263179723000000E-015  1.578035933000000E-014
  -30.4919990902778       6.378926775000000E-015  1.580900938000000E-014
  -30.3239988472222       6.499159290000000E-015  1.582516738000000E-014
  -30.1559986041667       6.615746176000000E-015  1.584846417000000E-014
  -29.9880015902778       6.721015431000000E-015  1.588418863000000E-014
  -29.8200013472222       6.809965325000000E-015  1.591959291000000E-014
  -29.6520011041667       6.881718333000000E-015  1.593843093000000E-014
  -29.4840008611111       6.939583389000000E-015  1.593669790000000E-014
  -29.3160006111111       6.989578238000000E-015  1.592548488000000E-014
  -29.1480003680556       7.037915020000000E-015  1.592635901000000E-014
  -28.9800001250000       7.088427830000000E-015  1.596941370000000E-014
  -28.8119998819444       7.140959542999999E-015  1.609067324000000E-014
  -28.6439996388889       7.191328356999999E-015  1.632042923000000E-014
  -28.4759993958333       7.232933767999999E-015  1.666642525000000E-014
  -28.3079991458333       7.259450134999999E-015  1.710611667000000E-014
  -28.1399989027778       7.267701082999999E-015  1.759561192000000E-014
  -27.9719986597222       7.259704244999999E-015  1.808709940000000E-014
  -27.8039984166667       7.243119339000000E-015  1.854010109000000E-014
  -27.6360014027778       7.229866662000001E-015  1.892241111000000E-014
  -27.4680011597222       7.233235312000000E-015  1.921118836000000E-014
  -27.3000009166667       7.264353608000000E-015  1.940342757000000E-014
  -27.1320006736111       7.329098266000001E-015  1.952676234000000E-014
  -26.9640004236111       7.426529925000000E-015  1.963050694000000E-014
  -26.7960001805556       7.549443722999999E-015  1.975461082000000E-014
  -26.6279999375000       7.686973921000000E-015  1.990205723000000E-014
  -26.4599996944444       7.828357273000001E-015  2.003970855000000E-014
  -26.2919994513889       7.966537145000001E-015  2.012487433000000E-014
  -26.1239992013889       8.100283648000000E-015  2.013417644000000E-014
  -25.9560005763889       8.234119089000000E-015  2.007284279000000E-014
  -25.7880003333333       8.376165667000000E-015  1.996205766000000E-014
  -25.6200000902778       8.534753104000000E-015  1.982526861000000E-014
  -25.4519998402778       8.715013573999999E-015  1.969143910000000E-014
  -25.2839995972222       8.916529487999999E-015  1.960268699000000E-014
  -25.1159993541667       9.132706696000000E-015  1.960429466000000E-014
  -24.9480007291667       9.352024702000000E-015  1.972342815000000E-014
  -24.7800004791667       9.560817477000000E-015  1.995963514000000E-014
  -24.6120002361111       9.746832688000000E-015  2.029092328000000E-014
  -24.4439999930556       9.902554613000000E-015  2.068213900000000E-014
  -24.2759997500000       1.002724210000000E-014  2.109150155000000E-014
  -24.1079995069444       1.012699547000000E-014  2.148234119000000E-014
  -23.9399992569444       1.021279483000000E-014  2.184025665000000E-014
  -23.7720006319444       1.029710171000000E-014  2.218270699000000E-014
  -23.6040003888889       1.039013473000000E-014  2.254839483000000E-014
  -23.4360001458333       1.049706078000000E-014  2.297047643000000E-014
  -23.2679999027778       1.061708196000000E-014  2.345311242000000E-014
  -23.0999996527778       1.074475693000000E-014  2.396710387000000E-014
  -22.9319994097222       1.087304177000000E-014  2.446395307000000E-014
  -22.7640007847222       1.099683055000000E-014  2.489738152000000E-014
  -22.5960005416667       1.111562438000000E-014  2.524103973000000E-014
  -22.4280002916667       1.123439110000000E-014  2.549556296000000E-014
  -22.2600000486111       1.136240912000000E-014  2.568281823000000E-014
  -22.0919998055556       1.151057382000000E-014  2.583045946000000E-014
  -21.9239995625000       1.168798063000000E-014  2.595763807000000E-014
  -21.7559993194444       1.189872921000000E-014  2.607384760000000E-014
  -21.5880006875000       1.213985069000000E-014  2.618651823000000E-014
  -21.4200004444444       1.240108751000000E-014  2.630058985000000E-014
  -21.2520002013889       1.266677549000000E-014  2.640776154000000E-014
  -21.0839999583333       1.291943186000000E-014  2.648004225000000E-014
  -20.9159997083333       1.314399978000000E-014  2.647688113000000E-014
  -20.7479994652778       1.333143208000000E-014  2.636573516000000E-014
  -20.5799992222222       1.348039976000000E-014  2.615131893000000E-014
  -20.4120005972222       1.359660929000000E-014  2.589390054000000E-014
  -20.2440003472222       1.369006582000000E-014  2.568935394000000E-014
  -20.0760001041667       1.377146654000000E-014  2.561522331000000E-014
  -19.9079998611111       1.384915132000000E-014  2.569004342000000E-014
  -19.7399996180556       1.392763824000000E-014  2.588280440000000E-014
  -19.5719993750000       1.400799625000000E-014  2.614914544000000E-014
  -19.4040007430556       1.408967225000000E-014  2.644425850000000E-014
  -19.2360005000000       1.417302622000000E-014  2.671128902000000E-014
  -19.0680002569444       1.426174954000000E-014  2.689096165000000E-014
  -18.9000000138889       1.436418462000000E-014  2.696308651000000E-014
  -18.7319997638889       1.449262531000000E-014  2.696943926000000E-014
  -18.5639995208333       1.466027176000000E-014  2.698714055000000E-014
  -18.3959992777778       1.487661584000000E-014  2.708856766000000E-014
  -18.2280006527778       1.514308054000000E-014  2.732214377000000E-014
  -18.0600004097222       1.545094144000000E-014  2.769972904000000E-014
  -17.8920001597222       1.578263107000000E-014  2.818364574000000E-014
  -17.7239999166667       1.611615707000000E-014  2.869718149000000E-014
  -17.5559996736111       1.643122453000000E-014  2.915796063000000E-014
  -17.3879994305556       1.671510254000000E-014  2.950445809000000E-014
  -17.2200007986111       1.696629016000000E-014  2.970923000000000E-014
  -17.0520005555556       1.719455877000000E-014  2.978937965000000E-014
  -16.8840003125000       1.741703197000000E-014  2.980177005000000E-014
  -16.7160000694444       1.765134500000000E-014  2.981414689000000E-014
  -16.5479998263889       1.790819758000000E-014  2.988454549000000E-014
  -16.3799995763889       1.818612094000000E-014  3.006703705000000E-014
  -16.2119993333333       1.847055461000000E-014  3.040236384000000E-014
  -16.0440007083333       1.873776979000000E-014  3.087428316000000E-014
  -15.8760004652778       1.896242156000000E-014  3.139576747000000E-014
  -15.7080002152778       1.912618183000000E-014  3.186699900000000E-014
  -15.5399999722222       1.922459520000000E-014  3.223559725000000E-014
  -15.3719997291667       1.926966921000000E-014  3.249082183000000E-014
  -15.2039994861111       1.928702830000000E-014  3.263656909000000E-014
  -15.0359992430556       1.930837692000000E-014  3.270515504000000E-014
  -14.8680006111111       1.936189754000000E-014  3.278316339000000E-014
  -14.7000003680556       1.946440378000000E-014  3.299478949000000E-014
  -14.5320001250000       1.961776417000000E-014  3.343400996000000E-014
  -14.3639998819444       1.981139929000000E-014  3.408781097000000E-014
  -14.1959996319444       2.002641522000000E-014  3.481986428000000E-014
  -14.0279993888889       2.024194275000000E-014  3.545510511000000E-014
  -13.8600007638889       2.044162738000000E-014  3.587032743000000E-014
  -13.6920005208333       2.062325327000000E-014  3.601966951000000E-014
  -13.5240002708333       2.079414555000000E-014  3.590309744000000E-014
  -13.3560000277778       2.094645224000000E-014  3.552251199000000E-014
  -13.1879997847222       2.109582311000000E-014  3.499055836000000E-014
  -13.0200003472222       2.137956729000000E-014  3.458886145000000E-014
  -12.8520001041667       2.177072033000000E-014  3.573780743000000E-014
  -12.6839998611111       2.290959340000000E-014  5.380688367000000E-014
  -12.5159996180556       5.255190949000000E-014  1.131707643000000E-013
  -12.3480001805556       1.758355966000000E-013  1.228487364000000E-011
  -12.1799999375000       6.863888364000000E-012  1.355754398000000E-010
  -12.0119996944444       2.005748762000000E-010  3.648077118000000E-010
  -11.8440002569444       1.232442370000000E-009  9.805104505999999E-010
  -11.6760000138889       2.567116297000000E-009  2.698793633000000E-009
  -11.5079997638889       3.391313008000000E-009  3.798624082000000E-009
  -11.3400003333333       3.516985814000000E-009  4.156454292000000E-009
  -11.1720000833333       3.931289516000000E-009  4.837160450000000E-009
  -11.0039998402778       4.213286164000000E-009  3.786906344000000E-009
  -10.8359995972222       2.424008549000000E-009  1.849268849000000E-009
  -10.6680001597222       7.528671020000000E-010  6.919554929000000E-010
  -10.4999999166667       3.140442073000000E-010  3.537215798000000E-010
  -10.3319996736111       2.379516861000000E-010  2.375381003000000E-010
  -10.1640002361111       1.995472121000000E-010  2.094314167000000E-010
  -9.99599999305556       1.688190837000000E-010  1.854155302000000E-010
  -9.82799975000000       1.515186865000000E-010  1.596922733000000E-010
  -9.66000031250000       1.281926232000000E-010  1.401672528000000E-010
  -9.49200006944444       1.072050504000000E-010  1.267325689000000E-010
  -9.32399981944444       9.683907148000000E-011  1.115324569000000E-010
  -9.15600038888889       8.330915123999999E-011  1.002524175000000E-010
  -8.98800013888889       7.190576606000000E-011  9.103801740000000E-011
  -8.81999989583333       6.403092639000000E-011  8.226721387000000E-011
  -8.65199965277778       5.560225197000000E-011  7.602054403000000E-011
  -8.48400021527778       5.024441280000000E-011  6.937802416000000E-011
  -8.31599997222222       4.407442120000000E-011  6.105399519000000E-011
  -8.14799972916667       3.832650863000000E-011  5.641512257000000E-011
  -7.98000029166667       3.472155896000000E-011  5.229466166000000E-011
  -7.81200004861111       3.136696458000000E-011  4.753801172000000E-011
  -7.64399980555556       2.735178403000000E-011  4.497814968000000E-011
  -7.47600036805556       2.513808259000000E-011  4.118543701000000E-011
  -7.30800012500000       2.254354689000000E-011  3.815062849000000E-011
  -7.13999988194444       1.974356269000000E-011  3.522378222000000E-011
  -6.97199963194444       1.851050216000000E-011  3.241410959000000E-011
  -6.80400019791667       1.654574394000000E-011  3.017305850000000E-011
  -6.63599995347222       1.512787118000000E-011  2.798745437000000E-011
  -6.46800011388889       1.394312877000000E-011  2.612436482000000E-011
  -6.29999986944444       1.245621575000000E-011  2.468696081000000E-011
  -6.13200002916667       1.195871874000000E-011  2.340648161000000E-011
  -5.96400018888889       1.103602539000000E-011  2.265856600000000E-011
  -5.79599994444444       1.020025904000000E-011  2.102227767000000E-011
  -5.62800010416667       9.394504271999999E-012  2.019303648000000E-011
  -5.45999985972222       8.616719317000001E-012  1.875607308000000E-011
  -5.29200001944444       8.176589614000000E-012  1.792812947000000E-011
  -5.12400017916667       7.745409349000000E-012  1.739096714000000E-011
  -4.95599993472222       7.198019958000000E-012  1.645967737000000E-011
  -4.78800009444444       6.811895666000000E-012  1.572108763000000E-011
  -4.61999985000000       6.272610469000000E-012  1.496918388000000E-011
  -4.45200000972222       6.095649159000000E-012  1.411331902000000E-011
  -4.28400016944444       5.820336400000000E-012  1.354142666000000E-011
  -4.11599992500000       5.570340196000000E-012  1.288865629000000E-011
  -3.94800008541667       5.218472356000000E-012  1.230693759000000E-011
  -3.77999984097222       4.880346127000000E-012  1.186761713000000E-011
  -3.61200000069444       4.788027613000000E-012  1.147239855000000E-011
  -3.44400016041667       4.462545784000000E-012  1.118219146000000E-011
  -3.27599991597222       4.297822948000000E-012  1.066789972000000E-011
  -3.10800007569444       4.086014079000000E-012  1.036380964000000E-011
  -2.94000003333333       3.949327410000000E-012  1.001879482000000E-011
  -2.77199999097222       3.926569573000000E-012  9.801058402000000E-012
  -2.60399994861111       3.784050330000000E-012  9.441566452000000E-012
  -2.43599990625000       3.669840039000000E-012  9.215335092000000E-012
  -2.26800006597222       3.562565607000000E-012  8.782660363000000E-012
  -2.10000002361111       3.476762281000000E-012  8.505002258000000E-012
  -1.93199998125000       3.357320715000000E-012  8.240733616000000E-012
  -1.76399993888889       3.262623461000000E-012  8.014599401000001E-012
  -1.59599999791667       3.215660594000000E-012  7.751958797000001E-012
  -1.42799995555556       3.177119809000000E-012  7.627521878000000E-012
  -1.26000001458333       3.153846108000000E-012  7.373845457999999E-012
  -1.09199997222222       3.028526648000000E-012  7.345364768000000E-012
 -0.924000030555556       2.959500266000000E-012  7.042673302000000E-012
 -0.755999988194444       2.830036552000000E-012  6.856482396000000E-012
 -0.587999996527778       2.827087522000000E-012  6.694667390000000E-012
 -0.420000004722222       2.780829386000000E-012  6.537742136000000E-012
 -0.251999987708333       2.697858863000000E-012  6.437764384000000E-012
 -8.400000222222222E-002  2.591286994000000E-012  6.250595094000000E-012
  8.400000222222222E-002  2.534460272000000E-012  6.170846386000000E-012
  0.251999987708333       2.538067629000000E-012  6.016679776000000E-012
  0.420000004722222       2.521603152000000E-012  5.881137157000000E-012
  0.587999996527778       2.532343476000000E-012  5.766204788000000E-012
  0.755999988194444       2.480737404000000E-012  5.691966863000000E-012
  0.924000030555556       2.491409423000000E-012  5.605231557000000E-012
   1.09199997222222       2.465284487000000E-012  5.551046168000000E-012
   1.26000001458333       2.476385633000000E-012  5.541667819000000E-012
   1.42799995555556       2.507364975000000E-012  5.990536626000000E-012
   1.59599999791667       2.559327316000000E-012  9.614706600000001E-012
   1.76399993888889       2.631596763000000E-012  2.012640402000000E-011
   1.93199998125000       2.708730159000000E-012  5.980597129000001E-010
   2.10000002361111       4.940129035000000E-012  2.613360195000000E-008
   2.26800006597222       5.426024213000000E-012  2.351359569000000E-007
   2.43599990625000       2.961282608000000E-011  6.960864312000000E-007
   2.60399994861111       3.708407581000000E-009  9.550369668000000E-007
   2.77199999097222       7.620877085000000E-008  9.145610420000000E-007
   2.94000003333333       2.461424913000000E-007  9.454614656000000E-007
   3.10800007569444       5.304601700000000E-007  1.239337166000000E-006
   3.27599991597222       1.148210117000000E-006  1.774909379000000E-006
   3.44400016041667       1.844150347000000E-006  2.856635547000000E-006
   3.61200000069444       3.075507948000000E-006  4.608056770000000E-006
   3.77999984097222       5.211594726000000E-006  8.024915587000000E-006
   3.94800008541667       7.465924227000000E-006  1.223232448000000E-005
   4.11599992500000       9.762721675000000E-006  1.625676487000000E-005
   4.28400016944444       1.347441867000000E-005  2.291581040000000E-005
   4.45200000972222       2.022141598000000E-005  3.178826591000000E-005
   4.61999985000000       3.124279829000000E-005  4.206024096000000E-005
   4.78800009444444       4.467694816000000E-005  5.560869249000000E-005
   4.95599993472222       6.001079964000000E-005  7.395404828000000E-005
   5.12400017916667       8.014628111000000E-005  9.945766942000000E-005
   5.29200001944444       1.061850708000000E-004  1.313881658000000E-004
   5.45999985972222       1.386703952000000E-004  1.696177787000000E-004
   5.62800010416667       1.758218277000000E-004  2.140915021000000E-004
   5.79599994444444       2.166843624000000E-004  2.641182800000000E-004
   5.96400018888889       2.692155540000000E-004  3.262085374000000E-004
   6.13200002916667       3.364597796000000E-004  3.962462361000000E-004
   6.29999986944444       4.060873180000000E-004  4.666214227000000E-004
   6.46800011388889       4.775942652000000E-004  5.410015583000000E-004
   6.63599995347222       5.537300021000000E-004  6.146719097000000E-004
   6.80400019791667       6.280068192000000E-004  6.926319911000000E-004
   6.97199963194444       7.002667990000000E-004  7.817386650000000E-004
   7.13999988194444       7.781426539000000E-004  8.725234657000000E-004
   7.30800012500000       8.605815819000000E-004  9.499369189000000E-004
   7.47600036805556       9.425018216000001E-004  1.015387010000000E-003
   7.64399980555556       1.018819865000000E-003  1.078542089000000E-003
   7.81200004861111       1.080482616000000E-003  1.141504035000000E-003
   7.98000029166667       1.132631907000000E-003  1.193790813000000E-003
   8.14799972916667       1.184497727000000E-003  1.236873213000000E-003
   8.31599997222222       1.227953471000000E-003  1.277465373000000E-003
   8.48400021527778       1.262097387000000E-003  1.312201610000000E-003
   8.65199965277778       1.291395747000000E-003  1.339428010000000E-003
   8.81999989583333       1.314671477000000E-003  1.355623244000000E-003
   8.98800013888889       1.333960681000000E-003  1.366111450000000E-003
   9.15600038888889       1.350489911000000E-003  1.378691290000000E-003
   9.32399981944444       1.361411880000000E-003  1.388093457000000E-003
   9.49200006944444       1.367692254000000E-003  1.391521422000000E-003
   9.66000031250000       1.371536055000000E-003  1.389603014000000E-003
   9.82799975000000       1.371770166000000E-003  1.384497504000000E-003
   9.99599999305556       1.371859573000000E-003  1.380598871000000E-003
   10.1640002361111       1.366023789000000E-003  1.370447106000000E-003
   10.3319996736111       1.359985676000000E-003  1.364051364000000E-003
   10.4999999166667       1.359285670000000E-003  1.356959925000000E-003
   10.6680001597222       1.359201386000000E-003  1.353558269000000E-003
   10.8359995972222       1.354250358000000E-003  1.349098398000000E-003
   11.0039998402778       1.346769510000000E-003  1.335311448000000E-003
   11.1720000833333       1.333764871000000E-003  1.327235252000000E-003
   11.3400003333333       1.316531096000000E-003  1.319013536000000E-003
   11.5079997638889       1.305780024000000E-003  1.311221393000000E-003
   11.6760000138889       1.296164352000000E-003  1.299539581000000E-003
   11.8440002569444       1.281403354000000E-003  1.281849691000000E-003
   12.0119996944444       1.264727791000000E-003  1.266881591000000E-003
   12.1799999375000       1.236410695000000E-003  1.251018373000000E-003
   12.3480001805556       1.210905961000000E-003  1.233635587000000E-003
   12.5159996180556       1.184483757000000E-003  1.216282370000000E-003
   12.6839998611111       1.166215749000000E-003  1.196843339000000E-003
   12.8520001041667       1.149991411000000E-003  1.181259751000000E-003
   13.0200003472222       1.125256298000000E-003  1.168269897000000E-003
   13.1879997847222       1.102225622000000E-003  1.148288255000000E-003
   13.3560000277778       1.075272681000000E-003  1.128466567000000E-003
   13.5240002708333       1.046609716000000E-003  1.108826953000000E-003
   13.6920005208333       1.016574795000000E-003  1.081107766000000E-003
   13.8600007638889       9.853655938000000E-004  1.052534208000000E-003
   14.0279993888889       9.539411403000000E-004  1.020859811000000E-003
   14.1959996319444       9.207378607000000E-004  9.891341906000000E-004
   14.3639998819444       8.848389261000000E-004  9.559291648000000E-004
   14.5320001250000       8.452509646000000E-004  9.187996038000000E-004
   14.7000003680556       8.064092835000000E-004  8.733989089000000E-004
   14.8680006111111       7.642266573000000E-004  8.240718162000000E-004
   15.0359992430556       7.154858322000000E-004  7.741042646000000E-004
   15.2039994861111       6.682876847000000E-004  7.220793050000000E-004
   15.3719997291667       6.197480833999999E-004  6.680327933000000E-004
   15.5399999722222       5.711120903000000E-004  6.148760440000000E-004
   15.7080002152778       5.244095810000000E-004  5.596562987000000E-004
   15.8760004652778       4.714675306000000E-004  4.975568736000000E-004
   16.0440007083333       4.171377514000000E-004  4.376302531000000E-004
   16.2119993333333       3.663143725000000E-004  3.847658227000000E-004
   16.3799995763889       3.192808072000000E-004  3.356071829000000E-004
   16.5479998263889       2.728043473000000E-004  2.919477411000000E-004
   16.7160000694444       2.320688654000000E-004  2.501382551000000E-004
   16.8840003125000       1.980530942000000E-004  2.093859075000000E-004
   17.0520005555556       1.654285879000000E-004  1.716425904000000E-004
   17.2200007986111       1.384520438000000E-004  1.380106551000000E-004
   17.3879994305556       1.161370674000000E-004  1.103482718000000E-004
   17.5559996736111       9.587298700000001E-005  8.773559966000000E-005
   17.7239999166667       7.836436998000000E-005  6.892522651000000E-005
   17.8920001597222       6.322473200000001E-005  5.402254828000000E-005
   18.0600004097222       4.907474431000000E-005  4.237761095000000E-005
   18.2280006527778       3.753215788000000E-005  3.263221151000000E-005
   18.3959992777778       2.932669668000000E-005  2.477592534000000E-005
   18.5639995208333       2.311215030000000E-005  1.855297887000000E-005
   18.7319997638889       1.783729203000000E-005  1.348093883000000E-005
   18.9000000138889       1.322642674000000E-005  9.504804439000001E-006
   19.0680002569444       9.891632544000000E-006  6.262304396000000E-006
   19.2360005000000       7.077592272000000E-006  3.552239377000000E-006
   19.4040007430556       5.372840405000000E-006  1.856311997000000E-006
   19.5719993750000       3.960637969000000E-006  1.002622639000000E-006
   19.7399996180556       3.045317726000000E-006  6.277518310000000E-007
   19.9079998611111       2.284562015000000E-006  4.276940331000000E-007
   20.0760001041667       1.353030143000000E-006  2.959425558000000E-007
   20.2440003472222       7.234479540000000E-007  1.299580248000000E-007
   20.4120005972222       4.647044989000000E-007  6.361606353000000E-008
   20.5799992222222       3.479619579000000E-007  6.065504010000000E-008
   20.7479994652778       2.426716037000000E-007  4.604021697000000E-008
   20.9159997083333       8.707777255000000E-008  1.583608089000000E-008
   21.0839999583333       1.795075555000000E-008  1.238537495000000E-009
   21.2520002013889       3.168672214000000E-009  4.361963481000000E-012
   21.4200004444444       8.404575646999999E-011  9.593901194000001E-013
   21.5880006875000       1.490660568000000E-012  6.277356428999999E-014
   21.7559993194444       4.921074941000000E-013  1.121066995000000E-014
   21.9239995625000       2.243213448000000E-014  3.274441439000000E-016
   22.0919998055556       1.881497213000000E-016  8.444705402000000E-017
   22.2600000486111       1.677427653000000E-017  6.508330265000000E-018
   22.4280002916667       6.708936866000000E-018  6.214829213000000E-019
   22.5960005416667       9.551657451000000E-020  1.183072486000000E-019
   22.7640007847222       6.218543108000000E-021  1.270487544000000E-020
   22.9319994097222       3.665194431000000E-022  2.557842181000000E-021
   23.0999996527778       9.002979841999999E-023  2.172328558000000E-022
   23.2679999027778       3.120995643000000E-024  5.637721308000000E-023
   23.4360001458333       4.284682723000000E-025  4.576916146000000E-024
   23.6040003888889       2.317849447000000E-026  1.195143303000000E-024
   23.7720006319444       3.216732875000000E-027  8.987423268000000E-026
   23.9399992569444       1.408865180000000E-028  2.319543032000000E-026
   24.1079995069444       1.918370669000000E-029  1.633519082000000E-027
   24.2759997500000       8.823706344999999E-031  4.151572144000000E-028
   24.4439999930556       1.323817640000000E-031  2.846941241000000E-029
   24.6120002361111       5.938251792000000E-033  6.971508296000000E-030
   24.7800004791667       8.675637792000000E-034  4.701326650000000E-031
   24.9480007291667       3.415637322000000E-035  1.061199742000000E-031
   25.1159993541667       5.259148022000000E-036  7.163121681000000E-033
   25.2839995972222       1.954335589000000E-037  1.468255535000000E-033
   25.4519998402778       3.317512457000000E-038  1.030425721000000E-034
   25.6200000902778       9.645039238999999E-040  1.857077888000000E-035
   25.7880003333333       2.007710375000000E-040  1.416145681000000E-036
   25.9560005763889       4.558423904000000E-042  2.171537299000000E-037
   26.1239992013889       1.360660809000000E-042  1.858729787000000E-038
   26.2919994513889       2.662467082000000E-044  2.407713824000000E-039
   26.4599996944444       1.401298464000000E-044  2.318027920000000E-040
   26.6279999375000       1.401298464000000E-045  2.530324637000000E-041
   26.7960001805556       1.401298464000000E-045  2.760557975000000E-042
   26.9640004236111       1.401298464000000E-045  2.578389174000000E-043
   27.1320006736111       1.401298464000000E-045  3.783505854000000E-044
   27.3000009166667       1.401298464000000E-045  8.407790786000000E-045
   27.4680011597222       1.401298464000000E-045  7.006492322000000E-045
   27.6360014027778       1.401298464000000E-045  5.605193857000000E-045
   27.8039984166667       1.401298464000000E-045  7.006492322000000E-045
   27.9719986597222       1.401298464000000E-045  7.006492322000000E-045
   28.1399989027778       1.401298464000000E-045  7.006492322000000E-045
   28.3079991458333       1.401298464000000E-045  7.006492322000000E-045
   28.4759993958333       1.401298464000000E-045  7.006492322000000E-045
   28.6439996388889       1.401298464000000E-045  7.006492322000000E-045
   28.8119998819444       1.401298464000000E-045  7.006492322000000E-045
   28.9800001250000       1.401298464000000E-045  7.006492322000000E-045
   29.1480003680556       1.401298464000000E-045  7.006492322000000E-045
   29.3160006111111       1.401298464000000E-045  7.006492322000000E-045
   29.4840008611111       1.401298464000000E-045  7.006492322000000E-045
   29.6520011041667       1.401298464000000E-045  7.006492322000000E-045
   29.8200013472222       1.401298464000000E-045  7.006492322000000E-045
   29.9880015902778       1.401298464000000E-045  7.006492322000000E-045
   30.1559986041667       1.401298464000000E-045  7.006492322000000E-045
   30.3239988472222       1.401298464000000E-045  7.006492322000000E-045
   30.4919990902778       1.401298464000000E-045  7.006492322000000E-045
   30.6599993333333       1.401298464000000E-045  7.006492322000000E-045
   30.8279995833333       1.401298464000000E-045  7.006492322000000E-045
   30.9959998263889       1.401298464000000E-045  7.006492322000000E-045
   31.1640000694444       1.401298464000000E-045  7.006492322000000E-045
   31.3320003125000       1.401298464000000E-045  7.006492322000000E-045
   31.5000005555556       1.401298464000000E-045  7.006492322000000E-045
   31.6680008055556       1.401298464000000E-045  7.006492322000000E-045
   31.8360010486111       1.401298464000000E-045  7.006492322000000E-045
   32.0040012916667       1.401298464000000E-045  7.006492322000000E-045
   32.1720015347222       1.401298464000000E-045  5.605193857000000E-045
   32.3399985486111       1.401298464000000E-045  5.605193857000000E-045
   32.5079987916667       1.401298464000000E-045  5.605193857000000E-045
   32.6759990347222       1.401298464000000E-045  5.605193857000000E-045
   32.8439992777778       1.401298464000000E-045  5.605193857000000E-045
   33.0119995277778       1.401298464000000E-045  5.605193857000000E-045
   33.1799997708333       1.401298464000000E-045  5.605193857000000E-045
   33.3480000138889       1.401298464000000E-045  5.605193857000000E-045
   33.5160002569444       1.401298464000000E-045  5.605193857000000E-045
   33.6840005000000       1.401298464000000E-045  5.605193857000000E-045
   33.8520007500000       1.401298464000000E-045  7.006492322000000E-045
   34.0200009930556       1.401298464000000E-045  7.006492322000000E-045
   34.1880012361111       1.401298464000000E-045  7.006492322000000E-045
   34.3560014791667       1.401298464000000E-045  7.006492322000000E-045
   34.5239984930556       1.401298464000000E-045  7.006492322000000E-045
   34.6919987361111       1.401298464000000E-045  7.006492322000000E-045
   34.8599989791667       1.401298464000000E-045  7.006492322000000E-045
   35.0279992222222       1.401298464000000E-045  7.006492322000000E-045
   35.1959994652778       1.401298464000000E-045  7.006492322000000E-045
   35.3639997152778       1.401298464000000E-045  5.605193857000000E-045
   35.5319999583333       1.401298464000000E-045  7.006492322000000E-045
   35.7000002013889       1.401298464000000E-045  7.006492322000000E-045
   35.8680004444444       1.401298464000000E-045  7.006492322000000E-045
   36.0360006875000       1.401298464000000E-045  7.006492322000000E-045
   36.2040009375000       1.401298464000000E-045  7.006492322000000E-045
   36.3720011805556       1.401298464000000E-045  7.006492322000000E-045
   36.5400014236111       1.401298464000000E-045  7.006492322000000E-045
   36.7079984375000       1.401298464000000E-045  7.006492322000000E-045
   36.8759986805556       1.401298464000000E-045  7.006492322000000E-045
   37.0439989236111       1.401298464000000E-045  5.605193857000000E-045
   37.2119991666667       1.401298464000000E-045  5.605193857000000E-045
   37.3799994097222       1.401298464000000E-045  5.605193857000000E-045
   37.5479996597222       1.401298464000000E-045  5.605193857000000E-045
   37.7159999027778       1.401298464000000E-045  5.605193857000000E-045
   37.8840001458333       1.401298464000000E-045  5.605193857000000E-045
   38.0520003888889       1.401298464000000E-045  5.605193857000000E-045
   38.2200006319444       1.401298464000000E-045  5.605193857000000E-045
   38.3880008819444       1.401298464000000E-045  5.605193857000000E-045
   38.5560011250000       1.401298464000000E-045  5.605193857000000E-045
   38.7240013680556       1.401298464000000E-045  5.605193857000000E-045
   38.8920016111111       1.401298464000000E-045  5.605193857000000E-045
   39.0599986250000       1.401298464000000E-045  5.605193857000000E-045
   39.2279988680556       1.401298464000000E-045  5.605193857000000E-045
   39.3959991111111       1.401298464000000E-045  5.605193857000000E-045
   39.5639993541667       1.401298464000000E-045  7.006492322000000E-045
   39.7319995972222       1.401298464000000E-045  7.006492322000000E-045
   39.8999998472222       1.401298464000000E-045  7.006492322000000E-045
   40.0680000902778       1.401298464000000E-045  7.006492322000000E-045
   40.2360003333333       1.401298464000000E-045  7.006492322000000E-045
   40.4040005763889       1.401298464000000E-045  7.006492322000000E-045
   40.5720008194444       1.401298464000000E-045  7.006492322000000E-045
   40.7400010694444       1.401298464000000E-045  7.006492322000000E-045
   40.9080013125000       1.401298464000000E-045  7.006492322000000E-045
   41.0760015555556       1.401298464000000E-045  7.006492322000000E-045
   41.2439985694444       1.401298464000000E-045  7.006492322000000E-045
   41.4119988125000       1.401298464000000E-045  7.006492322000000E-045
   41.5799990555556       1.401298464000000E-045  7.006492322000000E-045
   41.7479992986111       1.401298464000000E-045  7.006492322000000E-045
   41.9159995416667       0.000000000000000E+000  7.006492322000000E-045
   42.0839997916667       1.401298464000000E-045  7.006492322000000E-045
   42.2520000347222       1.401298464000000E-045  5.605193857000000E-045
   42.4200002777778       0.000000000000000E+000  5.605193857000000E-045
   42.5880005208333       0.000000000000000E+000  5.605193857000000E-045
   42.7560007638889       0.000000000000000E+000  5.605193857000000E-045
   42.9240010138889       0.000000000000000E+000  5.605193857000000E-045
   43.0920012569444       0.000000000000000E+000  5.605193857000000E-045
   43.2600015000000       1.401298464000000E-045  5.605193857000000E-045
   43.4279985138889       0.000000000000000E+000  5.605193857000000E-045
   43.5959987569444       0.000000000000000E+000  5.605193857000000E-045
   43.7639990000000       0.000000000000000E+000  5.605193857000000E-045
   43.9319992430556       0.000000000000000E+000  5.605193857000000E-045
   44.0999994861111       0.000000000000000E+000  5.605193857000000E-045
   44.2679997361111       1.401298464000000E-045  5.605193857000000E-045
   44.4359999791667       0.000000000000000E+000  5.605193857000000E-045
   44.6040002222222       0.000000000000000E+000  7.006492322000000E-045
   44.7720004652778       0.000000000000000E+000  7.006492322000000E-045
   44.9400007083333       0.000000000000000E+000  7.006492322000000E-045
   45.1080009513889       1.401298464000000E-045  7.006492322000000E-045
   45.2760012013889       1.401298464000000E-045  7.006492322000000E-045
   45.4440014444444       1.401298464000000E-045  7.006492322000000E-045
   45.6119984513889       1.401298464000000E-045  7.006492322000000E-045
   45.7799987013889       1.401298464000000E-045  7.006492322000000E-045
   45.9479989444444       1.401298464000000E-045  7.006492322000000E-045
   46.1159991875000       1.401298464000000E-045  7.006492322000000E-045
   46.2839994305556       1.401298464000000E-045  7.006492322000000E-045
   46.4519996736111       1.401298464000000E-045  7.006492322000000E-045
   46.6199999236111       0.000000000000000E+000  7.006492322000000E-045
   46.7880001666667       0.000000000000000E+000  7.006492322000000E-045
   46.9560004097222       0.000000000000000E+000  7.006492322000000E-045
   47.1240006527778       0.000000000000000E+000  7.006492322000000E-045
   47.2920008958333       0.000000000000000E+000  5.605193857000000E-045
   47.4600011458333       0.000000000000000E+000  5.605193857000000E-045
   47.6280013888889       0.000000000000000E+000  5.605193857000000E-045
   47.7959983958333       0.000000000000000E+000  5.605193857000000E-045
   47.9639986458333       0.000000000000000E+000  5.605193857000000E-045
   48.1319988888889       0.000000000000000E+000  5.605193857000000E-045
   48.2999991319444       0.000000000000000E+000  4.203895393000000E-045
   48.4679993750000       0.000000000000000E+000  5.605193857000000E-045
   48.6359996180556       0.000000000000000E+000  5.605193857000000E-045
   48.8039998680556       0.000000000000000E+000  5.605193857000000E-045
   48.9720001111111       0.000000000000000E+000  5.605193857000000E-045
   49.1400003541667       0.000000000000000E+000  5.605193857000000E-045
   49.3080005972222       0.000000000000000E+000  5.605193857000000E-045
   49.4760008402778       0.000000000000000E+000  5.605193857000000E-045
   49.6440010902778       0.000000000000000E+000  5.605193857000000E-045
   49.8120013333333       0.000000000000000E+000  7.006492322000000E-045
   49.9800015763889       0.000000000000000E+000  7.006492322000000E-045
   50.1479985833333       0.000000000000000E+000  7.006492322000000E-045
   50.3159988333333       0.000000000000000E+000  7.006492322000000E-045
   50.4839990763889       0.000000000000000E+000  7.006492322000000E-045
   50.6519993194444       0.000000000000000E+000  7.006492322000000E-045
   50.8199995625000       0.000000000000000E+000  7.006492322000000E-045
   50.9879998055556       0.000000000000000E+000  7.006492322000000E-045
   51.1560000555556       0.000000000000000E+000  7.006492322000000E-045
   51.3240002986111       0.000000000000000E+000  5.605193857000000E-045
   51.4920005416667       0.000000000000000E+000  5.605193857000000E-045
   51.6600007847222       0.000000000000000E+000  5.605193857000000E-045
   51.8280010277778       0.000000000000000E+000  5.605193857000000E-045
   51.9960012777778       0.000000000000000E+000  5.605193857000000E-045
   52.1640015208333       0.000000000000000E+000  5.605193857000000E-045
   52.3319985277778       0.000000000000000E+000  5.605193857000000E-045
   52.4999987777778       0.000000000000000E+000  5.605193857000000E-045
   52.6679990208333       0.000000000000000E+000  5.605193857000000E-045
   52.8359992638889       0.000000000000000E+000  5.605193857000000E-045
   53.0039995069444       0.000000000000000E+000  5.605193857000000E-045
   53.1719997500000       0.000000000000000E+000  5.605193857000000E-045
   53.3400000000000       0.000000000000000E+000  4.203895393000000E-045
   53.5080002430556       0.000000000000000E+000  4.203895393000000E-045
   53.6760004861111       0.000000000000000E+000  4.203895393000000E-045
   53.8440007291667       0.000000000000000E+000  4.203895393000000E-045
   54.0120009722222       0.000000000000000E+000  4.203895393000000E-045
   54.1800012222222       0.000000000000000E+000  4.203895393000000E-045
   54.3480014652778       0.000000000000000E+000  4.203895393000000E-045
   54.5160017083333       0.000000000000000E+000  5.605193857000000E-045
   54.6840019513889       0.000000000000000E+000  5.605193857000000E-045
   54.8520021944444       0.000000000000000E+000  5.605193857000000E-045
   55.0200024444444       0.000000000000000E+000  5.605193857000000E-045
   55.1880026875000       0.000000000000000E+000  7.006492322000000E-045
   55.3560029305556       0.000000000000000E+000  7.006492322000000E-045
   55.5240031736111       0.000000000000000E+000  7.006492322000000E-045
   55.6919969513889       0.000000000000000E+000  7.006492322000000E-045
   55.8599971944444       1.401298464000000E-045  7.006492322000000E-045
   56.0279974375000       1.401298464000000E-045  7.006492322000000E-045
   56.1959976875000       0.000000000000000E+000  7.006492322000000E-045
   56.3639979305556       0.000000000000000E+000  7.006492322000000E-045
   56.5319981736111       1.401298464000000E-045  7.006492322000000E-045
   56.6999984166667       0.000000000000000E+000  7.006492322000000E-045
   56.8679986597222       0.000000000000000E+000  7.006492322000000E-045
   57.0359989097222       0.000000000000000E+000  5.605193857000000E-045
   57.2039991527778       0.000000000000000E+000  5.605193857000000E-045
   57.3719993958333       0.000000000000000E+000  5.605193857000000E-045
   57.5399996388889       0.000000000000000E+000  4.203895393000000E-045
   57.7079998819444       0.000000000000000E+000  4.203895393000000E-045
   57.8760001319444       0.000000000000000E+000  4.203895393000000E-045
   58.0440003750000       0.000000000000000E+000  4.203895393000000E-045
   58.2120006180556       0.000000000000000E+000  4.203895393000000E-045
   58.3800008611111       0.000000000000000E+000  4.203895393000000E-045
   58.5480011041667       0.000000000000000E+000  4.203895393000000E-045
   58.7160013541667       0.000000000000000E+000  2.802596929000000E-045
   58.8840015972222       0.000000000000000E+000  2.802596929000000E-045
   59.0520018402778       0.000000000000000E+000  1.401298464000000E-045
   59.2200020833333       0.000000000000000E+000  1.401298464000000E-045
   59.3880023263889       0.000000000000000E+000  1.401298464000000E-045
   59.5560025763889       0.000000000000000E+000  1.401298464000000E-045
   59.7240028194444       0.000000000000000E+000  1.401298464000000E-045
   59.8920030625000       1.401298464000000E-045  1.401298464000000E-045
   60.0599968402778       1.401298464000000E-044  1.681558157000000E-044
