0.0000000000E+00	1.4388874232E-01	1.4388874232E-01
1.6799999406E-01	1.5444429750E-01	1.5444429750E-01
3.3599998812E-01	1.5888874179E-01	1.5888874179E-01
5.0399998217E-01	1.6361096384E-01	1.6361096384E-01
6.7199997623E-01	1.6805540813E-01	1.6805540813E-01
8.3999997029E-01	1.7138874134E-01	1.7166651911E-01
1.0079860755E+00	1.7388874125E-01	1.7416651902E-01
1.1759721806E+00	1.7666651893E-01	1.7666651893E-01
1.3440277302E+00	1.7944429661E-01	1.7944429661E-01
1.5120138354E+00	1.8249985206E-01	1.8249985206E-01
1.6799999406E+00	1.8555540751E-01	1.8555540751E-01
1.8479860457E+00	1.8861096296E-01	1.8861096296E-01
2.0159721509E+00	1.9194429617E-01	1.9194429617E-01
2.1840277005E+00	1.9499985162E-01	1.9499985162E-01
2.3520138057E+00	1.9833318483E-01	1.9833318483E-01
2.5199999109E+00	2.0194429582E-01	2.0194429582E-01
2.6879860160E+00	2.0527762903E-01	2.0555540680E-01
2.8559721212E+00	2.0888874002E-01	2.0888874002E-01
3.0240276708E+00	2.1249985100E-01	2.1249985100E-01
3.1920137760E+00	2.1611096198E-01	2.1611096198E-01
3.3599998812E+00	2.1972207297E-01	2.1972207297E-01
3.5279859863E+00	2.2333318395E-01	2.2361096172E-01
3.6959720915E+00	2.2722207270E-01	2.2722207270E-01
3.8640276411E+00	2.3055540592E-01	2.3083318369E-01
4.0320137463E+00	2.3333318360E-01	2.3555540574E-01
4.1999998514E+00	2.3722207235E-01	2.3999985003E-01
4.3679859566E+00	2.4166651664E-01	2.4166651664E-01
4.5359720618E+00	2.4694429423E-01	2.4305540548E-01
4.7040276114E+00	2.5194429405E-01	2.4749984976E-01
4.8720137166E+00	2.5527762726E-01	2.5499984950E-01
5.0399998217E+00	2.5722207164E-01	2.6222207146E-01
5.2079859269E+00	2.5972207155E-01	2.6583318245E-01
5.3759720321E+00	2.6416651584E-01	2.6472207138E-01
5.5440275817E+00	2.6888873789E-01	2.6333318254E-01
5.7120136869E+00	2.7277762665E-01	2.6638873798E-01
5.8799997920E+00	2.7527762656E-01	2.7277762665E-01
6.0479858972E+00	2.7749984870E-01	2.7888873754E-01
6.2159720024E+00	2.8055540415E-01	2.8222207076E-01
6.3840275520E+00	2.8499984844E-01	2.8472207067E-01
6.5520136571E+00	2.8972207049E-01	2.8749984835E-01
6.7199997623E+00	2.9305540371E-01	2.9138873710E-01
6.8879858675E+00	2.9444429255E-01	2.9555540362E-01
7.0562497504E+00	2.9583318139E-01	2.9944429237E-01
7.2243053000E+00	2.9944429237E-01	3.0277762558E-01
7.3916664052E+00	3.0444429219E-01	3.0666651434E-01
7.5597219548E+00	3.0972206978E-01	3.1055540309E-01
7.7277775044E+00	3.1388873630E-01	3.1472206961E-01
7.8958330541E+00	3.1777762505E-01	3.1833318059E-01
8.0638886037E+00	3.2166651381E-01	3.2111095827E-01
8.2319441533E+00	3.2527762479E-01	3.2333318041E-01
8.3999997029E+00	3.2805540247E-01	3.2583318032E-01
8.5680552525E+00	3.2972206908E-01	3.2888873577E-01
8.7361108021E+00	3.3166651345E-01	3.3277762452E-01
8.9041663517E+00	3.3527762444E-01	3.3749984658E-01
9.0722219013E+00	3.4027762426E-01	3.4249984640E-01
9.2402774509E+00	3.4555540185E-01	3.4666651292E-01
9.4083330006E+00	3.4999984614E-01	3.4944429060E-01
9.5756941057E+00	3.5361095712E-01	3.5111095721E-01
9.7437496554E+00	3.5666651257E-01	3.5305540158E-01
9.9118052050E+00	3.5972206802E-01	3.5638873480E-01
1.0079860755E+01	3.6249984569E-01	3.6166651239E-01
1.0247916304E+01	3.6555540114E-01	3.6777762329E-01
1.0415971854E+01	3.6888873436E-01	3.7305540088E-01
1.0584027403E+01	3.7249984534E-01	3.7666651186E-01
1.0752082953E+01	3.7666651186E-01	3.7888873400E-01
1.0920138503E+01	3.8166651168E-01	3.8083317838E-01
1.1088194052E+01	3.8666651151E-01	3.8333317829E-01
1.1256249602E+01	3.9138873356E-01	3.8722206704E-01
1.1424305151E+01	3.9527762231E-01	3.9222206687E-01
1.1591666257E+01	3.9805539999E-01	3.9749984446E-01
1.1759721806E+01	3.9999984437E-01	4.0249984428E-01
1.1927777356E+01	4.0194428874E-01	4.0694428857E-01
1.2095832905E+01	4.0499984419E-01	4.1055539955E-01
1.2263888455E+01	4.0916651071E-01	4.1333317723E-01
1.2431944005E+01	4.1416651053E-01	4.1583317714E-01
1.2599999554E+01	4.1944428812E-01	4.1833317705E-01
1.2768055104E+01	4.2416651018E-01	4.2111095473E-01
1.2936110654E+01	4.2805539893E-01	4.2472206572E-01
1.3104166203E+01	4.3166650991E-01	4.2888873224E-01
1.3272221753E+01	4.3527762090E-01	4.3361095429E-01
1.3440277302E+01	4.3861095411E-01	4.3805539858E-01
1.3608332852E+01	4.4222206510E-01	4.4249984286E-01
1.3775693957E+01	4.4611095385E-01	4.4666650938E-01
1.3943749507E+01	4.4999984260E-01	4.5027762037E-01
1.4111805056E+01	4.5416650912E-01	4.5388873135E-01
1.4279860606E+01	4.5805539787E-01	4.5722206457E-01
1.4447916156E+01	4.6166650885E-01	4.6083317555E-01
1.4615971705E+01	4.6527761984E-01	4.6416650877E-01
1.4784027255E+01	4.6888873082E-01	4.6805539752E-01
1.4952082804E+01	4.7277761957E-01	4.7194428627E-01
1.5120138354E+01	4.7638873056E-01	4.7583317502E-01
1.5288193904E+01	4.7999984154E-01	4.7972206377E-01
1.5456249453E+01	4.8361095252E-01	4.8388873029E-01
1.5624305003E+01	4.8694428574E-01	4.8777761904E-01
1.5791666108E+01	4.9055539672E-01	4.9166650779E-01
1.5959721658E+01	4.9416650770E-01	4.9555539654E-01
1.6127777207E+01	4.9805539646E-01	4.9916650753E-01
1.6295832757E+01	5.0194428521E-01	5.0305539628E-01
1.6463888307E+01	5.0611095173E-01	5.0666650726E-01
1.6631943856E+01	5.1027761825E-01	5.1055539601E-01
1.6799999406E+01	5.1416650700E-01	5.1416650700E-01
1.6968054955E+01	5.1805539575E-01	5.1777761798E-01
1.7136110505E+01	5.2166650673E-01	5.2111095120E-01
1.7304166055E+01	5.2527761771E-01	5.2472206218E-01
1.7472221604E+01	5.2861095093E-01	5.2833317316E-01
1.7640277154E+01	5.3222206191E-01	5.3222206191E-01
1.7808332703E+01	5.3583317290E-01	5.3583317290E-01
1.7975693809E+01	5.3944428388E-01	5.3972206165E-01
1.8143749358E+01	5.4333317263E-01	5.4361095040E-01
1.8311804908E+01	5.4722206138E-01	5.4749983915E-01
1.8479860457E+01	5.5111095013E-01	5.5111095013E-01
1.8647916007E+01	5.5472206112E-01	5.5499983889E-01
1.8815971557E+01	5.5861094987E-01	5.5861094987E-01
1.8984027106E+01	5.6222206085E-01	5.6249983862E-01
1.9152082656E+01	5.6583317184E-01	5.6638872737E-01
1.9320138206E+01	5.6972206059E-01	5.7027761612E-01
1.9488193755E+01	5.7333317157E-01	5.7416650487E-01
1.9656249305E+01	5.7722206032E-01	5.7805539363E-01
1.9824304854E+01	5.8138872684E-01	5.8194428238E-01
1.9991665960E+01	5.8527761559E-01	5.8583317113E-01
2.0159721509E+01	5.8916650434E-01	5.8972205988E-01
2.0327777059E+01	5.9305539310E-01	5.9333317086E-01
2.0495832608E+01	5.9666650408E-01	5.9722205961E-01
2.0663888158E+01	6.0027761506E-01	6.0111094837E-01
2.0831943708E+01	6.0416650381E-01	6.0472205935E-01
2.0999999257E+01	6.0777761480E-01	6.0805539256E-01
2.1168054807E+01	6.1138872578E-01	6.1166650355E-01
2.1336110356E+01	6.1527761453E-01	6.1527761453E-01
2.1504165906E+01	6.1916650328E-01	6.1861094775E-01
2.1672221456E+01	6.2305539203E-01	6.2222205873E-01
2.1840277005E+01	6.2694428079E-01	6.2583316971E-01
2.2008332555E+01	6.3083316954E-01	6.2944428070E-01
2.2175693660E+01	6.3472205829E-01	6.3333316945E-01
2.2343749210E+01	6.3861094704E-01	6.3722205820E-01
2.2511804759E+01	6.4249983579E-01	6.4111094695E-01
2.2679860309E+01	6.4611094677E-01	6.4499983570E-01
2.2847915859E+01	6.4972205776E-01	6.4888872445E-01
2.3015971408E+01	6.5333316874E-01	6.5277761321E-01
2.3184026958E+01	6.5694427972E-01	6.5666650196E-01
2.3352082507E+01	6.6027761294E-01	6.6055539071E-01
2.3520138057E+01	6.6388872392E-01	6.6416650169E-01
2.3688193607E+01	6.6722205714E-01	6.6777761267E-01
2.3856249156E+01	6.7083316812E-01	6.7138872366E-01
2.4024304706E+01	6.7444427911E-01	6.7499983464E-01
2.4191665811E+01	6.7805539009E-01	6.7861094562E-01
2.4359721361E+01	6.8166650107E-01	6.8222205661E-01
2.4527776910E+01	6.8527761206E-01	6.8611094536E-01
2.4695832460E+01	6.8888872304E-01	6.8972205634E-01
2.4863888009E+01	6.9277761179E-01	6.9361094509E-01
2.5031943559E+01	6.9638872277E-01	6.9722205608E-01
2.5199999109E+01	7.0027761152E-01	7.0083316706E-01
2.5368054658E+01	7.0388872251E-01	7.0444427804E-01
2.5536110208E+01	7.0777761126E-01	7.0805538903E-01
2.5704165757E+01	7.1138872224E-01	7.1166650001E-01
2.5872221307E+01	7.1499983323E-01	7.1499983323E-01
2.6040276857E+01	7.1861094421E-01	7.1861094421E-01
2.6208332406E+01	7.2222205519E-01	7.2194427743E-01
2.6375693512E+01	7.2583316618E-01	7.2555538841E-01
2.6543749061E+01	7.2944427716E-01	7.2916649939E-01
2.6711804611E+01	7.3305538814E-01	7.3277761038E-01
2.6879860160E+01	7.3666649913E-01	7.3638872136E-01
2.7047915710E+01	7.4027761011E-01	7.3999983234E-01
2.7215971260E+01	7.4388872109E-01	7.4388872109E-01
2.7384026809E+01	7.4749983208E-01	7.4749983208E-01
2.7552082359E+01	7.5111094306E-01	7.5138872083E-01
2.7720137908E+01	7.5472205404E-01	7.5527760958E-01
2.7888193458E+01	7.5833316503E-01	7.5916649833E-01
2.8056249008E+01	7.6222205378E-01	7.6305538708E-01
2.8224304557E+01	7.6583316476E-01	7.6694427583E-01
2.8391665662E+01	7.6972205351E-01	7.7055538682E-01
2.8559721212E+01	7.7361094226E-01	7.7444427557E-01
2.8727776762E+01	7.7722205325E-01	7.7805538655E-01
2.8895832311E+01	7.8111094200E-01	7.8166649754E-01
2.9063887861E+01	7.8472205298E-01	7.8527760852E-01
2.9231943410E+01	7.8861094173E-01	7.8888871950E-01
2.9399998960E+01	7.9222205272E-01	7.9249983049E-01
2.9568054510E+01	7.9583316370E-01	7.9583316370E-01
2.9736110059E+01	7.9944427468E-01	7.9944427468E-01
2.9904165609E+01	8.0305538567E-01	8.0277760790E-01
3.0072221159E+01	8.0666649665E-01	8.0611094111E-01
3.0240276708E+01	8.1055538540E-01	8.0944427433E-01
3.0408332258E+01	8.1416649639E-01	8.1305538531E-01
3.0575693363E+01	8.1805538514E-01	8.1638871853E-01
3.0743748913E+01	8.2166649612E-01	8.1999982951E-01
3.0911804462E+01	8.2555538487E-01	8.2361094050E-01
3.1079860012E+01	8.2916649585E-01	8.2749982925E-01
3.1247915561E+01	8.3277760684E-01	8.3111094023E-01
3.1415971111E+01	8.3638871782E-01	8.3499982898E-01
3.1584026661E+01	8.3972205104E-01	8.3861093997E-01
3.1752082210E+01	8.4305538425E-01	8.4249982872E-01
3.1920137760E+01	8.4638871747E-01	8.4611093970E-01
3.2088193309E+01	8.4972205068E-01	8.4972205068E-01
3.2256248859E+01	8.5305538390E-01	8.5333316167E-01
3.2424304409E+01	8.5638871711E-01	8.5694427265E-01
3.2591665514E+01	8.5972205033E-01	8.6055538363E-01
3.2759721063E+01	8.6305538355E-01	8.6388871685E-01
3.2927776613E+01	8.6638871676E-01	8.6749982783E-01
3.3095832163E+01	8.6999982774E-01	8.7111093882E-01
3.3263887712E+01	8.7333316096E-01	8.7444427203E-01
3.3431943262E+01	8.7694427194E-01	8.7805538301E-01
3.3599998812E+01	8.8055538293E-01	8.8166649400E-01
3.3768054361E+01	8.8416649391E-01	8.8499982721E-01
3.3936109911E+01	8.8777760489E-01	8.8861093820E-01
3.4104165460E+01	8.9111093811E-01	8.9194427141E-01
3.4272221010E+01	8.9472204909E-01	8.9555538240E-01
3.4440276560E+01	8.9833316008E-01	8.9888871561E-01
3.4608332109E+01	9.0194427106E-01	9.0222204883E-01
3.4775693214E+01	9.0555538204E-01	9.0583315981E-01
3.4943748764E+01	9.0916649303E-01	9.0916649303E-01
3.5111804314E+01	9.1249982624E-01	9.1249982624E-01
3.5279859863E+01	9.1611093722E-01	9.1611093722E-01
3.5447915413E+01	9.1944427044E-01	9.1944427044E-01
3.5615970962E+01	9.2305538142E-01	9.2305538142E-01
3.5784026512E+01	9.2666649241E-01	9.2666649241E-01
3.5952082062E+01	9.3027760339E-01	9.3027760339E-01
3.6120137611E+01	9.3388871437E-01	9.3388871437E-01
3.6288193161E+01	9.3749982536E-01	9.3749982536E-01
3.6456248711E+01	9.4111093634E-01	9.4138871411E-01
3.6624304260E+01	9.4499982509E-01	9.4527760286E-01
3.6791665365E+01	9.4861093607E-01	9.4888871384E-01
3.6959720915E+01	9.5249982483E-01	9.5277760259E-01
3.7127776465E+01	9.5611093581E-01	9.5666649135E-01
3.7295832014E+01	9.5999982456E-01	9.6027760233E-01
3.7463887564E+01	9.6361093554E-01	9.6416649108E-01
3.7631943113E+01	9.6722204653E-01	9.6777760206E-01
3.7799998663E+01	9.7083315751E-01	9.7138871305E-01
3.7968054213E+01	9.7444426849E-01	9.7472204626E-01
3.8136109762E+01	9.7805537948E-01	9.7833315725E-01
3.8304165312E+01	9.8166649046E-01	9.8166649046E-01
3.8472220861E+01	9.8527760144E-01	9.8499982368E-01
3.8640276411E+01	9.8888871243E-01	9.8833315689E-01
3.8808331961E+01	9.9249982341E-01	9.9138871234E-01
3.8975693066E+01	9.9638871216E-01	9.9472204555E-01
3.9143748615E+01	9.9999982315E-01	9.9805537877E-01
3.9311804165E+01	1.0038887119E+00	1.0013887120E+00
3.9479859715E+01	1.0074998229E+00	1.0049998230E+00
3.9647915264E+01	1.0111109339E+00	1.0083331562E+00
3.9815970814E+01	1.0147220448E+00	1.0119442672E+00
3.9984026364E+01	1.0183331558E+00	1.0155553782E+00
4.0152081913E+01	1.0216664890E+00	1.0194442669E+00
4.0320137463E+01	1.0247220445E+00	1.0230553779E+00
4.0488193012E+01	1.0280553777E+00	1.0266664889E+00
4.0656248562E+01	1.0311109332E+00	1.0302775999E+00
4.0824304112E+01	1.0341664886E+00	1.0338887108E+00
4.0991665217E+01	1.0372220441E+00	1.0374998218E+00
4.1159720766E+01	1.0402775995E+00	1.0408331550E+00
4.1327776316E+01	1.0433331549E+00	1.0444442660E+00
4.1495831866E+01	1.0463887104E+00	1.0477775992E+00
4.1663887415E+01	1.0497220436E+00	1.0511109324E+00
4.1831942965E+01	1.0527775991E+00	1.0544442657E+00
4.1999998514E+01	1.0561109323E+00	1.0577775989E+00
4.2168054064E+01	1.0597220433E+00	1.0611109321E+00
4.2336109614E+01	1.0630553765E+00	1.0644442653E+00
4.2504165163E+01	1.0666664875E+00	1.0677775985E+00
4.2672220713E+01	1.0702775984E+00	1.0713887095E+00
4.2840276262E+01	1.0736109317E+00	1.0747220427E+00
4.3008331812E+01	1.0772220426E+00	1.0783331537E+00
4.3175692917E+01	1.0808331536E+00	1.0816664869E+00
4.3343748467E+01	1.0841664868E+00	1.0849998201E+00
4.3511804017E+01	1.0877775978E+00	1.0883331534E+00
4.3679859566E+01	1.0911109310E+00	1.0916664866E+00
4.3847915116E+01	1.0947220420E+00	1.0949998198E+00
4.4015970665E+01	1.0980553752E+00	1.0983331530E+00
4.4184026215E+01	1.1016664862E+00	1.1016664862E+00
4.4352081765E+01	1.1052775972E+00	1.1052775972E+00
4.4520137314E+01	1.1091664860E+00	1.1088887082E+00
4.4688192864E+01	1.1127775969E+00	1.1124998192E+00
4.4856248413E+01	1.1166664857E+00	1.1163887079E+00
4.5024303963E+01	1.1208331522E+00	1.1199998189E+00
4.5191665068E+01	1.1247220410E+00	1.1241664854E+00
4.5359720618E+01	1.1286109297E+00	1.1280553742E+00
4.5527776167E+01	1.1327775962E+00	1.1319442629E+00
4.5695831717E+01	1.1363887072E+00	1.1358331517E+00
4.5863887267E+01	1.1402775960E+00	1.1399998182E+00
4.6031942816E+01	1.1438887069E+00	1.1438887069E+00
4.6199998366E+01	1.1474998179E+00	1.1474998179E+00
4.6368053915E+01	1.1511109289E+00	1.1513887067E+00
4.6536109465E+01	1.1547220399E+00	1.1549998177E+00
4.6704165015E+01	1.1580553731E+00	1.1583331509E+00
4.6872220564E+01	1.1616664841E+00	1.1619442619E+00
4.7040276114E+01	1.1655553728E+00	1.1652775951E+00
4.7208331664E+01	1.1691664838E+00	1.1686109283E+00
4.7375692769E+01	1.1730553726E+00	1.1719442615E+00
4.7543748318E+01	1.1769442613E+00	1.1752775947E+00
4.7711803868E+01	1.1808331501E+00	1.1786109279E+00
4.7879859418E+01	1.1849998166E+00	1.1819442612E+00
4.8047914967E+01	1.1888887054E+00	1.1855553721E+00
4.8215970517E+01	1.1927775941E+00	1.1891664831E+00
4.8384026066E+01	1.1966664829E+00	1.1927775941E+00
4.8552081616E+01	1.2002775938E+00	1.1963887051E+00
4.8720137166E+01	1.2038887048E+00	1.2002775938E+00
4.8888192715E+01	1.2072220380E+00	1.2041664826E+00
4.9056248265E+01	1.2105553713E+00	1.2077775936E+00
4.9224303814E+01	1.2136109267E+00	1.2116664823E+00
4.9391664920E+01	1.2166664821E+00	1.2155553711E+00
4.9559720469E+01	1.2197220376E+00	1.2191664821E+00
4.9727776019E+01	1.2224998153E+00	1.2224998153E+00
4.9895831568E+01	1.2255553707E+00	1.2258331485E+00
5.0063887118E+01	1.2283331484E+00	1.2291664817E+00
5.0231942668E+01	1.2313887039E+00	1.2324998149E+00
5.0399998217E+01	1.2347220371E+00	1.2355553704E+00
5.0568053767E+01	1.2377775925E+00	1.2388887036E+00
5.0736109317E+01	1.2411109257E+00	1.2422220368E+00
5.0904164866E+01	1.2447220367E+00	1.2455553700E+00
5.1072220416E+01	1.2483331477E+00	1.2491664810E+00
5.1240275965E+01	1.2519442587E+00	1.2527775920E+00
5.1408331515E+01	1.2555553697E+00	1.2563887030E+00
5.1575692620E+01	1.2591664806E+00	1.2602775917E+00
5.1743748170E+01	1.2627775916E+00	1.2638887027E+00
5.1911803719E+01	1.2663887026E+00	1.2672220359E+00
5.2079859269E+01	1.2699998136E+00	1.2708331469E+00
5.2247914819E+01	1.2736109246E+00	1.2741664801E+00
5.2415970368E+01	1.2772220356E+00	1.2774998133E+00
5.2584025918E+01	1.2811109243E+00	1.2811109243E+00
5.2752081467E+01	1.2849998131E+00	1.2847220353E+00
5.2920137017E+01	1.2891664796E+00	1.2883331463E+00
5.3088192567E+01	1.2933331461E+00	1.2919442573E+00
5.3256248116E+01	1.2974998126E+00	1.2961109238E+00
5.3424303666E+01	1.3019442569E+00	1.3002775903E+00
5.3591664771E+01	1.3063887012E+00	1.3047220346E+00
5.3759720321E+01	1.3108331455E+00	1.3091664789E+00
5.3927775870E+01	1.3155553675E+00	1.3138887009E+00
5.4095831420E+01	1.3199998118E+00	1.3183331452E+00
5.4263886970E+01	1.3244442561E+00	1.3230553673E+00
5.4431942519E+01	1.3286109226E+00	1.3274998116E+00
5.4599998069E+01	1.3324998114E+00	1.3319442558E+00
5.4768053618E+01	1.3363887001E+00	1.3361109224E+00
5.4936109168E+01	1.3399998111E+00	1.3402775889E+00
5.5104164718E+01	1.3438886999E+00	1.3444442554E+00
5.5272220267E+01	1.3474998109E+00	1.3486109219E+00
5.5440275817E+01	1.3516664774E+00	1.3524998107E+00
5.5608331366E+01	1.3555553661E+00	1.3561109217E+00
5.5775692472E+01	1.3599998104E+00	1.3599998104E+00
5.5943748021E+01	1.3647220325E+00	1.3636109214E+00
5.6111803571E+01	1.3694442545E+00	1.3672220324E+00
5.6279859120E+01	1.3741664766E+00	1.3708331434E+00
5.6447914670E+01	1.3791664764E+00	1.3747220321E+00
5.6615970220E+01	1.3841664762E+00	1.3786109209E+00
5.6784025769E+01	1.3888886983E+00	1.3827775874E+00
5.6952081319E+01	1.3936109203E+00	1.3869442539E+00
5.7120136869E+01	1.3980553646E+00	1.3913886982E+00
5.7288192418E+01	1.4022220311E+00	1.3958331425E+00
5.7456247968E+01	1.4063886977E+00	1.4005553645E+00
5.7624303517E+01	1.4102775864E+00	1.4049998088E+00
5.7791664623E+01	1.4138886974E+00	1.4094442531E+00
5.7959720172E+01	1.4172220306E+00	1.4138886974E+00
5.8127775722E+01	1.4205553638E+00	1.4180553639E+00
5.8295831271E+01	1.4236109193E+00	1.4219442527E+00
5.8463886821E+01	1.4266664747E+00	1.4255553636E+00
5.8631942371E+01	1.4297220302E+00	1.4288886969E+00
5.8799997920E+01	1.4330553634E+00	1.4322220301E+00
5.8968053470E+01	1.4363886966E+00	1.4358331411E+00
5.9136109019E+01	1.4399998076E+00	1.4394442520E+00
5.9304164569E+01	1.4438886963E+00	1.4433331408E+00
5.9472220119E+01	1.4477775851E+00	1.4472220295E+00
5.9640275668E+01	1.4519442516E+00	1.4516664738E+00
5.9808331218E+01	1.4561109181E+00	1.4561109181E+00
5.9975692323E+01	1.4605553624E+00	1.4605553624E+00
6.0143747873E+01	1.4647220289E+00	1.4652775845E+00
6.0311803422E+01	1.4688886954E+00	1.4694442510E+00
6.0479858972E+01	1.4733331397E+00	1.4738886953E+00
6.0647914521E+01	1.4774998063E+00	1.4777775840E+00
6.0815970071E+01	1.4822220283E+00	1.4819442505E+00
6.0984025621E+01	1.4869442504E+00	1.4858331393E+00
6.1152081170E+01	1.4919442502E+00	1.4899998058E+00
6.1320136720E+01	1.4972220278E+00	1.4941664723E+00
6.1488192270E+01	1.5024998054E+00	1.4988886944E+00
6.1656247819E+01	1.5077775830E+00	1.5036109164E+00
6.1824303369E+01	1.5133331383E+00	1.5088886940E+00
6.1991664474E+01	1.5188886937E+00	1.5147220272E+00
6.2159720024E+01	1.5244442490E+00	1.5208331381E+00
6.2327775573E+01	1.5302775822E+00	1.5269442490E+00
6.2495831123E+01	1.5361109153E+00	1.5330553598E+00
6.2663886672E+01	1.5416664707E+00	1.5394442485E+00
6.2831942222E+01	1.5469442482E+00	1.5452775816E+00
6.2999997772E+01	1.5522220258E+00	1.5511109148E+00
6.3168053321E+01	1.5569442479E+00	1.5566664701E+00
6.3336108871E+01	1.5613886922E+00	1.5619442477E+00
6.3504164420E+01	1.5655553587E+00	1.5672220253E+00
6.3672219970E+01	1.5697220252E+00	1.5722220251E+00
6.3840275520E+01	1.5744442473E+00	1.5772220250E+00
6.4008331069E+01	1.5791664693E+00	1.5822220248E+00
6.4175692174E+01	1.5844442469E+00	1.5872220246E+00
6.4343747724E+01	1.5905553578E+00	1.5919442467E+00
6.4511803274E+01	1.5969442465E+00	1.5966664687E+00
6.4679858823E+01	1.6036109129E+00	1.6013886908E+00
6.4847914373E+01	1.6105553571E+00	1.6061109128E+00
6.5015969923E+01	1.6177775791E+00	1.6111109126E+00
6.5184025472E+01	1.6247220233E+00	1.6163886902E+00
6.5352081022E+01	1.6316664675E+00	1.6219442456E+00
6.5520136571E+01	1.6380553561E+00	1.6280553565E+00
6.5688192121E+01	1.6444442448E+00	1.6341664674E+00
6.5856247671E+01	1.6505553557E+00	1.6405553560E+00
6.6024303220E+01	1.6563886888E+00	1.6469442447E+00
6.6191664325E+01	1.6619442442E+00	1.6530553556E+00
6.6359719875E+01	1.6672220218E+00	1.6591664665E+00
6.6527775425E+01	1.6719442438E+00	1.6647220219E+00
6.6695830974E+01	1.6763886881E+00	1.6697220217E+00
6.6863886524E+01	1.6808331324E+00	1.6747220215E+00
6.7031942073E+01	1.6847220211E+00	1.6791664658E+00
6.7199997623E+01	1.6888886877E+00	1.6833331323E+00
6.7368053173E+01	1.6930553542E+00	1.6877775766E+00
6.7536108722E+01	1.6974997985E+00	1.6922220209E+00
6.7704164272E+01	1.7022220205E+00	1.6972220207E+00
6.7872219822E+01	1.7074997981E+00	1.7027775761E+00
6.8040275371E+01	1.7130553535E+00	1.7088886870E+00
6.8208330921E+01	1.7188886866E+00	1.7155553534E+00
6.8375692026E+01	1.7247220197E+00	1.7222220198E+00
6.8543747576E+01	1.7305553529E+00	1.7288886863E+00
6.8711803125E+01	1.7363886860E+00	1.7352775749E+00
6.8879858675E+01	1.7422220191E+00	1.7413886858E+00
6.9047914224E+01	1.7483331300E+00	1.7469442412E+00
6.9215969774E+01	1.7547220187E+00	1.7524997965E+00
6.9384025324E+01	1.7616664629E+00	1.7577775741E+00
6.9548608651E+01	1.7688886848E+00	1.7633331295E+00
6.9722219756E+01	1.7761109068E+00	1.7691664626E+00
6.9888886417E+01	1.7838886843E+00	1.7755553513E+00
7.0055553078E+01	1.7916664618E+00	1.7822220177E+00
7.0222219738E+01	1.7991664615E+00	1.7899997952E+00
7.0388886399E+01	1.8069442390E+00	1.7980553505E+00
7.0562497504E+01	1.8144442388E+00	1.8069442390E+00
7.0729164165E+01	1.8219442385E+00	1.8163886832E+00
7.0895830826E+01	1.8294442383E+00	1.8255553495E+00
7.1062497486E+01	1.8372220158E+00	1.8347220158E+00
7.1229164147E+01	1.8449997933E+00	1.8433331266E+00
7.1402775252E+01	1.8524997930E+00	1.8513886819E+00
7.1569441913E+01	1.8594442372E+00	1.8588886817E+00
7.1736108574E+01	1.8658331259E+00	1.8658331259E+00
7.1902775235E+01	1.8716664590E+00	1.8724997923E+00
7.2069441895E+01	1.8769442366E+00	1.8788886809E+00
7.2243053000E+01	1.8822220142E+00	1.8855553474E+00
7.2409719661E+01	1.8880553473E+00	1.8924997916E+00
7.2576386322E+01	1.8947220137E+00	1.8994442358E+00
7.2743052983E+01	1.9022220135E+00	1.9063886800E+00
7.2909719643E+01	1.9108331243E+00	1.9130553464E+00
7.3083330748E+01	1.9199997906E+00	1.9197220128E+00
7.3249997409E+01	1.9299997903E+00	1.9261109015E+00
7.3416664070E+01	1.9402775677E+00	1.9327775679E+00
7.3583330731E+01	1.9505553451E+00	1.9399997899E+00
7.3749997391E+01	1.9599997892E+00	1.9477775674E+00
7.3916664052E+01	1.9691664555E+00	1.9563886782E+00
7.4090275157E+01	1.9777775663E+00	1.9652775668E+00
7.4256941818E+01	1.9861108994E+00	1.9744442331E+00
7.4423608479E+01	1.9944442324E+00	1.9833331217E+00
7.4590275139E+01	2.0030553432E+00	1.9916664547E+00
7.4756941800E+01	2.0116664540E+00	1.9999997878E+00
7.4930552905E+01	2.0199997871E+00	2.0077775653E+00
7.5097219566E+01	2.0280553423E+00	2.0152775650E+00
7.5263886227E+01	2.0352775643E+00	2.0224997870E+00
7.5430552888E+01	2.0419442307E+00	2.0291664534E+00
7.5597219548E+01	2.0483331194E+00	2.0358331198E+00
7.5770830653E+01	2.0547220081E+00	2.0422220085E+00
7.5937497314E+01	2.0613886745E+00	2.0491664527E+00
7.6104163975E+01	2.0686108965E+00	2.0566664524E+00
7.6270830636E+01	2.0763886740E+00	2.0652775632E+00
7.6437497296E+01	2.0847220070E+00	2.0747220074E+00
7.6611108401E+01	2.0936108956E+00	2.0847220070E+00
7.6777775062E+01	2.1022220064E+00	2.0949997844E+00
7.6944441723E+01	2.1105553394E+00	2.1049997841E+00
7.7111108384E+01	2.1188886725E+00	2.1144442282E+00
7.7277775044E+01	2.1266664500E+00	2.1230553390E+00
7.7451386149E+01	2.1347220052E+00	2.1308331165E+00
7.7618052810E+01	2.1433331160E+00	2.1383331162E+00
7.7784719471E+01	2.1522220046E+00	2.1452775604E+00
7.7951386132E+01	2.1619442265E+00	2.1522220046E+00
7.8118052792E+01	2.1722220039E+00	2.1594442266E+00
7.8284719453E+01	2.1827775591E+00	2.1677775596E+00
7.8458330558E+01	2.1936108920E+00	2.1766664482E+00
7.8624997219E+01	2.2044442250E+00	2.1869442256E+00
7.8791663880E+01	2.2149997802E+00	2.1980553363E+00
7.8958330541E+01	2.2252775576E+00	2.2099997803E+00
7.9124997201E+01	2.2352775572E+00	2.2227775577E+00
7.9298608306E+01	2.2449997791E+00	2.2361108905E+00
7.9465274967E+01	2.2549997788E+00	2.2488886679E+00
7.9631941628E+01	2.2655553339E+00	2.2611108897E+00
7.9798608289E+01	2.2763886669E+00	2.2724997781E+00
7.9965274949E+01	2.2869442221E+00	2.2824997778E+00
8.0138886054E+01	2.2969442217E+00	2.2913886664E+00
8.0305552715E+01	2.3055553325E+00	2.2997219994E+00
8.0472219376E+01	2.3127775545E+00	2.3077775547E+00
8.0638886037E+01	2.3191664432E+00	2.3161108877E+00
8.0805552697E+01	2.3255553318E+00	2.3247219985E+00
8.0979163802E+01	2.3327775538E+00	2.3344442204E+00
8.1145830463E+01	2.3413886646E+00	2.3447219978E+00
8.1312497124E+01	2.3513886642E+00	2.3552775530E+00
8.1479163785E+01	2.3627775527E+00	2.3649997749E+00
8.1645830445E+01	2.3755553300E+00	2.3744442190E+00
8.1819441550E+01	2.3894442184E+00	2.3830553298E+00
8.1986108211E+01	2.4033331068E+00	2.3924997739E+00
8.2152774872E+01	2.4163886619E+00	2.4027775513E+00
8.2319441533E+01	2.4280553282E+00	2.4144442176E+00
8.2486108194E+01	2.4383331056E+00	2.4272219949E+00
8.2652774854E+01	2.4480553275E+00	2.4399997722E+00
8.2826385959E+01	2.4583331049E+00	2.4519442162E+00
8.2993052620E+01	2.4699997712E+00	2.4630553270E+00
8.3159719281E+01	2.4830553262E+00	2.4730553266E+00
8.3326385942E+01	2.4961108813E+00	2.4827775485E+00
8.3493052602E+01	2.5083331031E+00	2.4922219926E+00
8.3666663707E+01	2.5191664361E+00	2.5019442145E+00
8.3833330368E+01	2.5286108802E+00	2.5119442141E+00
8.3999997029E+01	2.5374997688E+00	2.5216664360E+00
8.4166663690E+01	2.5466664351E+00	2.5316664356E+00
8.4333330350E+01	2.5569442125E+00	2.5422219908E+00
8.4506941455E+01	2.5686108788E+00	2.5536108793E+00
8.4673608116E+01	2.5813886561E+00	2.5661108789E+00
8.4840274777E+01	2.5952775445E+00	2.5799997673E+00
8.5006941438E+01	2.6094442107E+00	2.5949997667E+00
8.5173608098E+01	2.6230553213E+00	2.6105553217E+00
8.5347219203E+01	2.6361108764E+00	2.6255553212E+00
8.5513885864E+01	2.6469442093E+00	2.6394442096E+00
8.5680552525E+01	2.6561108757E+00	2.6513886536E+00
8.5847219186E+01	2.6647219865E+00	2.6619442088E+00
8.6013885847E+01	2.6738886528E+00	2.6713886529E+00
8.6180552507E+01	2.6844442080E+00	2.6802775415E+00
8.6354163612E+01	2.6958330965E+00	2.6886108745E+00
8.6520830273E+01	2.7086108738E+00	2.6972219853E+00
8.6687496934E+01	2.7219442067E+00	2.7058330961E+00
8.6854163595E+01	2.7358330951E+00	2.7158330958E+00
8.7020830255E+01	2.7499997612E+00	2.7272219843E+00
8.7194441360E+01	2.7638886496E+00	2.7397219838E+00
8.7361108021E+01	2.7766664270E+00	2.7538886500E+00
8.7527774682E+01	2.7888886488E+00	2.7691664272E+00
8.7694441343E+01	2.8008330928E+00	2.7858330933E+00
8.7861108003E+01	2.8127775368E+00	2.8024997594E+00
8.8034719108E+01	2.8252775364E+00	2.8186108699E+00
8.8201385769E+01	2.8388886470E+00	2.8333330916E+00
8.8368052430E+01	2.8533330909E+00	2.8463886467E+00
8.8534719091E+01	2.8677775349E+00	2.8580553130E+00
8.8701385751E+01	2.8808330900E+00	2.8683330904E+00
8.8874996856E+01	2.8911108674E+00	2.8786108678E+00
8.9041663517E+01	2.8991664226E+00	2.8891664230E+00
8.9208330178E+01	2.9061108668E+00	2.9002775337E+00
8.9374996839E+01	2.9138886443E+00	2.9124997555E+00
8.9541663500E+01	2.9233330884E+00	2.9269441994E+00
8.9715274604E+01	2.9349997547E+00	2.9430553100E+00
8.9881941265E+01	2.9480553098E+00	2.9594441983E+00
9.0048607926E+01	2.9624997537E+00	2.9738886422E+00
9.0215274587E+01	2.9788886420E+00	2.9861108640E+00
9.0381941248E+01	2.9961108637E+00	2.9972219747E+00
9.0548607908E+01	3.0130553075E+00	3.0080553077E+00
9.0722219013E+01	3.0297219736E+00	3.0199997517E+00
9.0888885674E+01	3.0452775286E+00	3.0352775289E+00
9.1055552335E+01	3.0627775280E+00	3.0549997505E+00
9.1222218996E+01	3.0913886381E+00	3.0822219717E+00
9.1388885656E+01	3.1558330802E+00	3.1261108591E+00
9.1562496761E+01	3.2724997428E+00	3.2366664107E+00
9.1729163422E+01	3.4216664042E+00	3.3341664073E+00
9.1895830083E+01	3.7644441698E+00	3.6113886197E+00
9.2062496744E+01	4.2563885969E+00	4.1230552682E+00
9.2229163404E+01	4.9036107962E+00	4.7472219128E+00
9.2402774509E+01	5.0319441250E+00	5.0147219034E+00
9.2569441170E+01	4.2444441528E+00	4.1691663777E+00
9.2736107831E+01	3.5549997328E+00	3.5019441791E+00
9.2902774492E+01	3.1083330819E+00	3.0227775294E+00
9.3069441152E+01	2.7841664267E+00	2.7011108741E+00
9.3243052257E+01	2.5183331028E+00	2.4358331057E+00
9.3409718918E+01	2.4030553291E+00	2.3386108869E+00
9.3576385579E+01	2.3480553310E+00	2.2872219998E+00
9.3743052240E+01	2.2936108885E+00	2.2627775563E+00
9.3909718901E+01	2.2980553328E+00	2.2911108886E+00
9.4083330006E+01	2.3263886651E+00	2.3255553318E+00
9.4249996666E+01	2.3613886639E+00	2.3608331083E+00
9.4416663327E+01	2.3991664403E+00	2.4011108847E+00
9.4583329988E+01	2.4269442171E+00	2.4230553284E+00
9.4749996649E+01	2.4288886615E+00	2.4227775506E+00
9.4916663309E+01	2.4327775502E+00	2.4288886615E+00
9.5090274414E+01	2.4377775501E+00	2.4383331056E+00
9.5256941075E+01	2.4488886608E+00	2.4508331052E+00
9.5423607736E+01	2.4686108823E+00	2.4663886602E+00
9.5590274397E+01	2.4949997703E+00	2.4863886595E+00
9.5756941057E+01	2.5252775470E+00	2.5141664363E+00
9.5930552162E+01	2.5588886569E+00	2.5513886572E+00
9.6097218823E+01	2.5713886565E+00	2.5561108792E+00
9.6263885484E+01	2.5766664340E+00	2.5638886567E+00
9.6430552145E+01	2.5886108781E+00	2.5788886562E+00
9.6597218805E+01	2.6069442108E+00	2.5991664332E+00
9.6770829910E+01	2.6311108766E+00	2.6238886546E+00
9.6937496571E+01	2.6605553200E+00	2.6530553202E+00
9.7104163232E+01	2.6936108744E+00	2.6880553190E+00
9.7270829893E+01	2.7311108730E+00	2.7283330953E+00
9.7437496554E+01	2.7724997605E+00	2.7733330938E+00
9.7611107659E+01	2.7844442045E+00	2.7908330931E+00
9.7777774319E+01	2.7980553151E+00	2.8080553147E+00
9.7944440980E+01	2.8169442033E+00	2.8305553140E+00
9.8111107641E+01	2.8405553136E+00	2.8569442019E+00
9.8277774302E+01	2.8691664237E+00	2.8855553120E+00
9.8451385407E+01	2.9030553114E+00	2.9163886443E+00
9.8618052067E+01	2.9411108656E+00	2.9508330875E+00
9.8784718728E+01	2.9827775308E+00	2.9905553083E+00
9.8951385389E+01	3.0261108626E+00	3.0361108622E+00
9.9118052050E+01	3.0436108620E+00	3.0672219722E+00
9.9284718710E+01	3.0588886392E+00	3.0780553052E+00
9.9458329815E+01	3.0805553051E+00	3.0927775269E+00
9.9624996476E+01	3.1077775264E+00	3.1113886374E+00
9.9791663137E+01	3.1377775253E+00	3.1338886366E+00
9.9958329798E+01	3.1688886353E+00	3.1616664134E+00
1.0012499646E+02	3.2013886342E+00	3.1941664122E+00
1.0029860756E+02	3.2369441885E+00	3.2308330776E+00
1.0046527422E+02	3.2769441871E+00	3.2724997428E+00
1.0063194089E+02	3.3216664077E+00	3.3197219633E+00
1.0079860755E+02	3.3569441842E+00	3.3588886286E+00
1.0096527421E+02	3.3783330724E+00	3.3799997390E+00
1.0113888531E+02	3.4030552937E+00	3.4049997381E+00
1.0130555197E+02	3.4302775150E+00	3.4338886259E+00
1.0147221863E+02	3.4591664028E+00	3.4666664026E+00
1.0163888529E+02	3.4894441795E+00	3.5022219569E+00
1.0180555195E+02	3.5213886229E+00	3.5397219555E+00
1.0197916306E+02	3.5552775105E+00	3.5772219542E+00
1.0214582972E+02	3.5922219537E+00	3.6155552862E+00
1.0231249638E+02	3.6341663966E+00	3.6516663960E+00
1.0247916304E+02	3.6505552849E+00	3.6638886178E+00
1.0264582970E+02	3.6686108399E+00	3.6780552840E+00
1.0281944081E+02	3.6897219502E+00	3.6949997278E+00
1.0298610747E+02	3.7141663938E+00	3.7161108382E+00
1.0315277413E+02	3.7424997261E+00	3.7430552817E+00
1.0331944079E+02	3.7761108361E+00	3.7761108361E+00
1.0348610745E+02	3.8163886124E+00	3.8147219458E+00
1.0365277411E+02	3.8630552774E+00	3.8588886109E+00
1.0382638522E+02	3.9161108311E+00	3.9080552758E+00
1.0399305188E+02	3.9452774967E+00	3.9274997196E+00
1.0415971854E+02	3.9638886072E+00	3.9449997190E+00
1.0432638520E+02	3.9844441620E+00	3.9655552738E+00
1.0449305186E+02	4.0091663834E+00	3.9891663841E+00
1.0466666296E+02	4.0377774935E+00	4.0161108276E+00
1.0483332963E+02	4.0688886035E+00	4.0483330487E+00
1.0499999629E+02	4.1036108245E+00	4.0869441584E+00
1.0516666295E+02	4.1422219342E+00	4.1311108235E+00
1.0533332961E+02	4.1536108227E+00	4.1691663777E+00
1.0550694071E+02	4.1713885999E+00	4.1938885991E+00
1.0567360737E+02	4.1947219324E+00	4.2263885979E+00
1.0584027403E+02	4.2219441536E+00	4.2633330411E+00
1.0600694069E+02	4.2519441526E+00	4.2994441509E+00
1.0617360736E+02	4.2847219292E+00	4.3336108163E+00
1.0634721846E+02	4.3219441501E+00	4.3683330373E+00
1.0651388512E+02	4.3644441486E+00	4.4077774804E+00
1.0668055178E+02	4.4099997025E+00	4.4544441454E+00
1.0684721844E+02	4.4441663680E+00	4.4980552550E+00
1.0701388510E+02	4.4597219230E+00	4.5163885877E+00
1.0718055176E+02	4.4822219222E+00	4.5333330315E+00
1.0735416287E+02	4.5124996989E+00	4.5499996976E+00
1.0752082953E+02	4.5483330310E+00	4.5686108080E+00
1.0768749619E+02	4.5861108074E+00	4.5919441405E+00
1.0785416285E+02	4.6222219172E+00	4.6208330284E+00
1.0802082951E+02	4.6563885827E+00	4.6547219161E+00
1.0819444062E+02	4.6916663592E+00	4.6924996925E+00
1.0836110728E+02	4.7308330245E+00	4.7355552466E+00
1.0852777394E+02	4.7747219119E+00	4.7836108004E+00
1.0869444060E+02	4.8011107998E+00	4.8099996884E+00
1.0886110726E+02	4.8283330211E+00	4.8388885762E+00
1.0903471837E+02	4.8574996867E+00	4.8702774640E+00
1.0920138503E+02	4.8880552412E+00	4.9055552406E+00
1.0936805169E+02	4.9197219067E+00	4.9449996836E+00
1.0953471835E+02	4.9513885723E+00	4.9872219043E+00
1.0970138501E+02	4.9833330156E+00	5.0283330140E+00
1.0987499611E+02	5.0169441255E+00	5.0655552349E+00
1.1004166277E+02	5.0441663468E+00	5.0697219014E+00
1.1020832944E+02	5.0566663463E+00	5.0805552344E+00
1.1037499610E+02	5.0727774569E+00	5.0977774560E+00
1.1054166276E+02	5.0905552340E+00	5.1180552330E+00
1.1071527386E+02	5.1094441222E+00	5.1394441212E+00
1.1088194052E+02	5.1294441215E+00	5.1613885648E+00
1.1104860718E+02	5.1513885652E+00	5.1858330084E+00
1.1121527384E+02	5.1797218975E+00	5.2147218963E+00
1.1138194050E+02	5.2180552295E+00	5.2483330062E+00
1.1154860717E+02	5.2661107834E+00	5.2672218944E+00
1.1172221827E+02	5.2966663378E+00	5.2769441163E+00
1.1188888493E+02	5.3183330037E+00	5.2905552269E+00
1.1205555159E+02	5.3377774475E+00	5.3088885596E+00
1.1222221825E+02	5.3544441136E+00	5.3313885588E+00
1.1238888491E+02	5.3727774463E+00	5.3555552246E+00
1.1256249602E+02	5.3963885565E+00	5.3797218905E+00
1.1272916268E+02	5.4247218889E+00	5.4052774451E+00
1.1289582934E+02	5.4272218888E+00	5.4269441110E+00
1.1306249600E+02	5.4333329997E+00	5.4411107772E+00
1.1322916266E+02	5.4458329992E+00	5.4619441098E+00
1.1340277377E+02	5.4644441097E+00	5.4899996643E+00
1.1356944043E+02	5.4897218866E+00	5.5280552185E+00
1.1373610709E+02	5.5213885521E+00	5.5747218836E+00
1.1390277375E+02	5.5569441064E+00	5.6227774374E+00
1.1406944041E+02	5.5944441051E+00	5.6649996581E+00
1.1424305151E+02	5.6349996592E+00	5.6997218791E+00
1.1440971818E+02	5.6819441020E+00	5.7274996559E+00
1.1457638484E+02	5.7186107674E+00	5.7419440999E+00
1.1474305150E+02	5.7302774336E+00	5.7630552102E+00
1.1490971816E+02	5.7394441000E+00	5.7883329871E+00
1.1508332926E+02	5.7536107661E+00	5.8138885418E+00
1.1524999592E+02	5.7788885430E+00	5.8372218743E+00
1.1541666258E+02	5.8177774305E+00	5.8605552068E+00
1.1558332925E+02	5.8655552066E+00	5.8874996503E+00
1.1574999591E+02	5.9149996493E+00	5.9222218713E+00
1.1591666257E+02	5.9602774255E+00	5.9636107587E+00
1.1609027367E+02	6.0024996462E+00	6.0049996461E+00
1.1625694033E+02	6.0366663117E+00	6.0238885343E+00
1.1642360699E+02	6.0669440884E+00	6.0513885334E+00
1.1659027365E+02	6.0988885317E+00	6.0844440877E+00
1.1675694031E+02	6.1336107527E+00	6.1188885310E+00
1.1693055142E+02	6.1699996403E+00	6.1527774187E+00
1.1709721808E+02	6.2047218613E+00	6.1863885286E+00
1.1726388474E+02	6.2361107491E+00	6.2213885273E+00
1.1743055140E+02	6.2641663036E+00	6.2544440817E+00
1.1759721806E+02	6.2594440816E+00	6.2538885262E+00
1.1777082917E+02	6.2549996373E+00	6.2558329706E+00
1.1793749583E+02	6.2572218594E+00	6.2644440814E+00
1.1810416249E+02	6.2644440814E+00	6.2819440808E+00
1.1827082915E+02	6.2769440809E+00	6.3083329687E+00
1.1843749581E+02	6.2947218581E+00	6.3369440788E+00
1.1861110692E+02	6.3172218573E+00	6.3613885224E+00
1.1877777358E+02	6.3427774119E+00	6.3797218551E+00
1.1894444024E+02	6.3686107444E+00	6.3741662997E+00
1.1911110690E+02	6.3961107434E+00	6.3747218553E+00
1.1927777356E+02	6.4197218537E+00	6.3849996327E+00
1.1945138466E+02	6.4374996308E+00	6.3997218544E+00
1.1961805132E+02	6.4552774080E+00	6.4149996316E+00
1.1978471799E+02	6.4730551851E+00	6.4305551866E+00
1.1995138465E+02	6.4883329624E+00	6.4494440748E+00
1.2011805131E+02	6.4983329620E+00	6.4730551851E+00
1.2028471797E+02	6.5069440728E+00	6.4994440731E+00
1.2045832907E+02	6.5077774061E+00	6.4983329620E+00
1.2062499573E+02	6.4966662954E+00	6.4963885176E+00
1.2079166239E+02	6.4916662956E+00	6.5058329617E+00
1.2095832905E+02	6.4958329621E+00	6.5272218499E+00
1.2112499572E+02	6.5113885171E+00	6.5577774043E+00
1.2129860682E+02	6.5377774050E+00	6.5919440698E+00
1.2146527348E+02	6.5727774038E+00	6.6286107352E+00
1.2163194014E+02	6.6138885135E+00	6.6702774004E+00
1.2179860680E+02	6.6588885119E+00	6.7163885098E+00
1.2196527346E+02	6.7052773991E+00	6.7522218419E+00
1.2213888457E+02	6.7338885092E+00	6.7577773973E+00
1.2230555123E+02	6.7591662861E+00	6.7716662857E+00
1.2247221789E+02	6.7838885075E+00	6.7983329514E+00
1.2263888455E+02	6.8022218401E+00	6.8352773945E+00
1.2280555121E+02	6.8130551731E+00	6.8761107264E+00
1.2297916232E+02	6.8241662838E+00	6.9158329472E+00
1.2314582898E+02	6.8486107274E+00	6.9502773905E+00
1.2331249564E+02	6.8947218369E+00	6.9791662783E+00
1.2347916230E+02	6.9577773902E+00	7.0091662773E+00
1.2364582896E+02	7.0172218325E+00	7.0483329425E+00
1.2381944006E+02	7.0322218320E+00	7.0724996084E+00
1.2398610673E+02	7.0497218314E+00	7.0824996080E+00
1.2415277339E+02	7.0783329415E+00	7.0883329411E+00
1.2431944005E+02	7.1174996068E+00	7.1030551628E+00
1.2448610671E+02	7.1599996053E+00	7.1311107174E+00
1.2465277337E+02	7.2024996038E+00	7.1636107162E+00
1.2482638447E+02	7.2449996023E+00	7.1922218263E+00
1.2499305113E+02	7.2872218230E+00	7.2119440479E+00
1.2515971780E+02	7.3130551554E+00	7.2144440478E+00
1.2532638446E+02	7.3038884891E+00	7.2247218252E+00
1.2549305112E+02	7.2894440451E+00	7.2377773803E+00
1.2566666222E+02	7.2752773790E+00	7.2508329354E+00
1.2583332888E+02	7.2697218236E+00	7.2669440459E+00
1.2599999554E+02	7.2766662678E+00	7.2888884896E+00
1.2616666220E+02	7.2927773783E+00	7.3161107109E+00
1.2633332886E+02	7.3158329331E+00	7.3449995987E+00
1.2650693997E+02	7.3436107099E+00	7.3538884873E+00
1.2667360663E+02	7.3566662650E+00	7.3402773767E+00
1.2684027329E+02	7.3494440430E+00	7.3355551546E+00
1.2700693995E+02	7.3516662651E+00	7.3408329322E+00
1.2717360661E+02	7.3686107090E+00	7.3558329317E+00
1.2734721772E+02	7.3969440413E+00	7.3788884864E+00
1.2751388438E+02	7.4252773737E+00	7.4044440411E+00
1.2768055104E+02	7.4466662618E+00	7.4258329292E+00
1.2784721770E+02	7.4386107065E+00	7.4405551509E+00
1.2801388436E+02	7.4052773744E+00	7.4397218176E+00
1.2818055102E+02	7.3811107086E+00	7.4419440397E+00
1.2835416213E+02	7.3702773756E+00	7.4449995952E+00
1.2852082879E+02	7.3699995978E+00	7.4513884838E+00
1.2868749545E+02	7.3772218198E+00	7.4666662611E+00
1.2885416211E+02	7.3911107082E+00	7.4922218157E+00
1.2902082877E+02	7.4158329295E+00	7.5274995923E+00
1.2919443987E+02	7.4524995949E+00	7.5677773686E+00
1.2936110654E+02	7.4969440378E+00	7.6066662561E+00
1.2952777320E+02	7.5430551473E+00	7.6386106994E+00
1.2969443986E+02	7.5747218128E+00	7.6569440321E+00
1.2986110652E+02	7.5894440345E+00	7.6738884760E+00
1.3003471762E+02	7.6130551448E+00	7.6874995866E+00
1.3020138428E+02	7.6466662547E+00	7.6999995862E+00
1.3036805094E+02	7.6855551422E+00	7.7155551412E+00
1.3053471761E+02	7.7224995854E+00	7.7386106959E+00
1.3070138427E+02	7.7516662510E+00	7.7677773615E+00
1.3087499537E+02	7.7752773613E+00	7.8005551382E+00
1.3104166203E+02	7.8024995825E+00	7.8252773595E+00
1.3120832869E+02	7.8458329143E+00	7.8505551364E+00
1.3137499535E+02	7.8922218016E+00	7.8863884685E+00
1.3154166201E+02	7.9272218003E+00	7.9324995779E+00
1.3171527312E+02	7.9502773551E+00	7.9794440207E+00
1.3188193978E+02	7.9649995768E+00	8.0183329082E+00
1.3204860644E+02	7.9824995762E+00	8.0452773517E+00
1.3221527310E+02	8.0091662419E+00	8.0633329066E+00
1.3238193976E+02	8.0430551296E+00	8.0858329058E+00
1.3254860642E+02	8.0802773505E+00	8.1036106830E+00
1.3272221753E+02	8.1205551268E+00	8.1052773496E+00
1.3288888419E+02	8.1533329035E+00	8.1055551274E+00
1.3305555085E+02	8.1730551250E+00	8.1127773493E+00
1.3322221751E+02	8.1855551245E+00	8.1280551266E+00
1.3338888417E+02	8.1911106799E+00	8.1480551259E+00
1.3356249528E+02	8.1913884577E+00	8.1724995694E+00
1.3372916194E+02	8.1936106798E+00	8.2008329018E+00
1.3389582860E+02	8.2097217904E+00	8.2347217895E+00
1.3406249526E+02	8.2411106781E+00	8.2580551220E+00
1.3422916192E+02	8.2483329001E+00	8.2594440108E+00
1.3440277302E+02	8.2477773446E+00	8.2563884554E+00
1.3456943968E+02	8.2477773446E+00	8.2549995665E+00
1.3473610635E+02	8.2508329000E+00	8.2602773441E+00
1.3490277301E+02	8.2599995664E+00	8.2738884548E+00
1.3506943967E+02	8.2805551212E+00	8.2938884540E+00
1.3524305077E+02	8.3127773423E+00	8.3186106754E+00
1.3540971743E+02	8.3411106746E+00	8.3491662299E+00
1.3557638409E+02	8.3255551196E+00	8.3666662292E+00
1.3574305075E+02	8.3074995647E+00	8.3616662294E+00
1.3590971741E+02	8.2913884541E+00	8.3649995626E+00
1.3608332852E+02	8.2816662323E+00	8.3761106734E+00
1.3624999518E+02	8.2791662323E+00	8.3961106727E+00
1.3641666184E+02	8.2836106766E+00	8.4255551161E+00
1.3658332850E+02	8.2966662317E+00	8.4619440037E+00
1.3674999516E+02	8.3180551199E+00	8.4997217801E+00
1.3691666182E+02	8.3427773412E+00	8.5324995567E+00
1.3709027293E+02	8.3549995630E+00	8.5341662233E+00
1.3725693959E+02	8.3774995622E+00	8.5458328896E+00
1.3742360625E+02	8.4066662278E+00	8.5686106665E+00
1.3759027291E+02	8.4383328934E+00	8.5974995544E+00
1.3775693957E+02	8.4697217812E+00	8.6249995534E+00
1.3793055068E+02	8.5019440022E+00	8.6419439973E+00
1.3809721734E+02	8.5386106676E+00	8.6455551083E+00
1.3826388400E+02	8.5816662216E+00	8.6408328862E+00
1.3843055066E+02	8.6274995534E+00	8.6380551085E+00
1.3859721732E+02	8.6374995530E+00	8.6458328860E+00
1.3877082842E+02	8.6580551078E+00	8.6636106632E+00
1.3893749509E+02	8.6972217731E+00	8.6883328845E+00
1.3910416175E+02	8.7502773268E+00	8.7102773282E+00
1.3927082841E+02	8.8041662138E+00	8.7408328827E+00
1.3943749507E+02	8.8472217678E+00	8.7797217702E+00
1.3961110617E+02	8.8752773224E+00	8.8269439907E+00
1.3977777283E+02	8.8922217662E+00	8.8788884334E+00
1.3994443949E+02	8.9052773213E+00	8.9305550982E+00
1.4011110616E+02	8.9211106541E+00	8.9763884299E+00
1.4027777282E+02	8.9411106534E+00	9.0105550954E+00
1.4045138392E+02	8.9672217636E+00	9.0241662060E+00
1.4061805058E+02	8.9899995405E+00	9.0486106496E+00
1.4078471724E+02	9.0063884288E+00	9.0788884263E+00
1.4095138390E+02	9.0236106505E+00	9.1122217584E+00
1.4111805056E+02	9.0436106497E+00	9.1447217573E+00
1.4128471722E+02	9.0691662044E+00	9.1666662010E+00
1.4145832833E+02	9.0974995367E+00	9.1755550895E+00
1.4162499499E+02	9.1169439805E+00	9.1813884227E+00
1.4179166165E+02	9.1238884247E+00	9.1974995332E+00
1.4195832831E+02	9.1397217575E+00	9.2302773098E+00
1.4212499497E+02	9.1597217568E+00	9.2572217533E+00
1.4229860608E+02	9.1747217562E+00	9.2816661969E+00
1.4246527274E+02	9.1844439781E+00	9.3033328628E+00
1.4263193940E+02	9.1947217555E+00	9.3186106400E+00
1.4279860606E+02	9.2072217551E+00	9.3280550841E+00
1.4296527272E+02	9.2199995324E+00	9.3361106394E+00
1.4313888383E+02	9.2369439762E+00	9.3458328613E+00
1.4330555049E+02	9.2491661980E+00	9.3597217497E+00
1.4347221715E+02	9.2469439759E+00	9.3713884159E+00
1.4363888381E+02	9.2416661983E+00	9.3705550826E+00
1.4380555047E+02	9.2308328653E+00	9.3813884156E+00
1.4397916157E+02	9.2169439769E+00	9.4069439702E+00
1.4414582823E+02	9.2108328661E+00	9.4405550802E+00
1.4431249490E+02	9.2222217545E+00	9.4761106344E+00
1.4447916156E+02	9.2530550868E+00	9.5144439664E+00
1.4464582822E+02	9.2986106407E+00	9.5563884094E+00
1.4481943932E+02	9.3447217502E+00	9.5672217423E+00
1.4498610598E+02	9.3549995276E+00	9.5741661865E+00
1.4515277264E+02	9.3677773049E+00	9.5847217417E+00
1.4531943930E+02	9.3874995265E+00	9.6044439632E+00
1.4548610597E+02	9.4197217476E+00	9.6302772957E+00
1.4565277263E+02	9.4669439681E+00	9.6547217392E+00
1.4582638373E+02	9.5236106328E+00	9.6772217384E+00
1.4599305039E+02	9.5808328530E+00	9.6966661822E+00
1.4615971705E+02	9.6269439624E+00	9.7099995151E+00
1.4632638371E+02	9.6322217400E+00	9.7002772932E+00
1.4649305037E+02	9.6344439622E+00	9.5886106305E+00
1.4666666148E+02	9.6422217397E+00	9.5644439647E+00
1.4683332814E+02	9.6613884057E+00	9.4691661903E+00
1.4699999480E+02	9.6958328489E+00	9.4888884118E+00
1.4716666146E+02	9.7422217361E+00	9.3936106374E+00
1.4733332812E+02	9.7913884011E+00	9.4708328569E+00
1.4750693923E+02	9.8349995106E+00	9.3680550827E+00
1.4767360589E+02	9.8716661760E+00	9.4866661896E+00
1.4784027255E+02	9.8847217311E+00	9.3952773040E+00
1.4800693921E+02	9.8947217308E+00	9.5447217431E+00
1.4817360587E+02	9.9019439527E+00	9.4683328569E+00
1.4834721698E+02	9.9099995080E+00	9.6452772951E+00
1.4851388364E+02	9.9205550632E+00	9.5891661860E+00
1.4868055030E+02	9.9316661739E+00	9.7861106235E+00
1.4884721696E+02	9.9413883958E+00	9.7527772913E+00
1.4901388362E+02	9.9505550621E+00	9.9672217282E+00
1.4918055028E+02	9.9441661734E+00	9.9797217277E+00
1.4935416138E+02	9.9305550628E+00	1.0164721721E+01
1.4952082804E+02	9.9319439517E+00	1.0225555052E+01
1.4968749471E+02	9.9491661733E+00	1.0239721719E+01
1.5036330609E+02	1.0007652975E+01	1.0064608401E+01
1.5145322434E+02	1.0192669963E+01	1.0225130229E+01
1.5199818347E+02	1.0192585865E+01	1.0255236171E+01
1.5399636694E+02	1.0408326886E+01	1.0422660426E+01
1.5417801998E+02	1.0470027248E+01	1.0474905623E+01
1.5490463215E+02	1.0469915116E+01	1.0488326117E+01
1.5599455041E+02	1.0685796302E+01	1.0706401202E+01
1.5690281562E+02	1.0809112928E+01	1.0868182355E+01
1.5799273388E+02	1.0994129916E+01	1.1008856789E+01
1.5890099909E+02	1.1179174936E+01	1.1246602069E+01
1.6017257039E+02	1.1333299694E+01	1.1367833624E+01
1.6108083560E+02	1.1734394097E+01	1.1800789185E+01
1.6289736603E+02	1.1919298954E+01	1.1972992844E+01
1.6471389646E+02	1.2104203810E+01	1.2131850916E+01
1.6525885559E+02	1.2258440699E+01	1.2347407267E+01
1.6634877384E+02	1.2443457687E+01	1.2533073369E+01
1.6780199818E+02	1.2721011202E+01	1.2808267766E+01
1.6871026340E+02	1.3029513013E+01	1.3072301506E+01
1.7052679382E+02	1.3183553672E+01	1.3202624175E+01
1.7161671208E+02	1.3399434857E+01	1.3400646279E+01
1.7216167121E+02	1.3430214956E+01	1.3471809788E+01
1.7343324251E+02	1.3615203911E+01	1.3701003116E+01
1.7470481381E+02	1.3738464471E+01	1.3744813129E+01
1.7524977293E+02	1.4077886545E+01	1.4165917861E+01
1.7543142598E+02	1.4139586908E+01	1.4147577418E+01
1.7670299728E+02	1.4231983270E+01	1.4277978166E+01
1.7833787466E+02	1.4478644554E+01	1.4564450488E+01
1.7942779292E+02	1.4817982530E+01	1.4853953558E+01
1.7997275204E+02	1.4910491024E+01	1.4944370231E+01
1.8069936421E+02	1.5064699880E+01	1.5133065703E+01
1.8124432334E+02	1.5218936769E+01	1.5299547197E+01
1.8197093551E+02	1.5311417230E+01	1.5341521411E+01
1.8215258856E+02	1.5589166975E+01	1.5614319026E+01
1.8287920073E+02	1.5835968424E+01	1.5902198451E+01
1.8378746594E+02	1.6113606037E+01	1.6123035207E+01
1.8378746594E+02	1.5990149247E+01	1.6015189835E+01
1.8415077203E+02	1.5650587008E+01	1.5685560971E+01
1.8487738420E+02	1.5280104507E+01	1.5364350183E+01
1.8524069028E+02	1.4909678070E+01	1.4953731544E+01
1.8578564941E+02	1.4786137182E+01	1.4809272622E+01
1.8578564941E+02	1.4909593972E+01	1.4922875959E+01
1.8614895550E+02	1.5218179881E+01	1.5257032410E+01
1.8596730245E+02	1.5434257297E+01	1.5472628212E+01
1.8651226158E+02	1.5742815174E+01	1.5818421803E+01
1.8651226158E+02	1.5866271964E+01	1.5890008083E+01
1.8723887375E+02	1.6236530203E+01	1.6250600107E+01
1.8760217984E+02	1.6390795125E+01	1.6466310299E+01
1.8778383288E+02	1.6483359684E+01	1.6546393979E+01
1.8815971557E+02	1.6567221495E+01	1.6332777059E+01
1.8832638223E+02	1.6521665941E+01	1.6264443728E+01
1.8849304889E+02	1.6408332611E+01	1.6187221508E+01
1.8866665999E+02	1.6240832617E+01	1.6043888180E+01
1.8883332665E+02	1.5861943742E+01	1.5607777084E+01
1.8899999331E+02	1.4658332673E+01	1.4456943792E+01
1.8916665998E+02	1.3408888273E+01	1.3276388278E+01
1.8933332664E+02	1.2440554974E+01	1.2343610533E+01
1.8950693774E+02	1.1723332777E+01	1.1598055004E+01
1.8967360440E+02	1.1272221682E+01	1.0935277250E+01
1.8984027106E+02	1.0986110581E+01	1.0454721711E+01
1.9000693772E+02	1.0754999478E+01	1.0159166166E+01
1.9017360438E+02	1.0508888376E+01	1.0013332838E+01
1.9034721549E+02	1.0357499492E+01	9.9061106192E+00
1.9051388215E+02	1.0285277272E+01	9.8647217318E+00
1.9068054881E+02	1.0221110608E+01	9.8361106217E+00
1.9084721547E+02	1.0258610607E+01	9.8874995088E+00
1.9101388213E+02	1.0325277271E+01	1.0584990713E+01
1.9118054879E+02	1.0458055044E+01	1.0704488336E+01
1.9135415990E+02	1.0647221704E+01	1.0960738219E+01
1.9152082656E+02	1.0829166142E+01	1.1114317024E+01
1.9168749322E+02	1.0886666140E+01	1.1146346482E+01
1.9185415988E+02	1.1033888357E+01	1.1347774013E+01
1.9202082654E+02	1.1254166127E+01	1.1481910290E+01
1.9219443765E+02	1.1476943897E+01	1.1704501314E+01
1.9236110431E+02	1.1711110555E+01	1.1792777228E+01
1.9252777097E+02	1.1953610547E+01	1.1980277217E+01
1.9269443763E+02	1.2177777206E+01	1.2239443875E+01
1.9286110429E+02	1.2411110531E+01	1.2454721649E+01
1.9303471539E+02	1.2572221636E+01	1.2583332756E+01
1.9320138206E+02	1.2713888298E+01	1.2736388306E+01
1.9336804872E+02	1.2891666069E+01	1.2948332755E+01
1.9353471538E+02	1.3062777174E+01	1.3382436840E+01
1.9370138204E+02	1.3183610503E+01	1.3226388301E+01
1.9387499314E+02	1.3314721610E+01	1.3321388285E+01
1.9404165980E+02	1.3415554940E+01	1.3446943837E+01
1.9420832646E+02	1.3481943826E+01	1.3487777168E+01
1.9437499312E+02	1.3525832713E+01	1.3534721611E+01
1.9454165979E+02	1.3534999380E+01	1.3600832720E+01
1.9471527089E+02	1.3560554934E+01	1.3690277161E+01
1.9488193755E+02	1.3602777155E+01	1.3625277159E+01
1.9504860421E+02	1.3656943820E+01	1.3777777158E+01
1.9521527087E+02	1.3713610485E+01	1.3823610490E+01
1.9538193753E+02	1.3741943817E+01	1.3764999376E+01
1.9554860419E+02	1.3769443816E+01	1.3804166042E+01
1.9572221530E+02	1.3811943814E+01	1.3834999374E+01
1.9588888196E+02	1.3843054924E+01	1.3844999373E+01
1.9605554862E+02	1.3870832701E+01	1.3984721595E+01
1.9622221528E+02	1.3888332701E+01	1.4011388261E+01
1.9638888194E+02	1.3890277145E+01	1.3902221594E+01
1.9656249305E+02	1.3892499367E+01	1.3916110482E+01
1.9672915971E+02	1.3909443811E+01	1.3951943814E+01
1.9689582637E+02	1.3928054921E+01	1.3999999368E+01
1.9706249303E+02	1.3947777143E+01	1.4012221590E+01
1.9722915969E+02	1.3981388253E+01	1.4004999368E+01
1.9740277080E+02	1.4028888251E+01	1.4135277146E+01
1.9756943746E+02	1.4081388249E+01	1.4136110479E+01
1.9773610412E+02	1.4134721581E+01	1.4164443811E+01
1.9790277078E+02	1.4190277134E+01	1.4202777143E+01
1.9806943744E+02	1.4234721577E+01	1.4234721586E+01
1.9824304854E+02	1.4254443799E+01	1.4258332697E+01
1.9840971520E+02	1.4242221577E+01	1.4286388251E+01
1.9857638187E+02	1.4207221578E+01	1.4314999361E+01
1.9874304853E+02	1.4178332690E+01	1.4203888250E+01
1.9890971519E+02	1.4176388246E+01	1.4219999360E+01
1.9908332629E+02	1.4198610467E+01	1.4223332693E+01
1.9924999295E+02	1.4228332689E+01	1.4354166027E+01
1.9941665961E+02	1.4260832687E+01	1.4368888248E+01
1.9958332627E+02	1.4311110463E+01	1.4387221581E+01
1.9974999293E+02	1.4391110461E+01	1.4477221590E+01
1.9991665960E+02	1.4483332680E+01	1.4716296708E+01
2.0009027070E+02	1.4554721566E+01	1.4795480861E+01
2.0025693736E+02	1.4581388232E+01	1.4856942121E+01
2.0042360402E+02	1.4582499343E+01	1.4895314816E+01
2.0059027068E+02	1.4611388231E+01	1.4908006375E+01
2.0075693734E+02	1.4650277118E+01	1.4901802454E+01
2.0093054845E+02	1.4682221561E+01	1.4926114385E+01
2.0109721511E+02	1.4717221560E+01	1.4947771532E+01
2.0126388177E+02	1.4755554892E+01	1.5022685667E+01
2.0143054843E+02	1.4806110446E+01	1.5088066302E+01
2.0159721509E+02	1.4863888222E+01	1.5168136997E+01
2.0177082620E+02	1.4905832665E+01	1.5161551093E+01
2.0193749286E+02	1.4916388220E+01	1.5152328405E+01
2.0210415952E+02	1.4908888220E+01	1.5143765764E+01
2.0227082618E+02	1.4914999331E+01	1.5176867536E+01
2.0243749284E+02	1.4953332663E+01	1.5266493272E+01
2.0261110394E+02	1.5018332661E+01	1.5318083489E+01
2.0277777061E+02	1.5091110436E+01	1.5400019343E+01
2.0294443727E+02	1.5144999323E+01	1.5446793061E+01
2.0311110393E+02	1.5164165989E+01	1.5433369731E+01
2.0327777059E+02	1.5140554879E+01	1.5380077199E+01
2.0345138169E+02	1.5123054879E+01	1.5394033151E+01
2.0361804835E+02	1.5117777102E+01	1.5130554900E+01
2.0378471501E+02	1.5139721545E+01	1.5223054897E+01
2.0395138167E+02	1.5169443766E+01	1.5204721552E+01
2.0411804834E+02	1.5191665988E+01	1.5278610438E+01
2.0428471500E+02	1.5217221542E+01	1.5343610436E+01
2.0445832610E+02	1.5237221542E+01	1.5261943768E+01
2.0462499276E+02	1.5248054875E+01	1.5310277099E+01
2.0479165942E+02	1.5314165984E+01	1.5357777098E+01
2.0495832608E+02	1.5417499313E+01	1.5514443763E+01
2.0512499274E+02	1.5518610421E+01	1.5519165985E+01
2.0529860385E+02	1.5545277086E+01	1.5839815971E+01
2.0546527051E+02	1.5543332642E+01	1.5830253886E+01
2.0563193717E+02	1.5550277086E+01	1.5803523066E+01
2.0579860383E+02	1.5572221530E+01	1.5829667041E+01
2.0596527049E+02	1.5611388195E+01	1.5856978532E+01
2.0613888160E+02	1.5657499305E+01	1.5952330787E+01
2.0630554826E+02	1.5686388193E+01	1.5995346244E+01
2.0647221492E+02	1.5688054859E+01	1.5707499325E+01
2.0663888158E+02	1.5693610415E+01	1.5709165991E+01
2.0680554824E+02	1.5737777080E+01	1.6049045605E+01
2.0697915935E+02	1.5790554856E+01	1.6036551048E+01
2.0714582601E+02	1.5887777074E+01	1.6165953743E+01
2.0731249267E+02	1.5963054849E+01	1.6213102243E+01
2.0747915933E+02	1.5996110404E+01	1.6221301116E+01
2.0764582599E+02	1.5993610404E+01	1.5996943759E+01
2.0781943709E+02	1.6002221515E+01	1.6006665981E+01
2.0798610375E+02	1.6017499292E+01	1.6040832646E+01
2.0815277042E+02	1.6047777069E+01	1.6122221532E+01
2.0831943708E+02	1.6093332623E+01	1.6112777076E+01
2.0848610374E+02	1.6172499286E+01	1.6182499295E+01
2.0865277040E+02	1.6238054840E+01	1.6244443738E+01
2.0882638150E+02	1.6326943725E+01	1.6408610411E+01
2.0899304816E+02	1.6421388167E+01	1.6445554842E+01
2.0915971482E+02	1.6501943719E+01	1.6565277060E+01
2.0932638148E+02	1.6558610384E+01	1.6580554837E+01
2.0949304815E+02	1.6590832605E+01	1.6634721514E+01
2.0966665925E+02	1.6603332605E+01	1.6643332625E+01
2.0983332591E+02	1.6603332605E+01	1.6620554835E+01
2.0999999257E+02	1.6597499271E+01	1.6639721501E+01
2.1016665923E+02	1.6582499272E+01	1.6694721499E+01
2.1033332589E+02	1.6561665939E+01	1.6614165942E+01
2.1050693700E+02	1.6562777050E+01	1.6623610386E+01
2.1067360366E+02	1.6608054827E+01	1.6631665942E+01
2.1084027032E+02	1.6674999269E+01	1.6767499275E+01
2.1100693698E+02	1.6724721489E+01	1.6810277051E+01
2.1117360364E+02	1.6760832599E+01	1.6886388159E+01
2.1134721475E+02	1.6818610375E+01	1.6943610380E+01
2.1151388141E+02	1.6907499260E+01	1.6957221490E+01
2.1168054807E+02	1.7004721479E+01	1.7064165943E+01
2.1184721473E+02	1.7099999254E+01	1.7351954539E+01
2.1201388139E+02	1.7196943695E+01	1.7512092034E+01
2.1218054805E+02	1.7268610359E+01	1.7278610380E+01
2.1235415916E+02	1.7310277024E+01	1.7321665922E+01
2.1252082582E+02	1.7367777022E+01	1.7396943697E+01
2.1268749248E+02	1.7425832575E+01	1.7458610361E+01
2.1285415914E+02	1.7463888130E+01	1.7524443692E+01
2.1302082580E+02	1.7483332573E+01	1.7586110357E+01
2.1319443690E+02	1.7505554795E+01	1.7622221467E+01
2.1336110356E+02	1.7554443682E+01	1.7634999244E+01
2.1352777023E+02	1.7576943681E+01	1.7648888132E+01
2.1369443689E+02	1.7625554791E+01	1.7686110353E+01
2.1386110355E+02	1.7679165900E+01	1.7699721464E+01
2.1403471465E+02	1.7741665898E+01	1.7808332584E+01
2.1420138131E+02	1.7766388119E+01	1.7771110350E+01
2.1436804797E+02	1.7764165897E+01	1.7815832571E+01
2.1453471463E+02	1.7789721452E+01	1.7879165902E+01
2.1470138129E+02	1.7822499228E+01	1.7833332566E+01
2.1487499240E+02	1.7899999225E+01	1.8017499230E+01
2.1504165906E+02	1.8009999221E+01	1.8051110340E+01
2.1520832572E+02	1.8063332553E+01	1.8111943672E+01
2.1537499238E+02	1.8073332553E+01	1.8080554779E+01
2.1554165904E+02	1.8041943665E+01	1.8056110331E+01
2.1571527015E+02	1.8004721444E+01	1.8107221440E+01
2.1588193681E+02	1.7992499222E+01	1.8113332551E+01
2.1604860347E+02	1.8016388110E+01	1.8124721440E+01
2.1621527013E+02	1.8070554775E+01	1.8122776995E+01
2.1638193679E+02	1.8130554773E+01	1.8148610328E+01
2.1654860345E+02	1.8169721438E+01	1.8208332548E+01
2.1672221456E+02	1.8185276993E+01	1.8269721435E+01
2.1688888122E+02	1.8206665881E+01	1.8309721433E+01
2.1705554788E+02	1.8256110324E+01	1.8334999210E+01
2.1722221454E+02	1.8292499211E+01	1.8361110320E+01
2.1738888120E+02	1.8258332546E+01	1.8390554764E+01
2.1756249230E+02	1.8200832548E+01	1.8414721429E+01
2.1772915897E+02	1.8168888105E+01	1.8429165873E+01
2.1789582563E+02	1.8199721437E+01	1.8447499206E+01
2.1806249229E+02	1.8281665879E+01	1.8473332538E+01
2.1822915895E+02	1.8393610319E+01	1.8518888092E+01
2.1840277005E+02	1.8512776981E+01	1.8566388091E+01
2.1856943671E+02	1.8624721422E+01	1.8743610311E+01
2.1873610337E+02	1.8705276975E+01	1.8794165865E+01
2.1890277004E+02	1.8753888084E+01	1.8855554752E+01
2.1906943670E+02	1.8792776972E+01	1.8911388083E+01
2.1924304780E+02	1.8838332526E+01	1.8963332526E+01
2.1940971446E+02	1.8901665857E+01	1.9024165857E+01
2.1957638112E+02	1.8969999188E+01	1.8971665854E+01
2.1974304778E+02	1.9029165852E+01	1.9150832519E+01
2.1990971444E+02	1.9075276962E+01	1.9165276963E+01
2.2008332555E+02	1.9108610294E+01	1.9194165851E+01
2.2024999221E+02	1.9137221404E+01	1.9241665849E+01
2.2041665887E+02	1.9186943624E+01	1.9269443626E+01
2.2058332553E+02	1.9252776955E+01	1.9294721403E+01
2.2074999219E+02	1.9346665841E+01	1.9349443623E+01
2.2091665885E+02	1.9479999169E+01	1.9509443622E+01
2.2109026996E+02	1.9611388054E+01	1.9928883383E+01
2.2125693662E+02	1.9699721384E+01	2.0006976404E+01
2.2142360328E+02	1.9769999159E+01	2.0081923435E+01
2.2159026994E+02	1.9844165823E+01	2.0074792186E+01
2.2175693660E+02	1.9932776931E+01	2.0175114110E+01
2.2193054771E+02	2.0007776929E+01	2.0245743419E+01
2.2209721437E+02	2.0025554706E+01	2.0275409732E+01
2.2226388103E+02	2.0010554706E+01	2.0316654301E+01
2.2243054769E+02	2.0006388040E+01	2.0258130563E+01
2.2259721435E+02	2.0040554705E+01	2.0357060728E+01
2.2277082545E+02	2.0103054703E+01	2.0401114264E+01
2.2293749211E+02	2.0154165812E+01	2.0470664445E+01
2.2310415878E+02	2.0196943589E+01	2.0496702889E+01
2.2327082544E+02	2.0273054697E+01	2.0522776150E+01
2.2343749210E+02	2.0378332471E+01	2.0644743227E+01
2.2361110320E+02	2.0361943583E+01	2.0389165826E+01
2.2377776986E+02	2.0300554696E+01	2.0387499147E+01
2.2394443652E+02	2.0249999142E+01	2.0260276924E+01
2.2411110318E+02	2.0248054698E+01	2.0360832481E+01
2.2427776984E+02	2.0259721364E+01	2.0350832481E+01
2.2445138095E+02	2.0311388029E+01	2.0376665814E+01
2.2461804761E+02	2.0412499137E+01	2.0422499145E+01
2.2478471427E+02	2.0529721355E+01	2.0791378447E+01
2.2495138093E+02	2.0634721351E+01	2.0881203949E+01
2.2511804759E+02	2.0720276903E+01	2.0993773026E+01
2.2528471425E+02	2.0782776901E+01	2.1023511423E+01
2.2545832536E+02	2.0824721344E+01	2.1081199900E+01
2.2562499202E+02	2.0858054676E+01	2.1088583141E+01
2.2579165868E+02	2.0898610230E+01	2.0900276919E+01
2.2595832534E+02	2.0964443561E+01	2.1249387450E+01
2.2612499200E+02	2.1036388003E+01	2.1334367175E+01
2.2629860311E+02	2.1117221334E+01	2.1403053973E+01
2.2646526977E+02	2.1176665776E+01	2.1418171328E+01
2.2663193643E+02	2.1226387997E+01	2.1472249102E+01
2.2679860309E+02	2.1295832439E+01	2.1517578243E+01
2.2696526975E+02	2.1363887992E+01	2.1640269051E+01
2.2713888085E+02	2.1426943545E+01	2.1684156879E+01
2.2730554752E+02	2.1448887989E+01	2.1733185925E+01
2.2747221418E+02	2.1424443545E+01	2.1661877779E+01
2.2763888084E+02	2.1379721325E+01	2.1639152709E+01
2.2780554750E+02	2.1355832436E+01	2.1438610233E+01
2.2797915860E+02	2.1399443546E+01	2.1448888010E+01
2.2814582526E+02	2.1499999098E+01	2.1761595133E+01
2.2831249192E+02	2.1606665761E+01	2.1894600465E+01
2.2847915859E+02	2.1712221313E+01	2.1965590125E+01
2.2864582525E+02	2.1743332423E+01	2.1989015485E+01
2.2881943635E+02	2.1764165755E+01	2.2075266965E+01
2.2898610301E+02	2.1798610199E+01	2.2091513985E+01
2.2915276967E+02	2.1828887975E+01	2.2059305370E+01
2.2931943633E+02	2.1833332420E+01	2.1886110217E+01
2.2948610299E+02	2.1819165753E+01	2.1859999095E+01
2.2965276965E+02	2.1820554642E+01	2.1893054649E+01
2.2982638076E+02	2.1800554643E+01	2.1802499092E+01
2.2999304742E+02	2.1810832420E+01	2.1864165756E+01
2.3015971408E+02	2.1843054641E+01	2.1857499090E+01
2.3032638074E+02	2.1920832416E+01	2.1958054647E+01
2.3049304740E+02	2.1960554637E+01	2.1999999102E+01
2.3066665851E+02	2.1932499083E+01	2.1933332425E+01
2.3083332517E+02	2.1921387972E+01	2.1934165759E+01
2.3099999183E+02	2.1925832416E+01	2.1985832436E+01
2.3116665849E+02	2.1942776860E+01	2.2239198973E+01
2.3133332515E+02	2.1986387970E+01	2.2304027718E+01
2.3150693626E+02	2.2058610189E+01	2.2304189475E+01
2.3167360292E+02	2.2131943520E+01	2.2352582001E+01
2.3184026958E+02	2.2166665741E+01	2.2415308806E+01
2.3200693624E+02	2.2156387964E+01	2.2449335612E+01
2.3217360290E+02	2.2132776853E+01	2.2450871891E+01
2.3234721400E+02	2.2110276854E+01	2.2181943540E+01
2.3251388066E+02	2.2072499078E+01	2.2118332419E+01
2.3268054733E+02	2.2055554634E+01	2.2164721306E+01
2.3284721399E+02	2.2088054633E+01	2.2129721303E+01
2.3301388065E+02	2.2173332408E+01	2.2237221299E+01
2.3318054731E+02	2.2271943515E+01	2.2291943519E+01
2.3335415841E+02	2.2338332402E+01	2.2387499076E+01
2.3352082507E+02	2.2331665735E+01	2.2365276854E+01
2.3368749173E+02	2.2293054626E+01	2.2349443522E+01
2.3385415840E+02	2.2256665738E+01	2.2340276855E+01
2.3402082506E+02	2.2268332404E+01	2.2352776855E+01
2.3419443616E+02	2.2310832403E+01	2.2315276856E+01
2.3436110282E+02	2.2342221290E+01	2.2582979498E+01
2.3452776948E+02	2.2389165733E+01	2.2619107219E+01
2.3469443614E+02	2.2451665731E+01	2.2730236107E+01
2.3486110280E+02	2.2505276840E+01	2.2794550711E+01
2.3503471391E+02	2.2597776837E+01	2.2884052515E+01
2.3520138057E+02	2.2696387945E+01	2.3015631717E+01
2.3536804723E+02	2.2751110165E+01	2.3066067185E+01
2.3553471389E+02	2.2767776831E+01	2.3074150134E+01
2.3570138055E+02	2.2783887942E+01	2.3083434945E+01
2.3587499166E+02	2.2782499053E+01	2.3049682579E+01
2.3604165832E+02	2.2791110163E+01	2.3108531435E+01
2.3620832498E+02	2.2838332384E+01	2.3111602290E+01
2.3637499164E+02	2.2921943492E+01	2.3182660512E+01
2.3654165830E+02	2.3034443488E+01	2.3302736263E+01
2.3671526940E+02	2.3048610154E+01	2.3310402680E+01
2.3688193607E+02	2.3061387932E+01	2.3375120819E+01
2.3704860273E+02	2.3072776820E+01	2.3386595686E+01
2.3721526939E+02	2.3125554596E+01	2.3435445167E+01
2.3738193605E+02	2.3192221260E+01	2.3492931270E+01
2.3754860271E+02	2.3225554593E+01	2.3481321786E+01
2.3772221381E+02	2.3215554593E+01	2.3452053232E+01
2.3788888047E+02	2.3202776816E+01	2.3518457749E+01
2.3805554714E+02	2.3211665704E+01	2.3480110299E+01
2.3822221380E+02	2.3226387926E+01	2.3265276835E+01
2.3838888046E+02	2.3204443482E+01	2.3275554600E+01
2.3856249156E+02	2.3198610149E+01	2.3233887930E+01
2.3872915822E+02	2.3168610150E+01	2.3191943483E+01
2.3889582488E+02	2.3168054595E+01	2.3254165703E+01
2.3906249154E+02	2.3234999037E+01	2.3299999034E+01
2.3922915820E+02	2.3322221256E+01	2.3369999032E+01
2.3940276931E+02	2.3296943479E+01	2.3484721250E+01
2.3956943597E+02	2.3231943481E+01	2.3617499023E+01
2.3973610263E+02	2.3199999038E+01	2.3724165686E+01
2.3990276929E+02	2.3215554593E+01	2.3791665684E+01
2.4006943595E+02	2.3277499035E+01	2.3813887905E+01
2.4024304706E+02	2.3387776809E+01	2.3768610129E+01
2.4040971372E+02	2.3536110137E+01	2.3654443466E+01
2.4057638038E+02	2.3681665688E+01	2.3766943472E+01
2.4074304704E+02	2.3764721240E+01	2.3992526563E+01
2.4090971370E+02	2.3771110129E+01	2.4021100333E+01
2.4108332481E+02	2.3696665687E+01	2.3927548268E+01
2.4124999147E+02	2.3659999022E+01	2.3941295193E+01
2.4141665813E+02	2.3650276800E+01	2.3706943486E+01
2.4158332479E+02	2.3669165688E+01	2.3738054584E+01
2.4174999145E+02	2.3729165686E+01	2.3824999025E+01
2.4191665811E+02	2.3824999016E+01	2.3896110134E+01
2.4209026921E+02	2.3949999011E+01	2.3982776797E+01
2.4225693588E+02	2.4074999007E+01	2.4371328283E+01
2.4242360254E+02	2.4180554559E+01	2.4485826084E+01
2.4259026920E+02	2.4219443446E+01	2.4446419604E+01
2.4275693586E+02	2.4230554557E+01	2.4543150603E+01
2.4293054696E+02	2.4233332335E+01	2.4240554566E+01
2.4309721362E+02	2.4213887891E+01	2.4329443452E+01
2.4326388028E+02	2.4191665670E+01	2.4274443449E+01
2.4343054695E+02	2.4113887894E+01	2.4177776781E+01
2.4359721361E+02	2.4047221230E+01	2.4169443448E+01
2.4377082471E+02	2.4013887898E+01	2.4133332338E+01
2.4393749137E+02	2.4013887898E+01	2.4102776784E+01
2.4410415803E+02	2.4049999008E+01	2.4111110117E+01
2.4427082469E+02	2.4102776784E+01	2.4138887894E+01
2.4443749135E+02	2.4138887894E+01	2.4155554560E+01
2.4461110246E+02	2.4149999004E+01	2.4166665670E+01
2.4477776912E+02	2.4136110116E+01	2.4169443448E+01
2.4494443578E+02	2.4097221228E+01	2.4188887892E+01
2.4511110244E+02	2.4052776786E+01	2.4219443446E+01
2.4527776910E+02	2.4055554563E+01	2.4244443445E+01
2.4545138021E+02	2.4136110116E+01	2.4252776778E+01
2.4561804687E+02	2.4263887889E+01	2.4272221222E+01
2.4578471353E+02	2.4383332329E+01	2.4435554554E+01
2.4595138019E+02	2.4413887884E+01	2.4468887887E+01
2.4611804685E+02	2.4402776773E+01	2.4493887886E+01
2.4628471351E+02	2.4397221218E+01	2.4499443441E+01
2.4645832462E+02	2.4399998995E+01	2.4493887886E+01
2.4662499128E+02	2.4413887884E+01	2.4491110108E+01
2.4679165794E+02	2.4452776771E+01	2.4507776774E+01
2.4695832460E+02	2.4533332324E+01	2.4577221216E+01
2.4712499126E+02	2.4622221210E+01	2.4704998989E+01
2.4729860236E+02	2.4699998985E+01	2.4824443429E+01
2.4746526902E+02	2.4797221204E+01	2.4816110096E+01
2.4763193569E+02	2.4808332314E+01	2.4932221208E+01
2.4779860235E+02	2.4811110092E+01	2.4932221208E+01
2.4796526901E+02	2.4847221202E+01	2.4965554540E+01
2.4813888011E+02	2.4891665645E+01	2.5009998983E+01
2.4830554677E+02	2.4908332311E+01	2.4918887871E+01
2.4847221343E+02	2.4908332311E+01	2.4938332314E+01
2.4863888009E+02	2.4902776755E+01	2.4943887870E+01
2.4880554676E+02	2.4880554534E+01	2.4960554536E+01
2.4897915786E+02	2.4844443424E+01	2.4883332312E+01
2.4914582452E+02	2.4813887870E+01	2.4966665642E+01
2.4931249118E+02	2.4797221204E+01	2.4997221197E+01
2.4947915784E+02	2.4769443427E+01	2.5019443418E+01
2.4964582450E+02	2.4730554539E+01	2.5047221195E+01
2.4981943561E+02	2.4722221206E+01	2.5058332306E+01
2.4998610227E+02	2.4799998981E+01	2.5027776751E+01
2.5015276893E+02	2.4924998977E+01	2.4969443420E+01
2.5031943559E+02	2.5019443418E+01	2.5046665644E+01
2.5048610225E+02	2.5036110084E+01	2.5132221201E+01

