94.5833299880	2.6850475700	2.6780782418
94.7499966490	2.7082961026	2.7012405743
94.9166633090	2.7315446350	2.7244029067
95.0902744140	2.7557618563	2.7485303364
95.2569410750	2.7790103889	2.7716926690
95.4236077360	2.8022589214	2.7948550015
95.5902743970	2.8255074540	2.8180173340
95.7569410570	2.8487559864	2.8411796665
95.9305521620	2.8729732077	2.8653070962
96.0972188230	2.8962217403	2.8884694287
96.2638854840	2.9194702728	2.9116317613
96.4305521450	2.9427188054	2.9347940938
96.5972188050	2.9659673378	2.9579564262
96.7708299100	2.9901845591	2.9820838559
96.9374965710	3.0134330917	3.0052461885
97.1041632320	3.0366816242	3.0284085210
97.2708298930	3.0599301568	3.0515708535
97.4374965540	3.0831786893	3.0747331861
97.6111076590	3.1073959107	3.0988606158
97.7777743190	3.1306444431	3.1220229482
97.9444409800	3.1538929756	3.1451852808
98.1111076410	3.1771415082	3.1683476133
98.2777743020	3.2003900407	3.1915099458
98.4513854070	3.2246072621	3.2156373756
98.6180520670	3.2478557945	3.2387997080
98.7847187280	3.2711043270	3.2619620405
98.9513853890	3.2943528596	3.2851243731
99.1180520500	3.3176013921	3.3082867056
99.2847187100	3.3408499245	3.3314490380
99.4583298150	3.3650671459	3.3555764677
99.6249964760	3.3883156784	3.3787388003
99.7916631370	3.4115642110	3.4019011328
99.9583297980	3.4348127435	3.4250634653
100.1249964600	3.4580612762	3.4482257980
100.2986075600	3.4822784969	3.4723532270
100.4652742200	3.5055270293	3.4955155595
100.6319408900	3.5287755631	3.5186778932
100.7986075500	3.5520240955	3.5418402257
100.9652742100	3.5752726279	3.5650025581
101.1388853100	3.5994898486	3.5891299871
101.3055519700	3.6227383810	3.6122923195
101.4722186300	3.6459869134	3.6354546519
101.6388852900	3.6692354458	3.6586169843
101.8055519500	3.6924839782	3.6817793167
101.9791630600	3.7167012002	3.7059067471
102.1458297200	3.7399497326	3.7290690795
102.3124963800	3.7631982650	3.7522314119
102.4791630400	3.7864467974	3.7753937443
102.6458297000	3.8096953298	3.7985560767
102.8194408100	3.8339125519	3.8226835071
102.9861074700	3.8571610843	3.8458458395
103.1527741300	3.8804096167	3.8690081719
103.3194407900	3.9036581491	3.8921705043
103.4861074500	3.9269066815	3.9153328368
103.6527741100	3.9501552139	3.9384951692
103.8263852200	3.9743724360	3.9626225996
103.9930518800	3.9976209684	3.9857849320
104.1597185400	4.0208695008	4.0089472644
104.3263852000	4.0441180332	4.0321095968
104.4930518600	4.0673665656	4.0552719292
104.6666629600	4.0915837863	4.0793993582
104.8333296300	4.1148323201	4.1025616920
104.9999962900	4.1380808525	4.1257240244
105.1666629500	4.1613293849	4.1488863568
105.3333296100	4.1845779173	4.1720486892
105.5069407100	4.2087951380	4.1961761182
105.6736073700	4.2320436704	4.2193384506
105.8402740300	4.2552922028	4.2425007830
106.0069406900	4.2785407352	4.2656631155
106.1736073600	4.3017892690	4.2888254492
106.3472184600	4.3260064896	4.3129528783
106.5138851200	4.3492550221	4.3361152107
106.6805517800	4.3725035545	4.3592775431
106.8472184400	4.3957520869	4.3824398755
107.0138851000	4.4190006193	4.4056022079
107.1805517600	4.4422491517	4.4287645403
107.3541628700	4.4664663737	4.4528919707
107.5208295300	4.4897149061	4.4760543031
107.6874961900	4.5129634385	4.4992166355
107.8541628500	4.5362119709	4.5223789679
108.0208295100	4.5594605033	4.5455413003
108.1944406200	4.5836777254	4.5696687307
108.3611072800	4.6069262578	4.5928310631
108.5277739400	4.6301747902	4.6159933955
108.6944406000	4.6534233226	4.6391557279
108.8611072600	4.6766718550	4.6623180604
109.0347183700	4.7008890771	4.6864454908
109.2013850300	4.7241376095	4.7096078232
109.3680516900	4.7473861419	4.7327701556
109.5347183500	4.7706346743	4.7559324880
109.7013850100	4.7938832067	4.7790948204
109.8749961100	4.8181004274	4.8032222494
110.0416627700	4.8413489598	4.8263845818
110.2083294400	4.8645974936	4.8495469156
110.3749961000	4.8878460260	4.8727092480
110.5416627600	4.9110945584	4.8958715804
110.7152738600	4.9353117791	4.9199990094
110.8819405200	4.9585603115	4.9431613418
111.0486071800	4.9818088439	4.9663236742
111.2152738400	5.0050573763	4.9894860066
111.3819405000	5.0283059087	5.0126483390
111.5486071700	5.0515544425	5.0358106728
111.7222182700	5.0757716631	5.0599381019
111.8888849300	5.0990201955	5.0831004343
112.0555515900	5.1222687280	5.1062627667
112.2222182500	5.1455172604	5.1294250991
112.3888849100	5.1687657928	5.1525874315
112.5624960200	5.1929830148	5.1767148619
112.7291626800	5.2162315472	5.1998771943
112.8958293400	5.2394800796	5.2230395267
113.0624960000	5.2627286120	5.2462018591
113.2291626600	5.2859771444	5.2693641915
113.4027737700	5.3101943665	5.2934916219
113.5694404300	5.3334428989	5.3166539543
113.7361070900	5.3566914313	5.3398162867
113.9027737500	5.3799399637	5.3629786191
114.0694404100	5.4031884961	5.3861409515
114.2430515100	5.4274057168	5.4102683806
114.4097181800	5.4506542506	5.4334307143
114.5763848400	5.4739027830	5.4565930468
114.7430515000	5.4971513154	5.4797553792
114.9097181600	5.5203998478	5.5029177116
115.0833292600	5.5446170685	5.5270451406
115.2499959200	5.5678656009	5.5502074730
115.4166625800	5.5911141333	5.5733698054
115.5833292500	5.6143626671	5.5965321392
115.7499959100	5.6376111995	5.6196944716
115.9166625700	5.6608597319	5.6428568040
116.0902736700	5.6850769526	5.6669842330
116.2569403300	5.7083254850	5.6901465654
116.4236069900	5.7315740174	5.7133088978
116.5902736500	5.7548225498	5.7364712302
116.7569403100	5.7780710822	5.7596335626
116.9305514200	5.8022883042	5.7837609930
117.0972180800	5.8255368366	5.8069233254
117.2638847400	5.8487853690	5.8300856579
117.4305514000	5.8720339014	5.8532479903
117.5972180600	5.8952824339	5.8764103227
117.7708291700	5.9194996559	5.9005377531
117.9374958300	5.9427481883	5.9237000855
118.1041624900	5.9659967207	5.9468624179
118.2708291500	5.9892452531	5.9700247503
118.4374958100	6.0124937855	5.9931870827
118.6111069200	6.0367110076	6.0173145131
118.7777735800	6.0599595400	6.0404768455
118.9444402400	6.0832080724	6.0636391779
119.1111069000	6.1064566048	6.0868015103
119.2777735600	6.1297051372	6.1099638427
119.4513846600	6.1539223579	6.1340912717
119.6180513200	6.1771708903	6.1572536041
119.7847179900	6.2004194241	6.1804159379
119.9513846500	6.2236679565	6.2035782703
120.1180513100	6.2469164889	6.2267406028
120.2847179700	6.2701650213	6.2499029352
120.4583290700	6.2943822420	6.2740303642
120.6249957300	6.3176307744	6.2971926966
120.7916623900	6.3408793068	6.3203550290
120.9583290500	6.3641278392	6.3435173614
121.1249957200	6.3873763730	6.3666796952
121.2986068200	6.4115935936	6.3908071242
121.4652734800	6.4348421261	6.4139694566
121.6319401400	6.4580906585	6.4371317890
121.7986068000	6.4813391909	6.4602941214
121.9652734600	6.5045877233	6.4834564538
122.1388845700	6.5288049453	6.5075838842
122.3055512300	6.5520534777	6.5307462166
122.4722178900	6.5753020101	6.5539085490
122.6388845500	6.5985505425	6.5770708815
122.8055512100	6.6217990749	6.6002332139
122.9791623200	6.6460162970	6.6243606443
123.1458289800	6.6692648294	6.6475229767
123.3124956400	6.6925133618	6.6706853091
123.4791623000	6.7157618942	6.6938476415
123.6458289600	6.7390104266	6.7170099739
123.8194400600	6.7632276473	6.7411374029
123.9861067300	6.7864761811	6.7642997367
124.1527733900	6.8097247135	6.7874620691
124.3194400500	6.8329732459	6.8106244015
124.4861067100	6.8562217783	6.8337867339
124.6527733700	6.8794703107	6.8569490663
124.8263844700	6.9036875314	6.8810764953
124.9930511300	6.9269360638	6.9042388277
125.1597178000	6.9501845976	6.9274011615
125.3263844600	6.9734331300	6.9505634939
125.4930511200	6.9966816624	6.9737258264
125.6666622200	7.0208988831	6.9978532554
125.8333288800	7.0441474155	7.0210155878
125.9999955400	7.0673959479	7.0441779202
126.1666622000	7.0906444803	7.0673402526
126.3333288600	7.1138930127	7.0905025850
126.5069399700	7.1381102347	7.1146300154
126.6736066300	7.1613587671	7.1377923478
126.8402732900	7.1846072996	7.1609546802
127.0069399500	7.2078558320	7.1841170126
127.1736066100	7.2311043644	7.2072793450
127.3472177200	7.2553215864	7.2314067754
127.5138843800	7.2785701188	7.2545691078
127.6805510400	7.3018186512	7.2777314402
127.8472177000	7.3250671836	7.3008937726
128.0138843600	7.3483157160	7.3240561050
128.1805510200	7.3715642484	7.3472184375
128.3541621300	7.3957814705	7.3713458679
128.5208287900	7.4190300029	7.3945082003
128.6874954500	7.4422785353	7.4176705327
128.8541621100	7.4655270677	7.4408328651
129.0208287700	7.4887756001	7.4639951975
129.1944398700	7.5129928208	7.4881226265
129.3611065400	7.5362413546	7.5112849603
129.5277732000	7.5594898870	7.5344472927
129.6944398600	7.5827384194	7.5576096251
129.8611065200	7.6059869518	7.5807719575
130.0347176200	7.6302041725	7.6048993865
130.2013842800	7.6534527049	7.6280617189
130.3680509400	7.6767012373	7.6512240513
130.5347176100	7.6999497711	7.6743863851
130.7013842700	7.7231983035	7.6975487175
130.8749953700	7.7474155242	7.7216761466
131.0416620300	7.7706640566	7.7448384790
131.2083286900	7.7939125890	7.7680008114
131.3749953500	7.8171611214	7.7911631438
131.5416620100	7.8404096538	7.8143254762
131.7152731200	7.8646268758	7.8384529066
131.8819397800	7.8878754082	7.8616152390
132.0486064400	7.9111239406	7.8847775714
132.2152731000	7.9343724730	7.9079399038
132.3819397600	7.9576210055	7.9311022362
132.5486064200	7.9808695379	7.9542645686
132.7222175300	8.0050867599	7.9783919990
132.8888841900	8.0283352923	8.0015543314
133.0555508500	8.0515838247	8.0247166638
133.2222175100	8.0748323571	8.0478789962
133.3888841700	8.0980808895	8.0710413286
133.5624952800	8.1222981116	8.0951687590
133.7291619400	8.1455466440	8.1183310914
133.8958286000	8.1687951764	8.1414934239
134.0624952600	8.1920437088	8.1646557563
134.2291619200	8.2152922412	8.1878180887
134.4027730200	8.2395094619	8.2119455177
134.5694396800	8.2627579943	8.2351078501
134.7361063500	8.2860065281	8.2582701839
134.9027730100	8.3092550605	8.2814325163
135.0694396700	8.3325035929	8.3045948487
135.2430507700	8.3567208136	8.3287222777
135.4097174300	8.3799693460	8.3518846101
135.5763840900	8.4032178784	8.3750469425
135.7430507500	8.4264664108	8.3982092749
135.9097174100	8.4497149432	8.4213716073
136.0833285200	8.4739321652	8.4454990377
136.2499951800	8.4971806977	8.4686613701
136.4166618400	8.5204292301	8.4918237026
136.5833285000	8.5436777625	8.5149860350
136.7499951600	8.5669262949	8.5381483674
136.9166618200	8.5901748273	8.5613106998
137.0902729300	8.6143920493	8.5854381302
137.2569395900	8.6376405817	8.6086004626
137.4236062500	8.6608891141	8.6317627950
137.5902729100	8.6841376465	8.6549251274
137.7569395700	8.7073861789	8.6780874598
137.9305506800	8.7316034010	8.7022148902
138.0972173400	8.7548519334	8.7253772226
138.2638840000	8.7781004658	8.7485395550
138.4305506600	8.8013489982	8.7717018874
138.5972173200	8.8245975306	8.7948642198
138.7708284200	8.8488147513	8.8189916488
138.9374950900	8.8720632851	8.8421539826
139.1041617500	8.8953118175	8.8653163150
139.2708284100	8.9185603499	8.8884786475
139.4374950700	8.9418088823	8.9116409799
139.6111061700	8.9660261030	8.9357684089
139.7777728300	8.9892746354	8.9589307413
139.9444394900	9.0125231678	8.9820930737
140.1111061600	9.0357717016	9.0052554075
140.2777728200	9.0590202340	9.0284177399
140.4513839200	9.0832374547	9.0525451689
140.6180505800	9.1064859871	9.0757075013
140.7847172400	9.1297345195	9.0988698337
140.9513839000	9.1529830519	9.1220321661
141.1180505600	9.1762315843	9.1451944985
141.2847172200	9.1994801167	9.1683568309
141.4583283300	9.2236973387	9.1924842613
141.6249949900	9.2469458711	9.2156465937
141.7916616500	9.2701944036	9.2388089261
141.9583283100	9.2934429360	9.2619712586
142.1249949700	9.3166914684	9.2851335910
142.2986060800	9.3409086904	9.3092610214
142.4652727400	9.3641572228	9.3324233538
142.6319394000	9.3874057552	9.3555856862
142.7986060600	9.4106542876	9.3787480186
142.9652727200	9.4339028200	9.4019103510
143.1388838300	9.4581200421	9.4260377814
143.3055504900	9.4813685745	9.4492001138
143.4722171500	9.5046171069	9.4723624462
143.6388838100	9.5278656393	9.4955247786
143.8055504700	9.5511141717	9.5186871110
143.9791615700	9.5753313924	9.5428145400
144.1458282300	9.5985799248	9.5659768724
144.3124949000	9.6218284586	9.5891392062
144.4791615600	9.6450769910	9.6123015386
144.6458282200	9.6683255234	9.6354638710
144.8194393200	9.6925427441	9.6595913001
144.9861059800	9.7157912765	9.6827536325
145.1527726400	9.7390398089	9.7059159649
145.3194393000	9.7622883413	9.7290782973
145.4861059700	9.7855368751	9.7522406311
145.6527726300	9.8087854075	9.7754029635
145.8263837300	9.8330026282	9.7995303925
145.9930503900	9.8562511606	9.8226927249
146.1597170500	9.8794996930	9.8458550573
146.3263837100	9.9027482254	9.8690173897
146.4930503700	9.9259967578	9.8921797221
146.6666614800	9.9502139798	9.9163071525
146.8333281400	9.9734625122	9.9394694849
146.9999948000	9.9967110446	9.9626318173
147.1666614600	10.0199595770	9.9857941497
147.3333281200	10.0432081095	10.0089564821
147.5069392300	10.0674253315	10.0330839126
147.6736058900	10.0906738639	10.0562462450
147.8402725500	10.1139223963	10.0794085774
148.0069392100	10.1371709287	10.1025709098
148.1736058700	10.1604194611	10.1257332422
148.3472169800	10.1846366832	10.1498606726
148.5138836400	10.2078852156	10.1730230050
148.6805503000	10.2311337480	10.1961853374
148.8472169600	10.2543822804	10.2193476698
149.0138836200	10.2776308128	10.2425100022
149.1805502800	10.3008793452	10.2656723346
149.3541613800	10.3250965659	10.2897997636
149.5208280400	10.3483450983	10.3129620960
149.6874947100	10.3715936321	10.3361244298
150.3633060900	10.4658633725	10.4300446406
151.4532243400	10.6178973771	10.5815149394
151.9981834700	10.6939143801	10.6572500896
153.9963669400	10.9726433901	10.9349456391
154.1780199800	10.9979823906	10.9601906887
154.9046321500	11.0993383942	11.0611708884
155.9945504100	11.2513724002	11.2126411887
156.9028156200	11.3780674042	11.3388664380
157.9927338800	11.5301014102	11.4903367382
158.9009990900	11.6567964143	11.6165619875
160.1725703900	11.8341694208	11.7932773374
161.0808356000	11.9608644248	11.9195025867
162.8973660300	12.2142544344	12.1719530867
164.7138964600	12.4676444439	12.4244035866
165.2588555900	12.5436614469	12.5001387368
166.3487738400	12.6956954515	12.6516090356
167.8019981800	12.8984074585	12.8535694351
168.7102634000	13.0251024640	12.9797946858
170.5267938200	13.2784924721	13.2322451843
171.6167120800	13.4305264781	13.3837154846
172.1616712100	13.5065434811	13.4594506347
173.4332425100	13.6839164876	13.6361659846
174.7048138100	13.8612894941	13.8128813344
175.2497729300	13.9373064957	13.8886164832
175.4314259800	13.9626454977	13.9138615341
176.7029972800	14.1400185042	14.0905768840
178.3378746600	14.3680695118	14.3177823330
179.4277929200	14.5201035178	14.4692526333
179.9727520400	14.5961205194	14.5449877820
180.6993642100	14.6974765229	14.6459679817
181.2443233400	14.7734935259	14.7217031319
181.9709355100	14.8748495294	14.8226833316
182.1525885600	14.9001885313	14.8479283825
182.8792007300	15.0015445349	14.9489085823
183.7874659400	15.1282395389	15.0751338315
183.7874659400	15.1282395389	15.0751338315
