194.5416597900	13.5255362138	13.4059386674
194.7152708900	13.5641869231	13.4444326138
194.8819375500	13.601291605	13.4813868032
195.0486042100	13.6383962868	13.5183409926
195.2152708700	13.6755009687	13.5552951821
195.3819375300	13.7126056505	13.5922493715
195.5486041900	13.7497103324	13.6292035609
195.7222153000	13.7883610439	13.6676975095
195.8888819600	13.8254657258	13.7046516989
196.0555486200	13.8625704076	13.7416058883
196.2222152800	13.8996750895	13.7785600778
196.3888819400	13.9367797713	13.8155142672
196.5624930500	13.9754304829	13.8540082158
196.7291597100	14.0125351647	13.8909624052
196.8958263700	14.0496398466	13.9279165946
197.0624930300	14.0867445284	13.9648707841
197.2291596900	14.1238492103	14.0018249735
197.4027708000	14.1624999218	14.0403189221
197.5694374600	14.1996046037	14.0772731115
197.7361041200	14.2367092855	14.1142273009
197.9027707800	14.2738139674	14.1511814904
198.0694374400	14.3109186492	14.1881356798
198.2430485400	14.3495693586	14.2266296262
198.4097152000	14.3866740404	14.2635838156
198.5763818700	14.4237787245	14.3005380072
198.7430485300	14.4608834063	14.3374921967
198.9097151900	14.4979880882	14.3744463861
199.0833262900	14.5366387975	14.4129403325
199.2499929500	14.5737434794	14.4498945219
199.4166596100	14.6108481612	14.4868487113
199.5833262700	14.6479528431	14.5238029007
199.7499929300	14.6850575249	14.5607570902
199.9166596000	14.722162209	14.5977112818
200.0902707000	14.7608129183	14.6362052282
200.2569373600	14.7979176002	14.6731594176
200.4236040200	14.835022282	14.710113607
200.5902706800	14.8721269639	14.7470677964
200.7569373400	14.9092316457	14.7840219859
200.9305484500	14.9478823573	14.8225159345
201.0972151100	14.9849870391	14.8594701239
201.2638817700	15.022091721	14.8964243133
201.4305484300	15.0591964028	14.9333785027
201.5972150900	15.0963010847	14.9703326922
201.7708262000	15.1349517962	15.0088266408
201.9374928600	15.1720564781	15.0457808302
202.1041595200	15.2091611599	15.0827350196
202.2708261800	15.2462658418	15.119689209
202.4374928400	15.2833705236	15.1566433985
202.6111039400	15.322021233	15.1951373449
202.7777706100	15.359125917	15.2320915365
202.9444372700	15.3962305989	15.2690457259
203.1111039300	15.4333352807	15.3059999153
203.2777705900	15.4704399626	15.3429541048
203.4513816900	15.5090906719	15.3814480511
203.6180483500	15.5461953538	15.4184022406
203.7847150100	15.5833000356	15.45535643
203.9513816700	15.6204047175	15.4923106194
204.1180483400	15.6575094015	15.5292648111
204.2847150000	15.6946140834	15.5662190005
204.4583261000	15.7332647927	15.6047129469
204.6249927600	15.7703694746	15.6416671363
204.7916594200	15.8074741564	15.6786213257
204.9583260800	15.8445788383	15.7155755151
205.1249927400	15.8816835201	15.7525297046
205.2986038500	15.9203342317	15.7910236532
205.4652705100	15.9574389135	15.8279778426
205.6319371700	15.9945435954	15.864932032
205.7986038300	16.0316482772	15.9018862214
205.9652704900	16.0687529591	15.9388404108
206.1388816000	16.1074036706	15.9773343595
206.3055482600	16.1445083525	16.0142885489
206.4722149200	16.1816130343	16.0512427383
206.6388815800	16.2187177162	16.0881969277
206.8055482400	16.255822398	16.1251511171
206.9791593500	16.2944731096	16.1636450657
207.1458260100	16.3315777914	16.2005992552
207.3124926700	16.3686824733	16.2375534446
207.4791593300	16.4057871551	16.274507634
207.6458259900	16.442891837	16.3114618234
207.8194370900	16.4815425463	16.3499557698
207.9861037500	16.5186472282	16.3869099592
208.1527704200	16.5557519122	16.4238641509
208.3194370800	16.5928565941	16.4608183403
208.4861037400	16.6299612759	16.4977725297
208.6527704000	16.6670659578	16.5347267192
208.8263815000	16.7057166671	16.5732206655
208.9930481600	16.742821349	16.610174855
209.1597148200	16.7799260308	16.6471290444
209.3263814800	16.8170307127	16.6840832338
209.4930481500	16.8541353967	16.7210374254
209.6666592500	16.8927861061	16.7595313718
209.8333259100	16.9298907879	16.7964855613
209.9999925700	16.9669954698	16.8334397507
210.1666592300	17.0041001516	16.8703939401
210.3333258900	17.0412048335	16.9073481295
210.5069370000	17.079855545	16.9458420781
210.6736036600	17.1169602269	16.9827962676
210.8402703200	17.1540649087	17.019750457
211.0069369800	17.1911695906	17.0567046464
211.1736036400	17.2282742724	17.0936588358
211.3472147500	17.266924984	17.1321527844
211.5138814100	17.3040296658	17.1691069739
211.6805480700	17.3411343477	17.2060611633
211.8472147300	17.3782390295	17.2430153527
212.0138813900	17.4153437114	17.2799695421
212.1805480500	17.4524483932	17.3169237315
212.3541591600	17.4910991048	17.3554176801
212.5208258200	17.5282037866	17.3923718696
212.6874924800	17.5653084685	17.429326059
212.8541591400	17.6024131503	17.4662802484
213.0208258000	17.6395178322	17.5032344378
213.1944369000	17.6781685415	17.5417283842
213.3611035600	17.7152732234	17.5786825736
213.5277702300	17.7523779074	17.6156367653
213.6944368900	17.7894825893	17.6525909547
213.8611035500	17.8265872711	17.6895451441
214.0347146500	17.8652379805	17.7280390905
214.2013813100	17.9023426623	17.7649932799
214.3680479700	17.9394473442	17.8019474694
214.5347146300	17.976552026	17.8389016588
214.7013812900	18.0136567079	17.8758558482
214.8749924000	18.0523074194	17.9143497968
215.0416590600	18.0894121013	17.9513039862
215.2083257200	18.1265167831	17.9882581757
215.3749923800	18.163621465	18.0252123651
215.5416590400	18.2007261468	18.0621665545
215.7152701500	18.2393768584	18.1006605031
215.8819368100	18.2764815402	18.1376146925
216.0486034700	18.3135862221	18.174568882
216.2152701300	18.3506909039	18.2115230714
216.3819367900	18.3877955858	18.2484772608
216.5486034500	18.4249002676	18.2854314502
216.7222145600	18.4635509792	18.3239253988
216.8888812200	18.500655661	18.3608795882
217.0555478800	18.5377603429	18.3978337777
217.2222145400	18.5748650247	18.4347879671
217.3888812000	18.6119697066	18.4717421565
217.5624923000	18.6506204159	18.5102361029
217.7291589700	18.6877251	18.5471902945
217.8958256300	18.7248297818	18.584144484
218.0624922900	18.7619344637	18.6210986734
218.2291589500	18.7990391455	18.6580528628
218.4027700500	18.8376898549	18.6965468092
218.5694367100	18.8747945367	18.7335009986
218.7361033700	18.9118992186	18.770455188
218.9027700400	18.9490039026	18.8074093797
219.0694367000	18.9861085845	18.8443635691
219.2430478000	19.0247592938	18.8828575155
219.4097144600	19.0618639757	18.9198117049
219.5763811200	19.0989686575	18.9567658943
219.7430477800	19.1360733394	18.9937200838
219.9097144400	19.1731780212	19.0306742732
220.0833255500	19.2118287328	19.0691682218
220.2499922100	19.2489334146	19.1061224112
220.4166588700	19.2860380965	19.1430766006
220.5833255300	19.3231427783	19.1800307901
220.7499921900	19.3602474602	19.2169849795
220.9166588500	19.397352142	19.2539391689
221.0902699600	19.4360028536	19.2924331175
221.2569366200	19.4731075354	19.3293873069
221.4236032800	19.5102122173	19.3663414964
221.5902699400	19.5473168991	19.4032956858
221.7569366000	19.584421581	19.4402498752
221.9305477100	19.6230722925	19.4787438238
222.0972143700	19.6601769744	19.5156980132
222.2638810300	19.6972816562	19.5526522026
222.4305476900	19.7343863381	19.5896063921
222.5972143500	19.7714910199	19.6265605815
222.7708254500	19.8101417293	19.6650545279
222.9374921100	19.8472464111	19.7020087173
223.1041587800	19.8843510952	19.7389629089
223.2708254400	19.921455777	19.7759170984
223.4374921000	19.9585604589	19.8128712878
223.6111032000	19.9972111682	19.8513652342
223.7777698600	20.0343158501	19.8883194236
223.9444365200	20.0714205319	19.925273613
224.1111031800	20.1085252138	19.9622278024
224.2777698400	20.1456298956	19.9991819919
224.4513809500	20.1842806072	20.0376759405
224.6180476100	20.221385289	20.0746301299
224.7847142700	20.2584899709	20.1115843193
224.9513809300	20.2955946527	20.1485385087
225.1180475900	20.3326993346	20.1854926982
225.2847142500	20.3698040164	20.2224468876
225.4583253600	20.408454728	20.2609408362
225.6249920200	20.4455594098	20.2978950256
225.7916586800	20.4826640917	20.334849215
225.9583253400	20.5197687735	20.3718034045
226.1249920000	20.5568734554	20.4087575939
226.2986031100	20.5955241669	20.4472515425
226.4652697700	20.6326288488	20.4842057319
226.6319364300	20.6697335306	20.5211599213
226.7986030900	20.7068382125	20.5581141107
226.9652697500	20.7439428943	20.5950683002
227.1388808500	20.7825936037	20.6335622466
227.3055475200	20.8196982877	20.6705164382
227.4722141800	20.8568029696	20.7074706276
227.6388808400	20.8939076514	20.744424817
227.8055475000	20.9310123333	20.7813790065
227.9791586000	20.9696630426	20.8198729529
228.1458252600	21.0067677245	20.8568271423
228.3124919200	21.0438724063	20.8937813317
228.4791585900	21.0809770904	20.9307355233
228.6458252500	21.1180817722	20.9676897128
228.8194363500	21.1567324816	21.0061836591
228.9861030100	21.1938371634	21.0431378486
229.1527696700	21.2309418453	21.080092038
229.3194363300	21.2680465271	21.1170462274
229.4861029900	21.305151209	21.1540004168
229.6527696500	21.3422558908	21.1909546063
229.8263807600	21.3809066024	21.2294485549
229.9930474200	21.4180112842	21.2664027443
230.1597140800	21.4551159661	21.3033569337
230.3263807400	21.4922206479	21.3403111231
230.4930474000	21.5293253298	21.3772653126
230.6666585100	21.5679760413	21.4157592612
230.8333251700	21.6050807232	21.4527134506
230.9999918300	21.642185405	21.48966764
231.1666584900	21.6792900869	21.5266218294
231.3333251500	21.7163947687	21.5635760188
231.5069362600	21.7550454803	21.6020699675
231.6736029200	21.7921501621	21.6390241569
231.8402695800	21.829254844	21.6759783463
232.0069362400	21.8663595258	21.7129325357
232.1736029000	21.9034642077	21.7498867251
232.3472140000	21.942114917	21.7883806715
232.5138806600	21.9792195989	21.825334861
232.6805473300	22.0163242829	21.8622890526
232.8472139900	22.0534289648	21.899243242
233.0138806500	22.0905336466	21.9361974314
233.1805473100	22.1276383285	21.9731516209
233.3541584100	22.1662890378	22.0116455673
233.5208250700	22.2033937197	22.0485997567
233.6874917300	22.2404984015	22.0855539461
233.8541584000	22.2776030856	22.1225081377
234.0208250600	22.3147077674	22.1594623272
234.1944361600	22.3533584768	22.1979562735
234.3611028200	22.3904631586	22.234910463
234.5277694800	22.4275678405	22.2718646524
234.6944361400	22.4646725223	22.3088188418
234.8611028000	22.5017772042	22.3457730312
235.0347139100	22.5404279157	22.3842669798
235.2013805700	22.5775325976	22.4212211693
235.3680472300	22.6146372794	22.4581753587
235.5347138900	22.6517419613	22.4951295481
235.7013805500	22.6888466431	22.5320837375
235.8749916600	22.7274973547	22.5705776861
236.0416583200	22.7646020365	22.6075318756
236.2083249800	22.8017067184	22.644486065
236.3749916400	22.8388114002	22.6814402544
236.5416583000	22.8759160821	22.7183944438
236.7152694000	22.9145667914	22.7568883902
236.8819360700	22.9516714755	22.7938425819
237.0486027300	22.9887761573	22.8307967713
237.2152693900	23.0258808392	22.8677509607
237.3819360500	23.062985521	22.9047051501
237.5486027100	23.1000902029	22.9416593395
237.7222138100	23.1387409122	22.9801532859
237.8888804700	23.1758455941	23.0171074754
238.0555471400	23.2129502781	23.054061667
238.2222138000	23.25005496	    23.0910158564
238.3888804600	23.2871596418	23.1279700458
238.5624915600	23.3258103512	23.1664639922
238.7291582200	23.362915033	23.2034181816
238.8958248800	23.4000197149	23.2403723711
239.0624915400	23.4371243967	23.2773265605
239.2291582000	23.4742290786	23.3142807499
239.4027693100	23.5128797901	23.3527746985
239.5694359700	23.549984472	23.3897288879
239.7361026300	23.5870891538	23.4266830774
239.9027692900	23.6241938357	23.4636372668
240.0694359500	23.6612985175	23.5005914562
240.2430470600	23.6999492291	23.5390854048
240.4097137200	23.7370539109	23.5760395942
240.5763803800	23.7741585928	23.6129937837
240.7430470400	23.8112632746	23.6499479731
240.9097137000	23.8483679565	23.6869021625
241.0833248100	23.887018668	23.7253961111
241.2499914700	23.9241233499	23.7623503005
241.4166581300	23.9612280317	23.79930449
241.5833247900	23.9983327136	23.8362586794
241.7499914500	24.0354373954	23.8732128688
241.9166581100	24.0725420773	23.9101670582
242.0902692100	24.1111927866	23.9486610046
242.2569358800	24.1482974707	23.9856151963
242.4236025400	24.1854021525	24.0225693857
242.5902692000	24.2225068344	24.0595235751
242.7569358600	24.2596115162	24.0964777645
242.9305469600	24.2982622256	24.1349717109
243.0972136200	24.3353669074	24.1719259003
243.2638802800	24.3724715893	24.2088800898
243.4305469500	24.4095762733	24.2458342814
243.5972136100	24.4466809552	24.2827884708
243.7708247100	24.4853316645	24.3212824172
243.9374913700	24.5224363464	24.3582366066
244.1041580300	24.5595410282	24.395190796
244.2708246900	24.5966457101	24.4321449855
244.4374913500	24.6337503919	24.4690991749
244.6111024600	24.6724011035	24.5075931235
244.7777691200	24.7095057853	24.5445473129
244.9444357800	24.7466104672	24.5815015023
245.1111024400	24.783715149	24.6184556918
245.2777691000	24.8208198309	24.6554098812
245.4513802100	24.8594705424	24.6939038298
245.6180468700	24.8965752243	24.7308580192
245.7847135300	24.9336799061	24.7678122086
245.9513801900	24.970784588	24.8047663981
246.1180468500	25.0078892698	24.8417205875
246.2847135100	25.0449939517	24.8786747769
246.4583246200	25.0836446632	24.9171687255
246.6249912800	25.1207493451	24.9541229149
246.7916579400	25.1578540269	24.9910771044
246.9583246000	25.1949587088	25.0280312938
247.1249912600	25.2320633906	25.0649854832
247.2986023600	25.2707141	    25.1034794296
247.4652690200	25.3078187818	25.140433619
247.6319356900	25.3449234659	25.1773878106
247.7986023500	25.3820281477	25.2143420001
247.9652690100	25.4191328296	25.2512961895
248.1388801100	25.4577835389	25.2897901359
248.3055467700	25.4948882208	25.3267443253
248.4722134300	25.5319929026	25.3636985147
248.6388800900	25.5690975845	25.4006527041
248.8055467600	25.6062022685	25.4376068958
248.9791578600	25.6448529779	25.4761008422
249.1458245200	25.6819576597	25.5130550316
249.3124911800	25.7190623416	25.550009221
249.4791578400	25.7561670234	25.5869634104
249.6458245000	25.7932717053	25.6239175999
249.8194356100	25.8319224168	25.6624115485
249.9861022700	25.8690270987	25.6993657379
250.1527689300	25.9061317805	25.7363199273
250.3194355900	25.9432364624	25.7732741167
250.4861022500	25.9803411442	25.8102283062
