2.0228796E+02  1.8342307E+01  2.0055852E+01
2.0234358E+02  1.8369805E+01  2.0083368E+01
2.0239920E+02  1.8397142E+01  2.0109406E+01
2.0245482E+02  1.8424212E+01  2.0133834E+01
2.0251044E+02  1.8450627E+01  2.0157285E+01
2.0256606E+02  1.8476035E+01  2.0180695E+01
2.0262168E+02  1.8500357E+01  2.0204380E+01
2.0267730E+02  1.8523719E+01  2.0227946E+01
2.0273291E+02  1.8546206E+01  2.0250764E+01
2.0278853E+02  1.8567732E+01  2.0272922E+01
2.0284415E+02  1.8588123E+01  2.0295294E+01
2.0289977E+02  1.8607330E+01  2.0319001E+01
2.0295539E+02  1.8625496E+01  2.0344448E+01
2.0301101E+02  1.8642807E+01  2.0371281E+01
2.0306663E+02  1.8659251E+01  2.0398733E+01
2.0312225E+02  1.8674769E+01  2.0426327E+01
2.0317787E+02  1.8689431E+01  2.0453947E+01
2.0323349E+02  1.8703663E+01  2.0481640E+01
2.0328911E+02  1.8717835E+01  2.0509312E+01
2.0334473E+02  1.8732067E+01  2.0536721E+01
2.0340035E+02  1.8746046E+01  2.0563590E+01
2.0345597E+02  1.8759407E+01  2.0589678E+01
2.0351159E+02  1.8771923E+01  2.0614746E+01
2.0356721E+02  1.8783728E+01  2.0638473E+01
2.0362283E+02  1.8795070E+01  2.0660507E+01
2.0367845E+02  1.8806153E+01  2.0680478E+01
2.0373407E+02  1.8816908E+01  2.0698047E+01
2.0378968E+02  1.8827124E+01  2.0712972E+01
2.0384530E+02  1.8836519E+01  2.0725146E+01
2.0390092E+02  1.8844904E+01  2.0734630E+01
2.0395654E+02  1.8852259E+01  2.0741524E+01
2.0401216E+02  1.8858717E+01  2.0745922E+01
2.0406778E+02  1.8864453E+01  2.0747906E+01
2.0412340E+02  1.8869511E+01  2.0747751E+01
2.0417902E+02  1.8873821E+01  2.0745985E+01
2.0423464E+02  1.8877364E+01  2.0743312E+01
2.0429026E+02  1.8880141E+01  2.0740171E+01
2.0434588E+02  1.8882076E+01  2.0736598E+01
2.0440150E+02  1.8882861E+01  2.0732217E+01
2.0445712E+02  1.8882372E+01  2.0726699E+01
2.0451274E+02  1.8880799E+01  2.0719921E+01
2.0456836E+02  1.8878556E+01  2.0712142E+01
2.0462398E+02  1.8875655E+01  2.0703868E+01
2.0467960E+02  1.8871619E+01  2.0695736E+01
2.0473522E+02  1.8865893E+01  2.0688258E+01
2.0479083E+02  1.8858672E+01  2.0681656E+01
2.0484645E+02  1.8851002E+01  2.0675885E+01
2.0490207E+02  1.8844340E+01  2.0670805E+01
2.0495769E+02  1.8839425E+01  2.0666225E+01
2.0501331E+02  1.8835944E+01  2.0661886E+01
2.0506893E+02  1.8832810E+01  2.0657383E+01
2.0512455E+02  1.8829357E+01  2.0652241E+01
2.0518017E+02  1.8825746E+01  2.0645985E+01
2.0523579E+02  1.8822913E+01  2.0638287E+01
2.0529141E+02  1.8821576E+01  2.0629038E+01
2.0534703E+02  1.8821880E+01  2.0618321E+01
2.0540265E+02  1.8823337E+01  2.0606223E+01
2.0545827E+02  1.8825458E+01  2.0592854E+01
2.0551389E+02  1.8827964E+01  2.0578402E+01
2.0556951E+02  1.8830738E+01  2.0563267E+01
2.0562513E+02  1.8833486E+01  2.0548060E+01
2.0568075E+02  1.8835685E+01  2.0533564E+01
2.0573637E+02  1.8836875E+01  2.0520585E+01
2.0579198E+02  1.8837037E+01  2.0509507E+01
2.0584760E+02  1.8836662E+01  2.0500105E+01
2.0590322E+02  1.8836265E+01  2.0491633E+01
2.0595884E+02  1.8836065E+01  2.0483435E+01
2.0601446E+02  1.8836027E+01  2.0475223E+01
2.0607008E+02  1.8836502E+01  2.0467123E+01
2.0612570E+02  1.8838278E+01  2.0459331E+01
2.0618132E+02  1.8842362E+01  2.0451959E+01
2.0623694E+02  1.8849063E+01  2.0445093E+01
2.0629256E+02  1.8857824E+01  2.0438855E+01
2.0634818E+02  1.8867424E+01  2.0433387E+01
2.0640380E+02  1.8876819E+01  2.0428688E+01
2.0645942E+02  1.8885538E+01  2.0424863E+01
2.0651504E+02  1.8893691E+01  2.0422265E+01
2.0657066E+02  1.8901777E+01  2.0421443E+01
2.0662628E+02  1.8910373E+01  2.0422519E+01
2.0668190E+02  1.8919972E+01  2.0424856E+01
2.0673752E+02  1.8930713E+01  2.0427383E+01
2.0679314E+02  1.8942465E+01  2.0429559E+01
2.0684875E+02  1.8954982E+01  2.0431830E+01
2.0690437E+02  1.8968018E+01  2.0435345E+01
2.0695999E+02  1.8981305E+01  2.0440762E+01
2.0701561E+02  1.8994511E+01  2.0447595E+01
2.0707123E+02  1.9007421E+01  2.0454183E+01
2.0712685E+02  1.9020039E+01  2.0459062E+01
2.0718247E+02  1.9032572E+01  2.0461846E+01
2.0723809E+02  1.9045297E+01  2.0463483E+01
2.0729371E+02  1.9058470E+01  2.0465090E+01
2.0734933E+02  1.9072307E+01  2.0467146E+01
2.0740495E+02  1.9086801E+01  2.0469332E+01
2.0746057E+02  1.9101630E+01  2.0471207E+01
2.0751619E+02  1.9116182E+01  2.0472824E+01
2.0757181E+02  1.9129911E+01  2.0474739E+01
2.0762743E+02  1.9142693E+01  2.0477432E+01
2.0768305E+02  1.9154893E+01  2.0480846E+01
2.0773867E+02  1.9167112E+01  2.0484385E+01
2.0779429E+02  1.9179937E+01  2.0487359E+01
2.0784990E+02  1.9193874E+01  2.0489339E+01
2.0790552E+02  1.9209193E+01  2.0490155E+01
2.0796114E+02  1.9225710E+01  2.0489874E+01
2.0801676E+02  1.9242735E+01  2.0488790E+01
2.0807238E+02  1.9259410E+01  2.0487415E+01
2.0812800E+02  1.9275023E+01  2.0486198E+01
2.0818362E+02  1.9289068E+01  2.0485305E+01
2.0823924E+02  1.9301081E+01  2.0484550E+01
2.0829486E+02  1.9310621E+01  2.0483769E+01
2.0835048E+02  1.9317346E+01  2.0483160E+01
2.0840610E+02  1.9321147E+01  2.0483519E+01
2.0846172E+02  1.9322186E+01  2.0485849E+01
2.0851734E+02  1.9320825E+01  2.0490751E+01
2.0857296E+02  1.9317457E+01  2.0498134E+01
2.0862858E+02  1.9312619E+01  2.0507325E+01
2.0868420E+02  1.9307288E+01  2.0517497E+01
2.0873982E+02  1.9302924E+01  2.0527888E+01
2.0879544E+02  1.9300758E+01  2.0537957E+01
2.0885105E+02  1.9301006E+01  2.0547328E+01
2.0890667E+02  1.9302905E+01  2.0555831E+01
2.0896229E+02  1.9305350E+01  2.0563502E+01
2.0901791E+02  1.9307509E+01  2.0570557E+01
2.0907353E+02  1.9308810E+01  2.0577215E+01
2.0912915E+02  1.9309044E+01  2.0583509E+01
2.0918477E+02  1.9308508E+01  2.0589248E+01
2.0924039E+02  1.9308002E+01  2.0594097E+01
2.0929601E+02  1.9308398E+01  2.0597708E+01
2.0935163E+02  1.9310031E+01  2.0599814E+01
2.0940725E+02  1.9312709E+01  2.0600392E+01
2.0946287E+02  1.9315989E+01  2.0599856E+01
2.0951849E+02  1.9319477E+01  2.0599046E+01
2.0957411E+02  1.9322859E+01  2.0598854E+01
2.0962973E+02  1.9326095E+01  2.0599656E+01
2.0968535E+02  1.9329684E+01  2.0601170E+01
2.0974097E+02  1.9334568E+01  2.0602716E+01
2.0979659E+02  1.9341559E+01  2.0603607E+01
2.0985221E+02  1.9350717E+01  2.0603255E+01
2.0990782E+02  1.9361269E+01  2.0601292E+01
2.0996344E+02  1.9372023E+01  2.0597644E+01
2.1001906E+02  1.9382018E+01  2.0592451E+01
2.1007468E+02  1.9390862E+01  2.0585924E+01
2.1013030E+02  1.9398805E+01  2.0578345E+01
2.1018592E+02  1.9406210E+01  2.0570390E+01
2.1024154E+02  1.9413384E+01  2.0563093E+01
2.1029716E+02  1.9420527E+01  2.0557537E+01
2.1035278E+02  1.9428003E+01  2.0554494E+01
2.1040840E+02  1.9436219E+01  2.0554442E+01
2.1046402E+02  1.9445283E+01  2.0557634E+01
2.1051964E+02  1.9454801E+01  2.0564051E+01
2.1057526E+02  1.9464114E+01  2.0573349E+01
2.1063088E+02  1.9472889E+01  2.0584828E+01
2.1068650E+02  1.9481464E+01  2.0597549E+01
2.1074212E+02  1.9490587E+01  2.0610499E+01
2.1079774E+02  1.9500693E+01  2.0622894E+01
2.1085336E+02  1.9511405E+01  2.0634269E+01
2.1090897E+02  1.9521768E+01  2.0644409E+01
2.1096459E+02  1.9530882E+01  2.0653193E+01
2.1102021E+02  1.9538388E+01  2.0660533E+01
2.1107583E+02  1.9544415E+01  2.0666387E+01
2.1113145E+02  1.9549295E+01  2.0670904E+01
2.1118707E+02  1.9553478E+01  2.0674749E+01
2.1124269E+02  1.9557561E+01  2.0678919E+01
2.1129831E+02  1.9562281E+01  2.0684038E+01
2.1135393E+02  1.9568300E+01  2.0689746E+01
2.1140955E+02  1.9576115E+01  2.0695006E+01
2.1146517E+02  1.9585922E+01  2.0699072E+01
2.1152079E+02  1.9597589E+01  2.0701779E+01
2.1157641E+02  1.9610755E+01  2.0703331E+01
2.1163203E+02  1.9625108E+01  2.0703824E+01
2.1168765E+02  1.9640565E+01  2.0703410E+01
2.1174327E+02  1.9657241E+01  2.0702385E+01
2.1179889E+02  1.9675233E+01  2.0701277E+01
2.1185451E+02  1.9694365E+01  2.0700698E+01
2.1191013E+02  1.9714066E+01  2.0701293E+01
2.1196574E+02  1.9733261E+01  2.0703629E+01
2.1202136E+02  1.9750824E+01  2.0708031E+01
2.1207698E+02  1.9765861E+01  2.0714575E+01
2.1213260E+02  1.9778211E+01  2.0723160E+01
2.1218822E+02  1.9788206E+01  2.0733427E+01
2.1224384E+02  1.9796503E+01  2.0744639E+01
2.1229946E+02  1.9803837E+01  2.0755584E+01
2.1235508E+02  1.9811085E+01  2.0765200E+01
2.1241070E+02  1.9819151E+01  2.0772912E+01
2.1246632E+02  1.9828489E+01  2.0779141E+01
2.1252194E+02  1.9838817E+01  2.0784910E+01
2.1257756E+02  1.9849298E+01  2.0791570E+01
2.1263318E+02  1.9859266E+01  2.0800158E+01
2.1268880E+02  1.9868488E+01  2.0811008E+01
2.1274442E+02  1.9877104E+01  2.0823734E+01
2.1280004E+02  1.9885397E+01  2.0837475E+01
2.1285566E+02  1.9893878E+01  2.0851473E+01
2.1291128E+02  1.9903273E+01  2.0865223E+01
2.1296689E+02  1.9914235E+01  2.0878404E+01
2.1302251E+02  1.9926902E+01  2.0890868E+01
2.1307813E+02  1.9940776E+01  2.0902673E+01
2.1313375E+02  1.9954786E+01  2.0914158E+01
2.1318937E+02  1.9967739E+01  2.0925430E+01
2.1324499E+02  1.9978568E+01  2.0936114E+01
2.1330061E+02  1.9986824E+01  2.0945169E+01
2.1335623E+02  1.9992744E+01  2.0951770E+01
2.1341185E+02  1.9997133E+01  2.0955724E+01
2.1346747E+02  2.0000861E+01  2.0957951E+01
2.1352309E+02  2.0004385E+01  2.0959887E+01
2.1357871E+02  2.0007684E+01  2.0963146E+01
2.1363433E+02  2.0010504E+01  2.0968970E+01
2.1368995E+02  2.0012814E+01  2.0977961E+01
2.1374557E+02  2.0014948E+01  2.0990068E+01
2.1380119E+02  2.0017468E+01  2.1004869E+01
2.1385681E+02  2.0020872E+01  2.1021957E+01
2.1391243E+02  2.0025486E+01  2.1041024E+01
2.1396804E+02  2.0031378E+01  2.1061637E+01
2.1402366E+02  2.0038388E+01  2.1083211E+01
2.1407928E+02  2.0046170E+01  2.1105050E+01
2.1413490E+02  2.0054305E+01  2.1126487E+01
2.1419052E+02  2.0062329E+01  2.1146804E+01
2.1424614E+02  2.0069772E+01  2.1165199E+01
2.1430176E+02  2.0076487E+01  2.1180921E+01
2.1435738E+02  2.0082817E+01  2.1193693E+01
2.1441300E+02  2.0089525E+01  2.1203860E+01
2.1446862E+02  2.0097183E+01  2.1212369E+01
2.1452424E+02  2.0105938E+01  2.1220346E+01
2.1457986E+02  2.0115566E+01  2.1228830E+01
2.1463548E+02  2.0126000E+01  2.1238505E+01
2.1469110E+02  2.0137633E+01  2.1249663E+01
2.1474672E+02  2.0151282E+01  2.1262287E+01
2.1480234E+02  2.0167732E+01  2.1276291E+01
2.1485796E+02  2.0187178E+01  2.1291662E+01
2.1491358E+02  2.0209073E+01  2.1308475E+01
2.1496920E+02  2.0232337E+01  2.1326836E+01
2.1502481E+02  2.0255839E+01  2.1346762E+01
2.1508043E+02  2.0278634E+01  2.1368125E+01
2.1513605E+02  2.0300247E+01  2.1390560E+01
2.1519167E+02  2.0320646E+01  2.1413553E+01
2.1524729E+02  2.0340104E+01  2.1436509E+01
2.1530291E+02  2.0358722E+01  2.1458851E+01
2.1535853E+02  2.0376466E+01  2.1480136E+01
2.1541415E+02  2.0393366E+01  2.1500111E+01
2.1546977E+02  2.0409751E+01  2.1518722E+01
2.1552539E+02  2.0426249E+01  2.1535905E+01
2.1558101E+02  2.0443649E+01  2.1551431E+01
2.1563663E+02  2.0462590E+01  2.1564972E+01
2.1569225E+02  2.0483086E+01  2.1576634E+01
2.1574787E+02  2.0504375E+01  2.1587308E+01
2.1580349E+02  2.0525530E+01  2.1598514E+01
2.1585911E+02  2.0546113E+01  2.1611445E+01
2.1591473E+02  2.0566327E+01  2.1626355E+01
2.1597035E+02  2.0586429E+01  2.1642558E+01
2.1602596E+02  2.0606267E+01  2.1659213E+01
2.1608158E+02  2.0625233E+01  2.1675906E+01
2.1613720E+02  2.0642551E+01  2.1692897E+01
2.1619282E+02  2.0657676E+01  2.1710649E+01
2.1624844E+02  2.0670511E+01  2.1729214E+01
2.1630406E+02  2.0681363E+01  2.1747990E+01
2.1635968E+02  2.0690782E+01  2.1766009E+01
2.1641530E+02  2.0699427E+01  2.1782417E+01
2.1647092E+02  2.0708049E+01  2.1796620E+01
2.1652654E+02  2.0717158E+01  2.1808386E+01
2.1658216E+02  2.0726737E+01  2.1817826E+01
2.1663778E+02  2.0736142E+01  2.1825406E+01
2.1669340E+02  2.0744566E+01  2.1831755E+01
2.1674902E+02  2.0751583E+01  2.1837489E+01
2.1680464E+02  2.0757392E+01  2.1843172E+01
2.1686026E+02  2.0762548E+01  2.1849327E+01
2.1691588E+02  2.0767518E+01  2.1856453E+01
2.1697150E+02  2.0772583E+01  2.1864961E+01
2.1702711E+02  2.0778032E+01  2.1875096E+01
2.1708273E+02  2.0784410E+01  2.1886919E+01
2.1713835E+02  2.0792376E+01  2.1900306E+01
2.1719397E+02  2.0802400E+01  2.1914990E+01
2.1724959E+02  2.0814531E+01  2.1930602E+01
2.1730521E+02  2.0828481E+01  2.1946713E+01
2.1736083E+02  2.0843946E+01  2.1963095E+01
2.1741645E+02  2.0860892E+01  2.1980002E+01
2.1747207E+02  2.0879566E+01  2.1998156E+01
2.1752769E+02  2.0900294E+01  2.2018182E+01
2.1758331E+02  2.0923201E+01  2.2039922E+01
2.1763893E+02  2.0948117E+01  2.2062443E+01
2.1769455E+02  2.0974449E+01  2.2084568E+01
2.1775017E+02  2.1001155E+01  2.2105478E+01
2.1780579E+02  2.1026891E+01  2.2124763E+01
2.1786141E+02  2.1050658E+01  2.2142405E+01
2.1791703E+02  2.1072400E+01  2.2158725E+01
2.1797265E+02  2.1092917E+01  2.2174267E+01
2.1802827E+02  2.1113330E+01  2.2189548E+01
2.1808388E+02  2.1134369E+01  2.2204858E+01
2.1813950E+02  2.1156372E+01  2.2220353E+01
2.1819512E+02  2.1179453E+01  2.2236281E+01
2.1825074E+02  2.1203609E+01  2.2253051E+01
2.1830636E+02  2.1228724E+01  2.2271146E+01
2.1836198E+02  2.1254610E+01  2.2291064E+01
2.1841760E+02  2.1281080E+01  2.2313431E+01
2.1847322E+02  2.1307893E+01  2.2338932E+01
2.1852884E+02  2.1334683E+01  2.2367936E+01
2.1858446E+02  2.1361004E+01  2.2400082E+01
2.1864008E+02  2.1386376E+01  2.2434446E+01
2.1869570E+02  2.1410382E+01  2.2470074E+01
2.1875132E+02  2.1432725E+01  2.2506355E+01
2.1880694E+02  2.1453214E+01  2.2542863E+01
2.1886256E+02  2.1471808E+01  2.2579069E+01
2.1891818E+02  2.1488757E+01  2.2614354E+01
2.1897380E+02  2.1504599E+01  2.2648236E+01
2.1902942E+02  2.1519885E+01  2.2680849E+01
2.1908503E+02  2.1534647E+01  2.2712959E+01
2.1914065E+02  2.1548429E+01  2.2745555E+01
2.1919627E+02  2.1560751E+01  2.2779039E+01
2.1925189E+02  2.1571681E+01  2.2813138E+01
2.1930751E+02  2.1581807E+01  2.2847352E+01
2.1936313E+02  2.1591804E+01  2.2881786E+01
2.1941875E+02  2.1601987E+01  2.2917083E+01
2.1947437E+02  2.1612308E+01  2.2953944E+01
2.1952999E+02  2.1622558E+01  2.2992175E+01
2.1958561E+02  2.1632564E+01  2.3030587E+01
2.1964123E+02  2.1642184E+01  2.3067474E+01
2.1969685E+02  2.1651389E+01  2.3101636E+01
2.1975247E+02  2.1660640E+01  2.3132676E+01
2.1980809E+02  2.1670868E+01  2.3160814E+01
2.1986371E+02  2.1683007E+01  2.3186193E+01
2.1991933E+02  2.1697192E+01  2.3208739E+01
2.1997495E+02  2.1712795E+01  2.3228251E+01
2.2003057E+02  2.1729053E+01  2.3244654E+01
2.2008618E+02  2.1745530E+01  2.3257980E+01
2.2014180E+02  2.1762040E+01  2.3268344E+01
2.2019742E+02  2.1778237E+01  2.3275993E+01
2.2025304E+02  2.1793602E+01  2.3281572E+01
2.2030866E+02  2.1807561E+01  2.3286140E+01
2.2036428E+02  2.1819798E+01  2.3290958E+01
2.2041990E+02  2.1830330E+01  2.3297091E+01
2.2047552E+02  2.1839451E+01  2.3305312E+01
2.2053114E+02  2.1847524E+01  2.3316037E+01
2.2058676E+02  2.1854800E+01  2.3329305E+01
2.2064238E+02  2.1861356E+01  2.3344828E+01
2.2069800E+02  2.1867114E+01  2.3362207E+01
2.2075362E+02  2.1872165E+01  2.3381232E+01
2.2080924E+02  2.1876879E+01  2.3401891E+01
2.2086486E+02  2.1881924E+01  2.3424093E+01
2.2092048E+02  2.1887720E+01  2.3447368E+01
2.2097610E+02  2.1894338E+01  2.3470936E+01
2.2103172E+02  2.1901691E+01  2.3494207E+01
2.2108734E+02  2.1909926E+01  2.3517076E+01
2.2114295E+02  2.1919382E+01  2.3539836E+01
2.2119857E+02  2.1930121E+01  2.3562718E+01
2.2125419E+02  2.1941882E+01  2.3585829E+01
2.2130981E+02  2.1954260E+01  2.3609204E+01
2.2136543E+02  2.1967299E+01  2.3632904E+01
2.2142105E+02  2.1981432E+01  2.3656720E+01
2.2147667E+02  2.1997227E+01  2.3680130E+01
2.2153229E+02  2.2014610E+01  2.3702459E+01
2.2158791E+02  2.2032743E+01  2.3723106E+01
2.2164353E+02  2.2050235E+01  2.3741628E+01
2.2169915E+02  2.2066230E+01  2.3757803E+01
2.2175477E+02  2.2080767E+01  2.3771998E+01
2.2181039E+02  2.2094572E+01  2.3785266E+01
2.2186601E+02  2.2107918E+01  2.3799061E+01
2.2192163E+02  2.2120469E+01  2.3814299E+01
2.2197725E+02  2.2131537E+01  2.3831062E+01
2.2203287E+02  2.2141038E+01  2.3848715E+01
2.2208849E+02  2.2149417E+01  2.3866593E+01
2.2214410E+02  2.2157400E+01  2.3884226E+01
2.2219972E+02  2.2165361E+01  2.3901189E+01
2.2225534E+02  2.2173336E+01  2.3916816E+01
2.2231096E+02  2.2181161E+01  2.3930120E+01
2.2236658E+02  2.2188835E+01  2.3939934E+01
2.2242220E+02  2.2196811E+01  2.3945755E+01
2.2247782E+02  2.2206039E+01  2.3948165E+01
2.2253344E+02  2.2217594E+01  2.3949044E+01
2.2258906E+02  2.2232000E+01  2.3950252E+01
2.2264468E+02  2.2248995E+01  2.3952851E+01
2.2270030E+02  2.2267705E+01  2.3956667E+01
2.2275592E+02  2.2287199E+01  2.3961102E+01
2.2281154E+02  2.2306741E+01  2.3965678E+01
2.2286716E+02  2.2325983E+01  2.3970354E+01
2.2292278E+02  2.2344713E+01  2.3975268E+01
2.2297840E+02  2.2362674E+01  2.3980540E+01
2.2303402E+02  2.2379419E+01  2.3986256E+01
2.2308964E+02  2.2394810E+01  2.3992426E+01
2.2314525E+02  2.2409268E+01  2.3998935E+01
2.2320087E+02  2.2423646E+01  2.4005219E+01
2.2325649E+02  2.2438555E+01  2.4010429E+01
2.2331211E+02  2.2453976E+01  2.4013687E+01
2.2336773E+02  2.2469524E+01  2.4014686E+01
2.2342335E+02  2.2484691E+01  2.4013982E+01
2.2347897E+02  2.2498892E+01  2.4012885E+01
2.2353459E+02  2.2511303E+01  2.4012603E+01
2.2359021E+02  2.2521525E+01  2.4013464E+01
2.2364583E+02  2.2530086E+01  2.4014809E+01
2.2370145E+02  2.2538409E+01  2.4016118E+01
2.2375707E+02  2.2547640E+01  2.4017820E+01
2.2381269E+02  2.2557907E+01  2.4021288E+01
2.2386831E+02  2.2568422E+01  2.4027353E+01
2.2392393E+02  2.2578357E+01  2.4035404E+01
2.2397955E+02  2.2587373E+01  2.4043480E+01
2.2403517E+02  2.2595604E+01  2.4049662E+01
2.2409079E+02  2.2603241E+01  2.4053123E+01
2.2414641E+02  2.2610184E+01  2.4054319E+01
2.2420202E+02  2.2616052E+01  2.4054195E+01
2.2425764E+02  2.2620509E+01  2.4053235E+01
2.2431326E+02  2.2623544E+01  2.4051203E+01
2.2436888E+02  2.2625364E+01  2.4047747E+01
2.2442450E+02  2.2626112E+01  2.4043012E+01
2.2448012E+02  2.2625681E+01  2.4037758E+01
2.2453574E+02  2.2623786E+01  2.4032909E+01
2.2459136E+02  2.2620181E+01  2.4029178E+01
2.2464698E+02  2.2614806E+01  2.4027039E+01
2.2470260E+02  2.2607880E+01  2.4026721E+01
2.2475822E+02  2.2599767E+01  2.4028163E+01
2.2481384E+02  2.2590815E+01  2.4031000E+01
2.2486946E+02  2.2581311E+01  2.4034847E+01
2.2492508E+02  2.2571627E+01  2.4039537E+01
2.2498070E+02  2.2562377E+01  2.4045115E+01
2.2503632E+02  2.2554303E+01  2.4051397E+01
2.2509194E+02  2.2547983E+01  2.4057657E+01
2.2514756E+02  2.2543579E+01  2.4062668E+01
2.2520317E+02  2.2540904E+01  2.4065282E+01
2.2525879E+02  2.2539694E+01  2.4065070E+01
2.2531441E+02  2.2539840E+01  2.4062374E+01
2.2537003E+02  2.2541076E+01  2.4057910E+01
2.2542565E+02  2.2542578E+01  2.4052276E+01
2.2548127E+02  2.2542888E+01  2.4045870E+01
2.2553689E+02  2.2540693E+01  2.4038937E+01
2.2559251E+02  2.2535837E+01  2.4031632E+01
2.2564813E+02  2.2529545E+01  2.4024030E+01
2.2570375E+02  2.2523841E+01  2.4016158E+01
2.2575937E+02  2.2520505E+01  2.4008166E+01
2.2581499E+02  2.2520579E+01  2.4000482E+01
2.2587061E+02  2.2524203E+01  2.3993831E+01
2.2592623E+02  2.2530731E+01  2.3988988E+01
2.2598185E+02  2.2539149E+01  2.3986372E+01
2.2603747E+02  2.2548528E+01  2.3985971E+01
2.2609309E+02  2.2558464E+01  2.3987515E+01
2.2614871E+02  2.2568868E+01  2.3990865E+01
2.2620433E+02  2.2579758E+01  2.3996037E+01
2.2625994E+02  2.2591128E+01  2.4002951E+01
2.2631556E+02  2.2603143E+01  2.4011035E+01
2.2637118E+02  2.2615951E+01  2.4019293E+01
2.2642680E+02  2.2629291E+01  2.4026839E+01
2.2648242E+02  2.2642326E+01  2.4033514E+01
2.2653804E+02  2.2654082E+01  2.4039856E+01
2.2659366E+02  2.2664111E+01  2.4046614E+01
2.2664928E+02  2.2672603E+01  2.4054158E+01
2.2670490E+02  2.2679908E+01  2.4062530E+01
2.2676052E+02  2.2685952E+01  2.4071714E+01
2.2681614E+02  2.2690365E+01  2.4081989E+01
2.2687176E+02  2.2692778E+01  2.4093777E+01
2.2692738E+02  2.2693306E+01  2.4107127E+01
2.2698300E+02  2.2692462E+01  2.4121337E+01
2.2703862E+02  2.2690987E+01  2.4135109E+01
2.2709424E+02  2.2689517E+01  2.4147042E+01
2.2714986E+02  2.2688477E+01  2.4155961E+01
2.2720548E+02  2.2688164E+01  2.4160989E+01
2.2726109E+02  2.2688929E+01  2.4161801E+01
2.2731671E+02  2.2691230E+01  2.4158996E+01
2.2737233E+02  2.2695467E+01  2.4154065E+01
2.2742795E+02  2.2701631E+01  2.4148819E+01
2.2748357E+02  2.2709169E+01  2.4144545E+01
2.2753919E+02  2.2717216E+01  2.4141895E+01
2.2759481E+02  2.2725122E+01  2.4140989E+01
2.2765043E+02  2.2732681E+01  2.4141800E+01
2.2770605E+02  2.2740000E+01  2.4144245E+01
2.2776167E+02  2.2747228E+01  2.4148253E+01
2.2781729E+02  2.2754902E+01  2.4153839E+01
2.2787291E+02  2.2763998E+01  2.4160985E+01
2.2792853E+02  2.2775526E+01  2.4169276E+01
2.2798415E+02  2.2789394E+01  2.4177761E+01
2.2803977E+02  2.2804347E+01  2.4185140E+01
2.2809539E+02  2.2818563E+01  2.4190530E+01
2.2815101E+02  2.2830621E+01  2.4194174E+01
2.2820663E+02  2.2839639E+01  2.4197466E+01
2.2826224E+02  2.2845198E+01  2.4202317E+01
2.2831786E+02  2.2847091E+01  2.4209891E+01
2.2837348E+02  2.2845234E+01  2.4220330E+01
2.2842910E+02  2.2839589E+01  2.4232806E+01
2.2848472E+02  2.2830440E+01  2.4246522E+01
2.2854034E+02  2.2818512E+01  2.4260987E+01
2.2859596E+02  2.2805068E+01  2.4275968E+01
2.2865158E+02  2.2791447E+01  2.4290838E+01
2.2870720E+02  2.2778814E+01  2.4304480E+01
2.2876282E+02  2.2767782E+01  2.4315664E+01
2.2881844E+02  2.2758820E+01  2.4323810E+01
2.2887406E+02  2.2752447E+01  2.4329191E+01
2.2892968E+02  2.2749410E+01  2.4332821E+01
2.2898530E+02  2.2750077E+01  2.4335740E+01
2.2904092E+02  2.2754269E+01  2.4338649E+01
2.2909654E+02  2.2761265E+01  2.4341388E+01
2.2915216E+02  2.2770185E+01  2.4343406E+01
2.2920778E+02  2.2780144E+01  2.4344029E+01
2.2926340E+02  2.2790386E+01  2.4342903E+01
2.2931901E+02  2.2800132E+01  2.4339849E+01
2.2937463E+02  2.2808519E+01  2.4334899E+01
2.2943025E+02  2.2814637E+01  2.4328557E+01
2.2948587E+02  2.2818218E+01  2.4321631E+01
2.2954149E+02  2.2819816E+01  2.4315066E+01
2.2959711E+02  2.2820485E+01  2.4309462E+01
2.2965273E+02  2.2820912E+01  2.4305248E+01
2.2970835E+02  2.2821247E+01  2.4302772E+01
2.2976397E+02  2.2821512E+01  2.4302250E+01
2.2981959E+02  2.2821769E+01  2.4303596E+01
2.2987521E+02  2.2822051E+01  2.4306498E+01
2.2993083E+02  2.2822016E+01  2.4311010E+01
2.2998645E+02  2.2821409E+01  2.4317778E+01
2.3004207E+02  2.2820237E+01  2.4327840E+01
2.3009769E+02  2.2818735E+01  2.4341609E+01
2.3015331E+02  2.2816938E+01  2.4358520E+01
2.3020893E+02  2.2814628E+01  2.4377162E+01
2.3026455E+02  2.2811740E+01  2.4396074E+01
2.3032016E+02  2.2808692E+01  2.4414094E+01
2.3037578E+02  2.2806417E+01  2.4430438E+01
2.3043140E+02  2.2805883E+01  2.4444803E+01
2.3048702E+02  2.2807398E+01  2.4457166E+01
2.3054264E+02  2.2810440E+01  2.4467648E+01
2.3059826E+02  2.2814002E+01  2.4476279E+01
2.3065388E+02  2.2817395E+01  2.4483250E+01
2.3070950E+02  2.2820517E+01  2.4489048E+01
2.3076512E+02  2.2823716E+01  2.4494364E+01
2.3082074E+02  2.2827322E+01  2.4499923E+01
2.3087636E+02  2.2831472E+01  2.4506442E+01
2.3093198E+02  2.2836147E+01  2.4514717E+01
2.3098760E+02  2.2841272E+01  2.4525335E+01
2.3104322E+02  2.2846751E+01  2.4538492E+01
2.3109884E+02  2.2852432E+01  2.4553640E+01
2.3115446E+02  2.2858279E+01  2.4569707E+01
2.3121008E+02  2.2864486E+01  2.4585341E+01
2.3126570E+02  2.2871433E+01  2.4599348E+01
2.3132131E+02  2.2879383E+01  2.4610981E+01
2.3137693E+02  2.2888312E+01  2.4619956E+01
2.3143255E+02  2.2897881E+01  2.4626347E+01
2.3148817E+02  2.2907382E+01  2.4630557E+01
2.3154379E+02  2.2915748E+01  2.4633328E+01
2.3159941E+02  2.2921952E+01  2.4635658E+01
2.3165503E+02  2.2925631E+01  2.4638252E+01
2.3171065E+02  2.2927285E+01  2.4641244E+01
2.3176627E+02  2.2927855E+01  2.4644355E+01
2.3182189E+02  2.2928113E+01  2.4647349E+01
2.3187751E+02  2.2928462E+01  2.4650251E+01
2.3193313E+02  2.2929136E+01  2.4653216E+01
2.3198875E+02  2.2930506E+01  2.4656469E+01
2.3204437E+02  2.2933224E+01  2.4660301E+01
2.3209999E+02  2.2937933E+01  2.4664976E+01
2.3215561E+02  2.2944925E+01  2.4670572E+01
2.3221123E+02  2.2954038E+01  2.4676916E+01
2.3226685E+02  2.2964821E+01  2.4683812E+01
2.3232247E+02  2.2976801E+01  2.4691255E+01
2.3237808E+02  2.2989622E+01  2.4699444E+01
2.3243370E+02  2.3003299E+01  2.4708266E+01
2.3248932E+02  2.3018106E+01  2.4717164E+01
2.3254494E+02  2.3034336E+01  2.4725366E+01
2.3260056E+02  2.3052082E+01  2.4732713E+01
2.3265618E+02  2.3071232E+01  2.4739741E+01
2.3271180E+02  2.3091601E+01  2.4747252E+01
2.3276742E+02  2.3113012E+01  2.4755510E+01
2.3282304E+02  2.3135365E+01  2.4763941E+01
2.3287866E+02  2.3158655E+01  2.4771397E+01
2.3293428E+02  2.3182748E+01  2.4776828E+01
2.3298990E+02  2.3207217E+01  2.4780024E+01
2.3304552E+02  2.3231383E+01  2.4781761E+01
2.3310114E+02  2.3254440E+01  2.4783277E+01
2.3315676E+02  2.3275683E+01  2.4785551E+01
2.3321238E+02  2.3294643E+01  2.4789027E+01
2.3326800E+02  2.3311391E+01  2.4793633E+01
2.3332362E+02  2.3326705E+01  2.4799021E+01
2.3337923E+02  2.3341915E+01  2.4804809E+01
2.3343485E+02  2.3358311E+01  2.4810772E+01
2.3349047E+02  2.3376385E+01  2.4816949E+01
2.3354609E+02  2.3395614E+01  2.4823570E+01
2.3360171E+02  2.3414961E+01  2.4831017E+01
2.3365733E+02  2.3433580E+01  2.4839570E+01
2.3371295E+02  2.3451055E+01  2.4849179E+01
2.3376857E+02  2.3467143E+01  2.4859498E+01
2.3382419E+02  2.3481702E+01  2.4870024E+01
2.3387981E+02  2.3494926E+01  2.4880267E+01
2.3393543E+02  2.3507516E+01  2.4889738E+01
2.3399105E+02  2.3520541E+01  2.4898210E+01
2.3404667E+02  2.3534963E+01  2.4906111E+01
2.3410229E+02  2.3551405E+01  2.4914290E+01
2.3415791E+02  2.3569858E+01  2.4923161E+01
2.3421353E+02  2.3589669E+01  2.4931973E+01
2.3426915E+02  2.3609770E+01  2.4939351E+01
2.3432477E+02  2.3629215E+01  2.4944637E+01
2.3438038E+02  2.3647541E+01  2.4948723E+01
2.3443600E+02  2.3664811E+01  2.4953602E+01
2.3449162E+02  2.3681552E+01  2.4961112E+01
2.3454724E+02  2.3698610E+01  2.4972064E+01
2.3460286E+02  2.3716648E+01  2.4986242E+01
2.3465848E+02  2.3735602E+01  2.5002815E+01
2.3471410E+02  2.3754762E+01  2.5021004E+01
2.3476972E+02  2.3773174E+01  2.5040246E+01
2.3482534E+02  2.3790301E+01  2.5060275E+01
2.3488096E+02  2.3806008E+01  2.5080944E+01
2.3493658E+02  2.3820510E+01  2.5102171E+01
2.3499220E+02  2.3834075E+01  2.5123827E+01
2.3504782E+02  2.3846643E+01  2.5145612E+01
2.3510344E+02  2.3857771E+01  2.5166966E+01
2.3515906E+02  2.3866943E+01  2.5187042E+01
2.3521468E+02  2.3874209E+01  2.5204884E+01
2.3527030E+02  2.3880209E+01  2.5219697E+01
2.3532592E+02  2.3885901E+01  2.5231271E+01
2.3538154E+02  2.3892230E+01  2.5240036E+01
2.3543715E+02  2.3900056E+01  2.5246857E+01
2.3549277E+02  2.3909954E+01  2.5252650E+01
2.3554839E+02  2.3921871E+01  2.5258248E+01
2.3560401E+02  2.3935012E+01  2.5264362E+01
2.3565963E+02  2.3948062E+01  2.5271523E+01
2.3571525E+02  2.3960026E+01  2.5280013E+01
2.3577087E+02  2.3970572E+01  2.5289883E+01
2.3582649E+02  2.3980274E+01  2.5300980E+01
2.3588211E+02  2.3990031E+01  2.5312874E+01
2.3593773E+02  2.4000739E+01  2.5324831E+01
2.3599335E+02  2.4012733E+01  2.5335917E+01
2.3604897E+02  2.4025688E+01  2.5345324E+01
2.3610459E+02  2.4038812E+01  2.5352495E+01
2.3616021E+02  2.4051522E+01  2.5357205E+01
2.3621583E+02  2.4064085E+01  2.5359301E+01
2.3627145E+02  2.4077605E+01  2.5358660E+01
2.3632707E+02  2.4093578E+01  2.5355347E+01
2.3638269E+02  2.4113013E+01  2.5350216E+01
2.3643830E+02  2.4136139E+01  2.5344958E+01
2.3649392E+02  2.4162124E+01  2.5341605E+01
2.3654954E+02  2.4189331E+01  2.5341423E+01
2.3660516E+02  2.4215635E+01  2.5344718E+01
2.3666078E+02  2.4239346E+01  2.5351062E+01
2.3671640E+02  2.4259896E+01  2.5359911E+01
2.3677202E+02  2.4277830E+01  2.5370756E+01
2.3682764E+02  2.4294278E+01  2.5383225E+01
2.3688326E+02  2.4310372E+01  2.5397202E+01
2.3693888E+02  2.4327130E+01  2.5412755E+01
2.3699450E+02  2.4345324E+01  2.5429780E+01
2.3705012E+02  2.4365287E+01  2.5447753E+01
2.3710574E+02  2.4386880E+01  2.5465806E+01
2.3716136E+02  2.4409573E+01  2.5483138E+01
2.3721698E+02  2.4432900E+01  2.5499146E+01
2.3727260E+02  2.4456616E+01  2.5513459E+01
2.3732822E+02  2.4480763E+01  2.5525926E+01
2.3738384E+02  2.4505369E+01  2.6136505E+01
2.3743945E+02  2.4530280E+01  2.6145174E+01
2.3749507E+02  2.4554880E+01  2.6151765E+01
2.3755069E+02  2.4578275E+01  2.6156375E+01
2.3760631E+02  2.4599496E+01  2.6159543E+01
2.3766193E+02  2.4618104E+01  2.6162276E+01
2.3771755E+02  2.4634472E+01  2.6165283E+01
2.3777317E+02  2.4649745E+01  2.6168729E+01
2.3782879E+02  2.4665308E+01  2.6172210E+01
2.3788441E+02  2.4681938E+01  2.6175283E+01
2.3794003E+02  2.4699588E+01  2.6177596E+01
2.3799565E+02  2.4717548E+01  2.6178804E+01
2.3805127E+02  2.4735445E+01  2.6178535E+01
2.3810689E+02  2.4753561E+01  2.6176459E+01
2.3816251E+02  2.4772868E+01  2.6172585E+01
2.3821813E+02  2.4794121E+01  2.6167146E+01
2.3827375E+02  2.4817476E+01  2.6160492E+01
2.3832937E+02  2.4842544E+01  2.6152912E+01
2.3838499E+02  2.4868936E+01  2.6144602E+01
2.3844061E+02  2.4896496E+01  2.6135625E+01
2.3849622E+02  2.4925276E+01  2.6125573E+01
2.3855184E+02  2.4955295E+01  2.6113709E+01
2.3860746E+02  2.4986405E+01  2.6099210E+01
2.3866308E+02  2.5018080E+01  2.6081998E+01
2.3871870E+02  2.5049583E+01  2.6062731E+01
2.3877432E+02  2.5080133E+01  2.6042574E+01
2.3882994E+02  2.5109281E+01  2.6022570E+01
2.3888556E+02  2.5136854E+01  2.6003654E+01
2.3894118E+02  2.5162832E+01  2.5986782E+01
2.3899680E+02  2.5187148E+01  2.5973155E+01
2.3905242E+02  2.5209734E+01  2.5964082E+01
2.3910804E+02  2.5230556E+01  2.5960772E+01
2.3916366E+02  2.5249462E+01  2.5963488E+01
2.3921928E+02  2.5266390E+01  2.5971127E+01
2.3927490E+02  2.5281573E+01  2.5981392E+01
2.3933052E+02  2.5295965E+01  2.5992271E+01
2.3938614E+02  2.5310717E+01  2.6002596E+01
2.3944176E+02  2.5326733E+01  2.6011843E+01
2.3949737E+02  2.5344255E+01  2.6019210E+01
2.3955299E+02  2.5363080E+01  2.6024122E+01
2.3960861E+02  2.5382816E+01  2.6026765E+01
2.3966423E+02  2.5403256E+01  2.6028311E+01
2.3971985E+02  2.5424568E+01  2.6029769E+01
2.3977547E+02  2.5447238E+01  2.6031321E+01
2.3983109E+02  2.5471470E+01  2.6032469E+01
2.3988671E+02  2.5496813E+01  2.6032980E+01
2.3994233E+02  2.5522150E+01  2.6033508E+01
2.3999795E+02  2.5546337E+01  2.6035211E+01
2.4005357E+02  2.5568844E+01  2.6038879E+01
2.4010919E+02  2.5589905E+01  2.6044480E+01
2.4016481E+02  2.5610421E+01  2.6051281E+01
2.4022043E+02  2.5631425E+01  2.6058362E+01
2.4027605E+02  2.5653699E+01  2.6064948E+01
2.4033167E+02  2.5676989E+01  2.6070664E+01
2.4038729E+02  2.5699929E+01  2.6075399E+01
2.4044291E+02  2.5720417E+01  2.6079082E+01
2.4049853E+02  2.5736818E+01  2.6081593E+01
2.4055414E+02  2.5748781E+01  2.6082996E+01
2.4060976E+02  2.5757220E+01  2.6083754E+01
2.4066538E+02  2.5763459E+01  2.6084712E+01
2.4072100E+02  2.5768382E+01  2.6086762E+01
2.4077662E+02  2.5772149E+01  2.6090538E+01
2.4083224E+02  2.5774617E+01  2.6096185E+01
2.4088786E+02  2.5775998E+01  2.6103332E+01
2.4094348E+02  2.5777137E+01  2.6111258E+01
2.4099910E+02  2.5779171E+01  2.6119205E+01
2.4105472E+02  2.5782932E+01  2.6126756E+01
2.4111034E+02  2.5788661E+01  2.6133943E+01
2.4116596E+02  2.5796221E+01  2.6141107E+01
2.4122158E+02  2.5805427E+01  2.6148580E+01
2.4127720E+02  2.5816175E+01  2.6156490E+01
2.4133282E+02  2.5828280E+01  2.6164773E+01
2.4138844E+02  2.5841392E+01  2.6173225E+01
2.4144406E+02  2.5855053E+01  2.6181546E+01
2.4149968E+02  2.5868897E+01  2.6189381E+01
2.4155529E+02  2.5882806E+01  2.6196289E+01
2.4161091E+02  2.5896889E+01  2.6201676E+01
2.4166653E+02  2.5911280E+01  2.6204802E+01
2.4172215E+02  2.5925932E+01  2.6205211E+01
2.4177777E+02  2.5940548E+01  2.6203257E+01
2.4183339E+02  2.5954798E+01  2.6200050E+01
2.4188901E+02  2.5968610E+01  2.6196927E+01
2.4194463E+02  2.5982227E+01  2.6194857E+01
2.4200025E+02  2.5996014E+01  2.6194402E+01
2.4205587E+02  2.6010243E+01  2.6195756E+01
2.4211149E+02  2.6025118E+01  2.6198818E+01
2.4216711E+02  2.6040831E+01  2.6203263E+01
2.4222273E+02  2.6057553E+01  2.6208662E+01
2.4227835E+02  2.6075330E+01  2.6214559E+01
2.4233397E+02  2.6093906E+01  2.6220477E+01
2.4238959E+02  2.6112652E+01  2.6226108E+01
2.4244521E+02  2.6130710E+01  2.6231525E+01
2.4250083E+02  2.6147414E+01  2.6237034E+01
2.4255644E+02  2.6162526E+01  2.6242868E+01
2.4261206E+02  2.6175893E+01  2.6248945E+01
2.4266768E+02  2.6187166E+01  2.6255113E+01
2.4272330E+02  2.6195710E+01  2.6261462E+01
2.4277892E+02  2.6201107E+01  2.6268190E+01
2.4283454E+02  2.6203361E+01  2.6275347E+01
2.4289016E+02  2.6202956E+01  2.6282666E+01
2.4294578E+02  2.6200546E+01  2.6289860E+01
2.4300140E+02  2.6196787E+01  2.6296909E+01
2.4305702E+02  2.6192084E+01  2.6304275E+01
2.4311264E+02  2.6186517E+01  2.6312641E+01
2.4316826E+02  2.6179943E+01  2.6322480E+01
2.4322388E+02  2.6172363E+01  2.6333506E+01
2.4327950E+02  2.6164265E+01  2.6344729E+01
2.4333512E+02  2.6156603E+01  2.6354851E+01
2.4339074E+02  2.6150488E+01  2.6363062E+01
2.4344636E+02  2.6146649E+01  2.6369555E+01
2.4350198E+02  2.6145276E+01  2.6375413E+01
2.4355760E+02  2.6146078E+01  2.6381806E+01
2.4361321E+02  2.6148764E+01  2.6389003E+01
2.4366883E+02  2.6153170E+01  2.6396422E+01
2.4372445E+02  2.6159183E+01  2.6403369E+01
2.4378007E+02  2.6166299E+01  2.6409883E+01
2.4383569E+02  2.6173620E+01  2.6416699E+01
2.4389131E+02  2.6180145E+01  2.6424814E+01
2.4394693E+02  2.6185239E+01  2.6435143E+01
2.4400255E+02  2.6188666E+01  2.6448286E+01
2.4405817E+02  2.6190478E+01  2.6464025E+01
2.4411379E+02  2.6190820E+01  2.6481046E+01
2.4416941E+02  2.6189965E+01  2.6497337E+01
2.4422503E+02  2.6188298E+01  2.6511259E+01
2.4428065E+02  2.6185955E+01  2.6522300E+01
2.4433627E+02  2.6182715E+01  2.6531049E+01
2.4439189E+02  2.6178122E+01  2.6538519E+01
2.4444751E+02  2.6172270E+01  2.6545224E+01
2.4450313E+02  2.6165773E+01  2.6551019E+01
2.4455875E+02  2.6159009E+01  2.6555424E+01
2.4461436E+02  2.6151171E+01  2.6558695E+01
2.4466998E+02  2.6140533E+01  2.6562028E+01
2.4472560E+02  2.6125888E+01  2.6567184E+01
2.4478122E+02  2.6107545E+01  2.6575264E+01
2.4483684E+02  2.6087143E+01  2.6586264E+01
2.4489246E+02  2.6066503E+01  2.6598806E+01
2.4494808E+02  2.6046818E+01  2.6611020E+01
2.4500370E+02  2.6028630E+01  2.6621158E+01
2.4505932E+02  2.6012175E+01  2.6628797E+01
2.4511494E+02  2.5997846E+01  2.6634888E+01
2.4517056E+02  2.5986212E+01  2.6641464E+01
2.4522618E+02  2.5977632E+01  2.6650378E+01
2.4528180E+02  2.5971869E+01  2.6662207E+01
2.4533742E+02  2.5968144E+01  2.6676230E+01
2.4539304E+02  2.5965712E+01  2.6691325E+01
2.4544866E+02  2.5964203E+01  2.6706907E+01
2.4550428E+02  2.5963537E+01  2.6722936E+01
2.4555990E+02  2.5963323E+01  2.6739161E+01
2.4561551E+02  2.5962397E+01  2.6754888E+01
2.4567113E+02  2.5958937E+01  2.6769162E+01
2.4572675E+02  2.5951384E+01  2.6781554E+01
2.4578237E+02  2.5939541E+01  2.6792502E+01
2.4583799E+02  2.5924675E+01  2.6803178E+01
2.4589361E+02  2.5908735E+01  2.6814723E+01
2.4594923E+02  2.5892856E+01  2.6827601E+01
2.4600485E+02  2.5877099E+01  2.6841542E+01
2.4606047E+02  2.5860927E+01  2.6855857E+01
2.4611609E+02  2.5844623E+01  2.6869857E+01
2.4617171E+02  2.5829611E+01  2.6883014E+01
2.4622733E+02  2.5817481E+01  2.6895187E+01
2.4628295E+02  2.5808505E+01  2.6906576E+01
2.4633857E+02  2.5801368E+01  2.6917629E+01
2.4639419E+02  2.5794204E+01  2.6928718E+01
2.4644981E+02  2.5786020E+01  2.6640111E+01
2.4650543E+02  2.5777073E+01  2.6652026E+01
2.4656105E+02  2.5768647E+01  2.6664727E+01
2.4661667E+02  2.5762002E+01  2.6678281E+01
2.4667228E+02  2.5757932E+01  2.6692463E+01
2.4672790E+02  2.5756330E+01  2.6706777E+01
2.4678352E+02  2.5756823E+01  2.6720698E+01
2.4683914E+02  2.5759101E+01  2.6733757E+01
2.4689476E+02  2.5763240E+01  2.6745605E+01
2.4695038E+02  2.5769099E+01  2.6756172E+01
2.4700600E+02  2.5775962E+01  2.6765707E+01
2.4706162E+02  2.5782469E+01  2.6774605E+01
2.4711724E+02  2.5787521E+01  2.6782979E+01
2.4717286E+02  2.5790802E+01  2.6790531E+01
2.4722848E+02  2.5793154E+01  2.6796858E+01
2.4728410E+02  2.5795894E+01  2.6801835E+01
2.4733972E+02  2.5800317E+01  2.6805684E+01
2.4739534E+02  2.5807052E+01  2.6808641E+01
2.4745096E+02  2.5815954E+01  2.6810987E+01
2.4750658E+02  2.5826249E+01  2.6813139E+01
2.4756220E+02  2.5836990E+01  2.6815691E+01
2.4761782E+02  2.5847479E+01  2.6818874E+01
2.4767343E+02  2.5857363E+01  2.6822348E+01
2.4772905E+02  2.5866539E+01  2.6825596E+01
2.4778467E+02  2.5875115E+01  2.6828493E+01
2.4784029E+02  2.5883383E+01  2.6831541E+01
2.4789591E+02  2.5891598E+01  2.6835490E+01
2.4795153E+02  2.5899680E+01  2.6840970E+01
2.4800715E+02  2.5907124E+01  2.6848393E+01
2.4806277E+02  2.5913305E+01  2.6857903E+01
2.4811839E+02  2.5917752E+01  2.6869448E+01
2.4817401E+02  2.5920226E+01  2.6882834E+01
2.4822963E+02  2.5920786E+01  2.6897664E+01
2.4828525E+02  2.5920016E+01  2.6913172E+01
2.4834087E+02  2.5919086E+01  2.6928179E+01
2.4839649E+02  2.5919269E+01  2.6941645E+01
2.4845211E+02  2.5921063E+01  2.6953098E+01
2.4850773E+02  2.5923856E+01  2.6962684E+01
2.4856335E+02  2.5926373E+01  2.6970784E+01
2.4861897E+02  2.5927798E+01  2.6977759E+01
2.4867458E+02  2.5928512E+01  2.6983918E+01
2.4873020E+02  2.5929817E+01  2.6989504E+01
2.4878582E+02  2.5932799E+01  2.6994654E+01
2.4884144E+02  2.5937522E+01  2.6999387E+01
2.4889706E+02  2.5943198E+01  2.7003694E+01
2.4895268E+02  2.5949002E+01  2.7007668E+01
2.4900830E+02  2.5954634E+01  2.7011539E+01
2.4906392E+02  2.5960142E+01  2.7015625E+01
2.4911954E+02  2.5965303E+01  2.7020290E+01
2.4917516E+02  2.5969242E+01  2.7025909E+01
2.4923078E+02  2.5970773E+01  2.7032599E+01
2.4928640E+02  2.5968971E+01  2.7039924E+01
2.4934202E+02  2.5963437E+01  2.7046852E+01
2.4939764E+02  2.5954147E+01  2.7052313E+01
2.4945326E+02  2.5941487E+01  2.7055781E+01
2.4950888E+02  2.5926410E+01  2.7057456E+01
2.4956450E+02  2.5910396E+01  2.7058013E+01
2.4962012E+02  2.5894942E+01  2.7058113E+01
2.4967574E+02  2.5881033E+01  2.7058147E+01
2.4973135E+02  2.5869077E+01  2.7058132E+01
2.4978697E+02  2.5859117E+01  2.7057958E+01
2.4984259E+02  2.5851103E+01  2.7057797E+01
2.4989821E+02  2.5844794E+01  2.7058319E+01
2.4995383E+02  2.5839997E+01  2.7060477E+01
2.5000945E+02  2.5836945E+01  2.7065030E+01
2.5006507E+02  2.5836400E+01  2.7072303E+01
2.5012069E+02  2.5839038E+01  2.7082136E+01
2.5017631E+02  2.5844665E+01  2.7094079E+01
2.5023193E+02  2.5852432E+01  2.7107470E+01
2.5028755E+02  2.5861549E+01  2.7121513E+01
2.5034317E+02  2.5871813E+01  2.7135294E+01
2.5039879E+02  2.5883409E+01  2.7148018E+01
2.5045441E+02  2.5896748E+01  2.7159309E+01
2.5051003E+02  2.5912529E+01  2.7169305E+01
2.5056565E+02  2.5931536E+01  2.7178560E+01
2.5062127E+02  2.5954021E+01  2.7187746E+01
2.5067689E+02  2.5979189E+01  2.7197438E+01
2.5073250E+02  2.6005530E+01  2.7207799E+01
2.5078812E+02  2.6031585E+01  2.7218494E+01
2.5084374E+02  2.6056382E+01  2.7229123E+01
2.5089936E+02  2.6079481E+01  2.7239761E+01
2.5095498E+02  2.6100870E+01  2.7251220E+01
2.5101060E+02  2.6120787E+01  2.7264446E+01
2.5106622E+02  2.6139475E+01  2.7279899E+01
2.5112184E+02  2.6156964E+01  2.7297009E+01
2.5117746E+02  2.6173219E+01  2.7314459E+01
2.5123308E+02  2.6188236E+01  2.7330837E+01
2.5128870E+02  2.6202149E+01  2.7345429E+01
2.5134432E+02  2.6215163E+01  2.7358190E+01
2.5139994E+02  2.6227467E+01  2.7369396E+01
2.5145556E+02  2.6239031E+01  2.7379120E+01
2.5151118E+02  2.6249452E+01  2.7387405E+01
2.5156680E+02  2.6257989E+01  2.7394388E+01
2.5162242E+02  2.6263785E+01  2.7400485E+01
2.5167804E+02  2.6266145E+01  2.7406413E+01
2.5173365E+02  2.6264781E+01  2.7413243E+01
2.5178927E+02  2.6260213E+01  2.7422126E+01
2.5184489E+02  2.6253850E+01  2.7433552E+01
2.5190051E+02  2.6247613E+01  2.7447189E+01
2.5195613E+02  2.6242931E+01  2.7462098E+01
2.5201175E+02  2.6240002E+01  2.7477424E+01
2.5206737E+02  2.6237914E+01  2.7492470E+01
2.5212299E+02  2.6235409E+01  2.7506642E+01
2.5217861E+02  2.6232033E+01  2.7519367E+01
2.5223423E+02  2.6228438E+01  2.7530106E+01
2.5228985E+02  2.6226299E+01  2.7538515E+01
2.5234547E+02  2.6227259E+01  2.7544597E+01
2.5240109E+02  2.6232415E+01  2.7548745E+01
2.5245671E+02  2.6241631E+01  2.7551592E+01
2.5251233E+02  2.6253865E+01  2.7553518E+01
2.5256795E+02  2.6267504E+01  2.7554612E+01
2.5262357E+02  2.6281127E+01  2.7554935E+01
2.5267919E+02  2.6293890E+01  2.7554951E+01
2.5273481E+02  2.6305581E+01  2.7555447E+01
2.5279042E+02  2.6316477E+01  2.7557103E+01
2.5284604E+02  2.6326951E+01  2.7560211E+01
2.5290166E+02  2.6337165E+01  2.7564759E+01
2.5295728E+02  2.6346654E+01  2.7570778E+01
2.5301290E+02  2.6354812E+01  2.7578603E+01
2.5306852E+02  2.6361249E+01  2.7588738E+01
2.5312414E+02  2.6366432E+01  2.7601162E+01
2.5317976E+02  2.6371145E+01  2.7614901E+01
2.5323538E+02  2.6376252E+01  2.7628283E+01
2.5329100E+02  2.6382451E+01  2.7640065E+01
2.5334662E+02  2.6390444E+01  2.7649894E+01
2.5340224E+02  2.6400836E+01  2.7658184E+01
2.5345786E+02  2.6413631E+01  2.7665473E+01
2.5351348E+02  2.6428243E+01  2.7672129E+01
2.5356910E+02  2.6443668E+01  2.7678284E+01
2.5362472E+02  2.6458962E+01  2.7683769E+01
2.5368034E+02  2.6473306E+01  2.7688269E+01
2.5373596E+02  2.6486056E+01  2.7691412E+01
2.5379157E+02  2.6496931E+01  2.7692964E+01
2.5384719E+02  2.6506018E+01  2.7692924E+01
2.5390281E+02  2.6513666E+01  2.7691517E+01
2.5395843E+02  2.6520033E+01  2.7689124E+01
2.5401405E+02  2.6524909E+01  2.7686207E+01
2.5406967E+02  2.6527782E+01  2.7683327E+01
2.5412529E+02  2.6528309E+01  2.7681191E+01
2.5418091E+02  2.6527070E+01  2.7680356E+01
2.5423653E+02  2.6525696E+01  2.7681027E+01
2.5429215E+02  2.6526309E+01  2.7682677E+01
2.5434777E+02  2.6530212E+01  2.7684452E+01
2.5440339E+02  2.6537499E+01  2.7685491E+01
2.5445901E+02  2.6547112E+01  2.7685667E+01
2.5451463E+02  2.6557642E+01  2.7685426E+01
2.5457025E+02  2.6567740E+01  2.7685558E+01
2.5462587E+02  2.6576827E+01  2.7686680E+01
2.5468149E+02  2.6585082E+01  2.7689184E+01
2.5473711E+02  2.6593156E+01  2.7693269E+01
2.5479273E+02  2.6601155E+01  2.7698920E+01
2.5484834E+02  2.6608437E+01  2.7705730E+01
2.5490396E+02  2.6613782E+01  2.7712862E+01
2.5495958E+02  2.6616351E+01  2.7719342E+01
2.5501520E+02  2.6616057E+01  2.7724673E+01
2.5507082E+02  2.6613485E+01  2.7729045E+01
2.5512644E+02  2.6609341E+01  2.7733214E+01
2.5518206E+02  2.6604282E+01  2.7738005E+01
2.5523768E+02  2.6598972E+01  2.7744061E+01
2.5529330E+02  2.6594260E+01  2.7751616E+01
2.5534892E+02  2.6590870E+01  2.7760705E+01
2.5540454E+02  2.6589196E+01  2.7771342E+01
2.5546016E+02  2.6589123E+01  2.7783785E+01
2.5551578E+02  2.6590385E+01  2.7798185E+01
2.5557140E+02  2.6592788E+01  2.7814369E+01
2.5562702E+02  2.6596406E+01  2.7831622E+01
2.5568264E+02  2.6601535E+01  2.7848916E+01
2.5573826E+02  2.6608618E+01  2.7865113E+01
2.5579388E+02  2.6618096E+01  2.7879192E+01
2.5584949E+02  2.6630180E+01  2.7890444E+01
2.5590511E+02  2.6644715E+01  2.7898519E+01
2.5596073E+02  2.6660899E+01  2.7903409E+01
2.5601635E+02  2.6677386E+01  2.7905504E+01
2.5607197E+02  2.6692523E+01  2.7905648E+01
2.5612759E+02  2.6705118E+01  2.7905309E+01
2.5618321E+02  2.6714751E+01  2.7906248E+01
2.5623883E+02  2.6721684E+01  2.7910164E+01
2.5629445E+02  2.6726424E+01  2.7917708E+01
2.5635007E+02  2.6729447E+01  2.7928271E+01
2.5640569E+02  2.6731158E+01  2.7940295E+01
2.5646131E+02  2.6731869E+01  2.7952588E+01
2.5651693E+02  2.6731779E+01  2.7964876E+01
2.5657255E+02  2.6730962E+01  2.7977644E+01
2.5662817E+02  2.6729445E+01  2.7991256E+01
2.5668379E+02  2.6727292E+01  2.8005443E+01
2.5673941E+02  2.6724609E+01  2.8019431E+01
2.5679503E+02  2.6721345E+01  2.8032574E+01
2.5685064E+02  2.6717211E+01  2.8044750E+01
2.5690626E+02  2.6711778E+01  2.8056311E+01
2.5696188E+02  2.6704948E+01  2.8067627E+01
2.5701750E+02  2.6697121E+01  2.8078757E+01
2.5707312E+02  2.6689057E+01  2.8089447E+01
2.5712874E+02  2.6681426E+01  2.8099452E+01
2.5718436E+02  2.6674531E+01  2.8108706E+01
2.5723998E+02  2.6668321E+01  2.8117281E+01
2.5729560E+02  2.6662367E+01  2.8125072E+01
2.5735122E+02  2.6656232E+01  2.8131678E+01
2.5740684E+02  2.6649871E+01  2.8136520E+01
2.5746246E+02  2.6643897E+01  2.8139159E+01
2.5751808E+02  2.6639129E+01  2.8139653E+01
2.5757370E+02  2.6635871E+01  2.8138619E+01
2.5762932E+02  2.6633637E+01  2.8137048E+01
2.5768494E+02  2.6631413E+01  2.8135950E+01
2.5774056E+02  2.6628174E+01  2.8136156E+01
2.5779618E+02  2.6623197E+01  2.8138189E+01
2.5785180E+02  2.6616313E+01  2.8142085E+01
2.5790741E+02  2.6607885E+01  2.8147318E+01
2.5796303E+02  2.6598655E+01  2.8153020E+01
2.5801865E+02  2.6589355E+01  2.8158331E+01
2.5807427E+02  2.6580451E+01  2.8162567E+01
2.5812989E+02  2.6572083E+01  2.8165193E+01
2.5818551E+02  2.6564213E+01  2.8165850E+01
2.5824113E+02  2.6556892E+01  2.8164449E+01
2.5829675E+02  2.6550288E+01  2.8161235E+01
2.5835237E+02  2.6544517E+01  2.8156939E+01
2.5840799E+02  2.6539416E+01  2.8152851E+01
2.5846361E+02  2.6534584E+01  2.8150383E+01
2.5851923E+02  2.6529746E+01  2.8150407E+01
2.5857485E+02  2.6525135E+01  2.8153066E+01
2.5863047E+02  2.6521458E+01  2.8158224E+01
2.5868609E+02  2.6519432E+01  2.8165846E+01
2.5874171E+02  2.6519232E+01  2.8175792E+01
2.5879733E+02  2.6520455E+01  2.8187770E+01
2.5885295E+02  2.6522400E+01  2.8201409E+01
2.5890856E+02  2.6524476E+01  2.8216428E+01
2.5896418E+02  2.6526302E+01  2.8232605E+01
2.5901980E+02  2.6527773E+01  2.8249793E+01
2.5907542E+02  2.6529025E+01  2.8268016E+01
2.5913104E+02  2.6530298E+01  2.8287282E+01
2.5918666E+02  2.6531699E+01  2.8307351E+01
2.5924228E+02  2.6533071E+01  2.8327722E+01
2.5929790E+02  2.6534216E+01  2.8347761E+01
2.5935352E+02  2.6535246E+01  2.8366858E+01
2.5940914E+02  2.6536564E+01  2.8384355E+01
2.5946476E+02  2.6538538E+01  2.8399654E+01
2.5952038E+02  2.6541046E+01  2.8412558E+01
2.5957600E+02  2.6543560E+01  2.8423559E+01
2.5963162E+02  2.6545355E+01  2.8433643E+01
2.5968724E+02  2.6545897E+01  2.8443668E+01
2.5974286E+02  2.6544994E+01  2.8453858E+01
2.5979848E+02  2.6542833E+01  2.8463953E+01
2.5985410E+02  2.6539941E+01  2.8473615E+01
2.5990971E+02  2.6537025E+01  2.8482639E+01
2.5996533E+02  2.6534746E+01  2.8490907E+01
2.6002095E+02  2.6533317E+01  2.8498357E+01
2.6007657E+02  2.6532338E+01  2.8505163E+01
2.6013219E+02  2.6531011E+01  2.8511542E+01
2.6018781E+02  2.6528772E+01  2.8517409E+01
2.6024343E+02  2.6525547E+01  2.8522639E+01
2.6029905E+02  2.6521555E+01  2.8527520E+01
2.6035467E+02  2.6516854E+01  2.8533185E+01
2.6041029E+02  2.6511420E+01  2.8540533E+01
2.6046591E+02  2.6505363E+01  2.8549743E+01
2.6052153E+02  2.6499285E+01  2.8559945E+01
2.6057715E+02  2.6494104E+01  2.8570156E+01
2.6063277E+02  2.6490824E+01  2.8579540E+01
2.6068839E+02  2.6489967E+01  2.8587555E+01
2.6074401E+02  2.6491256E+01  2.8593693E+01
2.6079963E+02  2.6493662E+01  2.8597544E+01
2.6085525E+02  2.6495757E+01  2.8599133E+01
2.6091087E+02  2.6496237E+01  2.8599300E+01
2.6096648E+02  2.6494149E+01  2.8599551E+01
2.6102210E+02  2.6489368E+01  2.8601217E+01
2.6107772E+02  2.6482963E+01  2.8604731E+01
2.6113334E+02  2.6476975E+01  2.8609796E+01
2.6118896E+02  2.6473285E+01  2.8616322E+01
2.6124458E+02  2.6472535E+01  2.8624787E+01
2.6130020E+02  2.6474231E+01  2.8635931E+01
2.6135582E+02  2.6477779E+01  2.8649676E+01
2.6141144E+02  2.6483159E+01  2.8664960E+01
2.6146706E+02  2.6490764E+01  2.8680157E+01
2.6152268E+02  2.6500580E+01  2.8694358E+01
2.6157830E+02  2.6511923E+01  2.8707717E+01
2.6163392E+02  2.6523630E+01  2.8721139E+01
2.6168954E+02  2.6534739E+01  2.8735261E+01
2.6174516E+02  2.6544737E+01  2.8750204E+01
2.6180078E+02  2.6553506E+01  2.8765583E+01
2.6185640E+02  2.6560885E+01  2.8780589E+01
2.6191202E+02  2.6566484E+01  2.8793745E+01
2.6196763E+02  2.6569733E+01  2.8803038E+01
2.6202325E+02  2.6570286E+01  2.8806974E+01
2.6207887E+02  2.6568589E+01  2.8805621E+01
2.6213449E+02  2.6565951E+01  2.8800652E+01
2.6219011E+02  2.6564094E+01  2.8794334E+01
2.6224573E+02  2.6564162E+01  2.8788270E+01
2.6230135E+02  2.6566553E+01  2.8783125E+01
2.6235697E+02  2.6571382E+01  2.8778873E+01
2.6241259E+02  2.6579064E+01  2.8775612E+01
2.6246821E+02  2.6590220E+01  2.8773725E+01
2.6252383E+02  2.6604725E+01  2.8773639E+01
2.6257945E+02  2.6621408E+01  2.8775347E+01
2.6263507E+02  2.6638362E+01  2.8778371E+01
2.6269069E+02  2.6654393E+01  2.8782312E+01
2.6274631E+02  2.6669643E+01  2.8787316E+01
2.6280193E+02  2.6685461E+01  2.8794149E+01
2.6285755E+02  2.6702960E+01  2.8803740E+01
2.6291317E+02  2.6722006E+01  2.8816523E+01
2.6296878E+02  2.6741216E+01  2.8832259E+01
2.6302440E+02  2.6759260E+01  2.8850196E+01
2.6308002E+02  2.6775646E+01  2.8869249E+01
2.6313564E+02  2.6790670E+01  2.8888042E+01
2.6319126E+02  2.6804277E+01  2.8904967E+01
2.6324688E+02  2.6815691E+01  2.8918948E+01
2.6330250E+02  2.6823597E+01  2.8929770E+01
2.6335812E+02  2.6827206E+01  2.8938206E+01
2.6341374E+02  2.6826853E+01  2.8945302E+01
2.6346936E+02  2.6823931E+01  2.8952044E+01
2.6352498E+02  2.6820005E+01  2.8959133E+01
2.6358060E+02  2.6815972E+01  2.8966954E+01
2.6363622E+02  2.6811881E+01  2.8975588E+01
2.6369184E+02  2.6807667E+01  2.8984724E+01
2.6374746E+02  2.6803561E+01  2.8994064E+01
2.6380308E+02  2.6800007E+01  2.9003604E+01
2.6385870E+02  2.6796787E+01  2.9013896E+01
2.6391432E+02  2.6793510E+01  2.9025545E+01
2.6396994E+02  2.6790180E+01  2.9038847E+01
2.6402555E+02  2.6787865E+01  2.9053625E+01
2.6408117E+02  2.6787483E+01  2.9069632E+01
2.6413679E+02  2.6788995E+01  2.9086782E+01
2.6419241E+02  2.6791399E+01  2.9104914E+01
2.6424803E+02  2.6793747E+01  2.9123559E+01
2.6430365E+02  2.6795659E+01  2.9141931E+01
2.6435927E+02  2.6797073E+01  2.9159508E+01
2.6441489E+02  2.6797912E+01  2.9176201E+01
2.6447051E+02  2.6797933E+01  2.9192261E+01
2.6452613E+02  2.6796751E+01  2.9207894E+01
2.6458175E+02  2.6794241E+01  2.9223085E+01
2.6463737E+02  2.6790811E+01  2.9237647E+01
2.6469299E+02  2.6787512E+01  2.9251360E+01
2.6474861E+02  2.6785540E+01  2.9263972E+01
2.6480423E+02  2.6785838E+01  2.9275137E+01
2.6485985E+02  2.6789000E+01  2.9284354E+01
2.6491547E+02  2.6795120E+01  2.9291409E+01
2.6497109E+02  2.6803714E+01  2.9296722E+01
2.6502670E+02  2.6813592E+01  2.9301393E+01
2.6508232E+02  2.6823228E+01  2.9306450E+01
2.6513794E+02  2.6831123E+01  2.9312298E+01
2.6519356E+02  2.6836414E+01  2.9318652E+01
2.6524918E+02  2.6839122E+01  2.9324905E+01
2.6530480E+02  2.6840004E+01  2.9330523E+01
2.6536042E+02  2.6839687E+01  2.9335089E+01
2.6541604E+02  2.6838403E+01  2.9338367E+01
2.6547166E+02  2.6836440E+01  2.9340329E+01
2.6552728E+02  2.6835013E+01  2.9341184E+01
2.6558290E+02  2.6835864E+01  2.9341404E+01
2.6563852E+02  2.6840204E+01  2.9341723E+01
2.6569414E+02  2.6848074E+01  2.9343061E+01
2.6574976E+02  2.6858561E+01  2.9345994E+01
2.6580538E+02  2.6870495E+01  2.9350324E+01
2.6586100E+02  2.6882937E+01  2.9355134E+01
2.6591662E+02  2.6895488E+01  2.9359564E+01
2.6597224E+02  2.6908217E+01  2.9363477E+01
2.6602785E+02  2.6921349E+01  2.9367526E+01
2.6608347E+02  2.6935067E+01  2.9372728E+01
2.6613909E+02  2.6949552E+01  2.9379899E+01
2.6619471E+02  2.6964818E+01  2.9389478E+01
2.6625033E+02  2.6980534E+01  2.9401486E+01
2.6630595E+02  2.6996026E+01  2.9415662E+01
2.6636157E+02  2.7010745E+01  2.9431693E+01
2.6641719E+02  2.7024715E+01  2.9449445E+01
2.6647281E+02  2.7038459E+01  2.9468964E+01
2.6652843E+02  2.7052747E+01  2.9490099E+01
2.6658405E+02  2.7068327E+01  2.9512187E+01
2.6663967E+02  2.7085889E+01  2.9534155E+01
2.6669529E+02  2.7105683E+01  2.9554955E+01
2.6675091E+02  2.7127024E+01  2.9574057E+01
2.6680653E+02  2.7148189E+01  2.9591472E+01
2.6686215E+02  2.7167169E+01  2.9607561E+01
2.6691777E+02  2.7182872E+01  2.9622693E+01
2.6697339E+02  2.7195601E+01  2.9637057E+01
2.6702901E+02  2.7206605E+01  2.9650667E+01
2.6708462E+02  2.7217221E+01  2.9663517E+01
2.6714024E+02  2.7228311E+01  2.9675837E+01
2.6719586E+02  2.7240162E+01  2.9688056E+01
2.6725148E+02  2.7252490E+01  2.9700576E+01
2.6730710E+02  2.7264606E+01  2.9713551E+01
2.6736272E+02  2.7275758E+01  2.9727011E+01
2.6741834E+02  2.7285485E+01  2.9741094E+01
2.6747396E+02  2.7293432E+01  2.9756090E+01
2.6752958E+02  2.7299091E+01  2.9772109E+01
2.6758520E+02  2.7301747E+01  2.9788566E+01
2.6764082E+02  2.7300926E+01  2.9804087E+01
2.6769644E+02  2.7296551E+01  2.9816965E+01
2.6775206E+02  2.7289001E+01  2.9825986E+01
2.6780768E+02  2.7278940E+01  2.9830719E+01
2.6786330E+02  2.7267184E+01  2.9831299E+01
2.6791892E+02  2.7254537E+01  2.9828230E+01
2.6797454E+02  2.7241800E+01  2.9822678E+01
2.6803016E+02  2.7229800E+01  2.9816538E+01
2.6808577E+02  2.7219265E+01  2.9811966E+01
2.6814139E+02  2.7210448E+01  2.9810205E+01
2.6819701E+02  2.7203157E+01  2.9811342E+01
2.6825263E+02  2.7197106E+01  2.9814515E+01
2.6830825E+02  2.7192377E+01  2.9818822E+01
2.6836387E+02  2.7189325E+01  2.9823415E+01
2.6841949E+02  2.7188207E+01  2.9827324E+01
2.6847511E+02  2.7188934E+01  2.9829155E+01
2.6853073E+02  2.7191034E+01  2.9827451E+01
2.6858635E+02  2.7193715E+01  2.9821648E+01
2.6864197E+02  2.7196078E+01  2.9812532E+01
2.6869759E+02  2.7197479E+01  2.9801921E+01
2.6875321E+02  2.7198128E+01  2.9791730E+01
2.6880883E+02  2.7198953E+01  2.9783293E+01
2.6886445E+02  2.7201167E+01  2.9777282E+01
2.6892007E+02  2.7205066E+01  2.9773917E+01
2.6897569E+02  2.7209629E+01  2.9773339E+01
2.6903131E+02  2.7212891E+01  2.9775612E+01
2.6908693E+02  2.7213349E+01  2.9780516E+01
2.6914254E+02  2.7210928E+01  2.9787401E+01
2.6919816E+02  2.7206938E+01  2.9795355E+01
2.6925378E+02  2.7203212E+01  2.9803735E+01
2.6930940E+02  2.7200935E+01  2.9812299E+01
2.6936502E+02  2.7200369E+01  2.9821071E+01
2.6942064E+02  2.7200917E+01  2.9829960E+01
2.6947626E+02  2.7202008E+01  2.9838776E+01
2.6953188E+02  2.7203396E+01  2.9847321E+01
2.6958750E+02  2.7205558E+01  2.9855607E+01
2.6964312E+02  2.7209747E+01  2.9863894E+01
2.6969874E+02  2.7217819E+01  2.9872629E+01
2.6975436E+02  2.7216272E+01  2.9875522E+01
2.6980998E+02  2.7214808E+01  2.9878369E+01
2.6986560E+02  2.7213431E+01  2.9881172E+01
2.6992122E+02  2.7212145E+01  2.9883932E+01
2.6997684E+02  2.7210956E+01  2.9886650E+01
2.7003246E+02  2.7209867E+01  2.9889326E+01
2.7008808E+02  2.7208883E+01  2.9891963E+01
2.7014369E+02  2.7208008E+01  2.9894559E+01
2.7019931E+02  2.7207247E+01  2.9897117E+01
2.7025493E+02  2.7206603E+01  2.9899637E+01
2.7031055E+02  2.7206083E+01  2.9902120E+01
2.7036617E+02  2.7205688E+01  2.9904568E+01
2.7042179E+02  2.7205425E+01  2.9906980E+01
2.7047741E+02  2.7205298E+01  2.9909358E+01
2.7053303E+02  2.7205310E+01  2.9911703E+01
2.7058865E+02  2.7205467E+01  2.9914015E+01
2.7064427E+02  2.7205773E+01  2.9916296E+01
2.7069989E+02  2.7206231E+01  2.9918547E+01
2.7075551E+02  2.7206847E+01  2.9920768E+01
2.7081113E+02  2.7207625E+01  2.9922960E+01
2.7086675E+02  2.7208569E+01  2.9925124E+01
2.7092237E+02  2.7209684E+01  2.9927261E+01
2.7097799E+02  2.7210974E+01  2.9929373E+01
2.7103361E+02  2.7212443E+01  2.9931459E+01
2.7108923E+02  2.7214096E+01  2.9933521E+01
2.7114484E+02  2.7215937E+01  2.9935559E+01
2.7120046E+02  2.7217971E+01  2.9937575E+01
2.7125608E+02  2.7220202E+01  2.9939570E+01
2.7131170E+02  2.7222634E+01  2.9941544E+01
2.7136732E+02  2.7225272E+01  2.9943498E+01
2.7142294E+02  2.7228120E+01  2.9945433E+01
2.7147856E+02  2.7231182E+01  2.9947350E+01
2.7153418E+02  2.7234463E+01  2.9949251E+01
2.7158980E+02  2.7237968E+01  2.9951135E+01
2.7164542E+02  2.7241700E+01  2.9953004E+01
2.7170104E+02  2.7245664E+01  2.9954858E+01
2.7175666E+02  2.7249865E+01  2.9956699E+01
2.7181228E+02  2.7254307E+01  2.9958528E+01
2.7186790E+02  2.7258993E+01  2.9960345E+01
2.7192352E+02  2.7263930E+01  2.9962151E+01
2.7197914E+02  2.7269120E+01  2.9963947E+01
2.7203476E+02  2.7274569E+01  2.9965734E+01
2.7209038E+02  2.7280280E+01  2.9967513E+01
2.7214600E+02  2.7286259E+01  2.9969286E+01
2.7220161E+02  2.7292509E+01  2.9971051E+01
2.7225723E+02  2.7299035E+01  2.9972812E+01
2.7231285E+02  2.7305842E+01  2.9974568E+01
2.7236847E+02  2.7312933E+01  2.9976320E+01
2.7242409E+02  2.7320313E+01  2.9978070E+01
2.7247971E+02  2.7327987E+01  2.9979818E+01
2.7253533E+02  2.7335958E+01  2.9981565E+01
2.7259095E+02  2.7344232E+01  2.9983313E+01
2.7264657E+02  2.7352813E+01  2.9985061E+01
2.7270219E+02  2.7361704E+01  2.9986811E+01
2.7275781E+02  2.7370911E+01  2.9988564E+01
2.7281343E+02  2.7380438E+01  2.9990320E+01
2.7286905E+02  2.7390288E+01  2.9992081E+01
2.7292467E+02  2.7400468E+01  2.9993848E+01
2.7298029E+02  2.7410980E+01  2.9995620E+01
2.7303591E+02  2.7421830E+01  2.9997400E+01
2.7309153E+02  2.7433021E+01  2.9999189E+01
2.7314715E+02  2.7444559E+01  3.0000986E+01
2.7320276E+02  2.7456447E+01  3.0002793E+01
2.7325838E+02  2.7468690E+01  3.0004611E+01
2.7331400E+02  2.7481292E+01  3.0006441E+01
2.7336962E+02  2.7494258E+01  3.0008283E+01
2.7342524E+02  2.7507592E+01  3.0010139E+01
2.7348086E+02  2.7521298E+01  3.0012009E+01
2.7353648E+02  2.7535381E+01  3.0013895E+01
2.7359210E+02  2.7549846E+01  3.0015797E+01
2.7364772E+02  2.7564696E+01  3.0017716E+01
2.7370334E+02  2.7579936E+01  3.0019653E+01
2.7375896E+02  2.7595570E+01  3.0021609E+01
2.7381458E+02  2.7611603E+01  3.0023585E+01
2.7387020E+02  2.7628040E+01  3.0025582E+01
2.7392582E+02  2.7644883E+01  3.0027600E+01
2.7398144E+02  2.7662139E+01  3.0029641E+01
2.7403706E+02  2.7679811E+01  3.0031705E+01
2.7409268E+02  2.7697904E+01  3.0033794E+01
2.7414830E+02  2.7716422E+01  3.0035907E+01
2.7420391E+02  2.7735369E+01  3.0038047E+01
2.7425953E+02  2.7754750E+01  3.0040214E+01
2.7431515E+02  2.7774570E+01  3.0042409E+01
2.7437077E+02  2.7794832E+01  3.0044633E+01
2.7442639E+02  2.7815541E+01  3.0046887E+01
2.7448201E+02  2.7836701E+01  3.0049171E+01
2.7453763E+02  2.7858318E+01  3.0051486E+01
2.7459325E+02  2.7880394E+01  3.0053835E+01
2.7464887E+02  2.7902935E+01  3.0056216E+01
2.7470449E+02  2.7925945E+01  3.0058632E+01
2.7476011E+02  2.7949428E+01  3.0061083E+01
2.7481573E+02  2.7973389E+01  3.0063570E+01
2.7487135E+02  2.7997832E+01  3.0066093E+01
2.7492697E+02  2.8022762E+01  3.0068655E+01
2.7498259E+02  2.8048183E+01  3.0071255E+01
2.7503821E+02  2.8074099E+01  3.0073895E+01
2.7509383E+02  2.8100514E+01  3.0076576E+01
2.7514945E+02  2.8127434E+01  3.0079298E+01
2.7520507E+02  2.8154862E+01  3.0082062E+01
2.7526068E+02  2.8182802E+01  3.0084870E+01
2.7531630E+02  2.8211260E+01  3.0087722E+01
2.7537192E+02  2.8240240E+01  3.0090618E+01
2.7542754E+02  2.8269746E+01  3.0093561E+01
2.7548316E+02  2.8299782E+01  3.0096551E+01
2.7553878E+02  2.8330352E+01  3.0099588E+01
2.7559440E+02  2.8361462E+01  3.0102674E+01
2.7565002E+02  2.8393116E+01  3.0105809E+01
2.7570564E+02  2.8425317E+01  3.0108995E+01
2.7576126E+02  2.8458071E+01  3.0112232E+01
2.7581688E+02  2.8491381E+01  3.0115522E+01
2.7587250E+02  2.8525253E+01  3.0118864E+01
2.7592812E+02  2.8559690E+01  3.0122261E+01
2.7598374E+02  2.8594696E+01  3.0125712E+01
2.7603936E+02  2.8630277E+01  3.0129220E+01
2.7609498E+02  2.8666437E+01  3.0132784E+01
2.7615060E+02  2.8703180E+01  3.0136405E+01
2.7620622E+02  2.8740510E+01  3.0140086E+01
2.7626183E+02  2.8778432E+01  3.0143825E+01
2.7631745E+02  2.8816950E+01  3.0147625E+01
2.7637307E+02  2.8856068E+01  3.0151487E+01
2.7642869E+02  2.8895792E+01  3.0155410E+01
2.7648431E+02  2.8936125E+01  3.0159396E+01
2.7653993E+02  2.8977072E+01  3.0163447E+01
2.7659555E+02  2.9018636E+01  3.0167562E+01
2.7665117E+02  2.9060824E+01  3.0171743E+01
2.7670679E+02  2.9103638E+01  3.0175990E+01
2.7676241E+02  2.9147083E+01  3.0180305E+01
2.7681803E+02  2.9191165E+01  3.0184689E+01
2.7687365E+02  2.9235886E+01  3.0189142E+01
2.7692927E+02  2.9281251E+01  3.0193665E+01
2.7698489E+02  2.9327266E+01  3.0198259E+01
2.7704051E+02  2.9373933E+01  3.0202925E+01
2.7709613E+02  2.9421259E+01  3.0207664E+01
2.7715175E+02  2.9469246E+01  3.0212477E+01
2.7720737E+02  2.9517899E+01  3.0217365E+01
2.7726298E+02  2.9567224E+01  3.0222328E+01
2.7731860E+02  2.9617223E+01  3.0227368E+01
2.7737422E+02  2.9667902E+01  3.0232485E+01
2.7742984E+02  2.9719265E+01  3.0237681E+01
2.7748546E+02  2.9771317E+01  3.0242955E+01
2.7754108E+02  2.9824061E+01  3.0248310E+01
2.7759670E+02  2.9877502E+01  3.0253746E+01
2.7765232E+02  2.9931644E+01  3.0259264E+01
2.7770794E+02  2.9986493E+01  3.0264865E+01
2.7776356E+02  3.0042051E+01  3.0270549E+01
2.7781918E+02  3.0098325E+01  3.0276318E+01
2.7787480E+02  3.0155317E+01  3.0282173E+01
2.7793042E+02  3.0213033E+01  3.0288114E+01
2.7798604E+02  3.0271476E+01  3.0294142E+01
2.7804166E+02  3.0330652E+01  3.0300259E+01
