107.0138851037160	2.5489615158122	2.7305065415418
107.1805517644880	2.5819034773471	2.7678669794538
107.3541628694580	2.6162180206125	2.8067841022785
107.5208295302300	2.6491599821474	2.8441445401905
107.6874961910010	2.6821019436821	2.8815049781023
107.8541628517730	2.7150439052170	2.9188654160142
108.0208295125440	2.7479858667517	2.9562258539260
108.1944406175150	2.7823004100173	2.9951429767510
108.3611072782860	2.8152423715520	3.0325034146627
108.5277739390580	2.8481843330869	3.0698638525747
108.6944405998290	2.8811262946216	3.1072242904864
108.8611072606010	2.9140682561565	3.1445847283984
109.0347183655710	2.9483827994219	3.1835018512232
109.2013850263420	2.9813247609566	3.2208622891349
109.3680516871140	3.0142667224915	3.2582227270469
109.5347183478860	3.0472086840264	3.2955831649589
109.7013850086570	3.0801506455611	3.3329436028706
109.8749961136270	3.1144651888265	3.3718607256954
110.0416627743990	3.1474071503614	3.4092211636074
110.2083294351700	3.1803491118961	3.4465816015191
110.3749960959420	3.2132910734310	3.4839420394311
110.5416627567140	3.2462330349659	3.5213024773431
110.7152738616840	3.2805475782313	3.5602196001678
110.8819405224550	3.3134895397660	3.5975800380796
111.0486071832270	3.3464315013009	3.6349404759915
111.2152738439980	3.3793734628356	3.6723009139033
111.3819405047700	3.4123154243705	3.7096613518153
111.5486071655410	3.4452573859052	3.7470217897270
111.7222182705120	3.4795719291708	3.7859389125520
111.8888849312830	3.5125138907055	3.8232993504638
112.0555515920550	3.5454558522404	3.8606597883757
112.2222182528260	3.5783978137751	3.8980202262875
112.3888849135980	3.6113397753100	3.9353806641994
112.5624960185680	3.6456543185754	3.9742977870242
112.7291626793400	3.6785962801103	4.0116582249362
112.8958293401110	3.7115382416450	4.0490186628479
113.0624960008830	3.7444802031799	4.0863791007599
113.2291626616540	3.7774221647146	4.1237395386716
113.4027737666250	3.8117367079802	4.1626566614967
113.5694404273960	3.8446786695149	4.2000170994084
113.7361070881680	3.8776206310498	4.2373775373204
113.9027737489390	3.9105625925845	4.2747379752321
114.0694404097110	3.9435045541194	4.3120984131441
114.2430515146810	3.9778190973848	4.3510155359689
114.4097181754530	4.0107610589197	4.3883759738808
114.5763848362240	4.0437030204544	4.4257364117926
114.7430514969960	4.0766449819893	4.4630968497046
114.9097181577670	4.1095869435240	4.5004572876163
115.0833292627380	4.1439014867896	4.5393744104413
115.2499959235090	4.1768434483243	4.5767348483530
115.4166625842810	4.2097854098592	4.6140952862650
115.5833292450520	4.2427273713939	4.6514557241768
115.7499959058240	4.2756693329289	4.6888161620887
115.9166625665950	4.3086112944636	4.7261766000005
116.0902736715650	4.3429258377289	4.7650937228253
116.2569403323370	4.3758677992638	4.8024541607372
116.4236069931090	4.4088097607987	4.8398145986492
116.5902736538800	4.4417517223335	4.8771750365609
116.7569403146520	4.4746936838684	4.9145354744729
116.9305514196220	4.5090082271337	4.9534525972977
117.0972180803930	4.5419501886684	4.9908130352094
117.2638847411650	4.5748921502033	5.0281734731214
117.4305514019370	4.6078341117383	5.0655339110334
117.5972180627080	4.6407760732730	5.1028943489451
117.7708291676780	4.6750906165383	5.1418114717699
117.9374958284500	4.7080325780732	5.1791719096819
118.1041624892210	4.7409745396080	5.2165323475936
118.2708291499930	4.7739165011429	5.2538927855056
118.4374958107640	4.8068584626776	5.2912532234173
118.6111069157350	4.8411730059431	5.3301703462423
118.7777735765060	4.8741149674778	5.3675307841541
118.9444402372780	4.9070569290128	5.4048912220660
119.1111068980490	4.9399988905475	5.4422516599778
119.2777735588210	4.9729408520824	5.4796120978898
119.4513846637910	5.0072553953477	5.5185292207145
119.6180513245630	5.0401973568826	5.5558896586265
119.7847179853340	5.0731393184174	5.5932500965383
119.9513846461060	5.1060812799523	5.6306105344502
120.1180513068770	5.1390232414870	5.6679709723620
120.2847179676490	5.1719652030219	5.7053314102739
120.4583290726190	5.2062797462873	5.7442485330987
120.6249957333910	5.2392217078222	5.7816089710107
120.7916623941620	5.2721636693569	5.8189694089224
120.9583290549340	5.3051056308918	5.8563298468344
121.1249957157050	5.3380475924265	5.8936902847462
121.2986068206760	5.3723621356921	5.9326074075712
121.4652734814470	5.4053040972268	5.9699678454829
121.6319401422190	5.4382460587617	6.0073282833949
121.7986068029900	5.4711880202964	6.0446887213066
121.9652734637620	5.5041299818313	6.0820491592186
122.1388845687320	5.5384445250967	6.1209662820434
122.3055512295040	5.5713864866316	6.1583267199553
122.4722178902750	5.6043284481663	6.1956871578671
122.6388845510470	5.6372704097012	6.2330475957790
122.8055512118180	5.6702123712359	6.2704080336908
122.9791623167890	5.7045269145015	6.3093251565158
123.1458289775600	5.7374688760362	6.3466855944275
123.3124956383320	5.7704108375711	6.3840460323395
123.4791622991030	5.8033527991058	6.4214064702513
123.6458289598750	5.8362947606407	6.4587669081632
123.8194400648450	5.8706093039061	6.4976840309880
123.9861067256160	5.9035512654408	6.5350444688998
124.1527733863880	5.9364932269757	6.5724049068117
124.3194400471600	5.9694351885106	6.6097653447237
124.4861067079310	6.0023771500453	6.6471257826354
124.6527733687030	6.0353191115802	6.6844862205474
124.8263844736730	6.0696336548456	6.7234033433722
124.9930511344440	6.1025756163803	6.7607637812839
125.1597177952160	6.1355175779152	6.7981242191959
125.3263844559870	6.1684595394499	6.8354846571077
125.4930511167590	6.2014015009848	6.8728450950196
125.6666622217290	6.2357160442502	6.9117622178444
125.8333288825010	6.2686580057851	6.9491226557564
125.9999955432720	6.3015999673198	6.9864830936681
126.1666622040440	6.3345419288547	7.0238435315801
126.3333288648150	6.3674838903894	7.0612039694918
126.5069399697860	6.4017984336550	7.1001210923168
126.6736066305570	6.4347403951897	7.1374815302286
126.8402732913290	6.4676823567246	7.1748419681405
127.0069399521000	6.5006243182593	7.2122024060523
127.1736066128720	6.5335662797942	7.2495628439643
127.3472177178420	6.5678808230596	7.2884799667890
127.5138843786140	6.6008227845945	7.3258404047010
127.6805510393850	6.6337647461292	7.3632008426128
127.8472177001570	6.6667067076641	7.4005612805247
128.0138843609280	6.6996486691988	7.4379217184365
128.1805510217000	6.7325906307337	7.4752821563484
128.3541621266700	6.7669051739991	7.5141992791732
128.5208287874420	6.7998471355340	7.5515597170852
128.6874954482130	6.8327890970687	7.5889201549969
128.8541621089850	6.8657310586036	7.6262805929089
129.0208287697560	6.8986730201383	7.6636410308207
129.1944398747270	6.9329875634039	7.7025581536457
129.3611065354980	6.9659295249386	7.7399185915574
129.5277731962700	6.9988714864735	7.7772790294694
129.6944398570410	7.0318134480082	7.8146394673811
129.8611065178130	7.0647554095431	7.8519999052931
130.0347176227830	7.0990699528085	7.8909170281179
130.2013842835550	7.1320119143434	7.9282774660298
130.3680509443260	7.1649538758781	7.9656379039416
130.5347176050980	7.1978958374130	8.0029983418536
130.7013842658690	7.2308377989478	8.0403587797653
130.8749953708390	7.2651523422131	8.0792759025901
131.0416620316110	7.2980943037480	8.1166363405020
131.2083286923830	7.3310362652829	8.1539967784140
131.3749953531540	7.3639782268176	8.1913572163258
131.5416620139260	7.3969201883526	8.2287176542377
131.7152731188960	7.4312347316179	8.2676347770625
131.8819397796670	7.4641766931526	8.3049952149743
132.0486064404390	7.4971186546875	8.3423556528862
132.2152731012100	7.5300606162222	8.3797160907980
132.3819397619820	7.5630025777572	8.4170765287099
132.5486064227540	7.5959445392921	8.4544369666219
132.7222175277240	7.6302590825574	8.4933540894467
132.8888841884950	7.6632010440921	8.5307145273584
133.0555508492670	7.6961430056271	8.5680749652704
133.2222175100380	7.7290849671618	8.6054354031822
133.3888841708100	7.7620269286967	8.6427958410941
133.5624952757800	7.7963414719620	8.6817129639189
133.7291619365520	7.8292834334969	8.7190734018309
133.8958285973230	7.8622253950317	8.7564338397426
134.0624952580950	7.8951673565666	8.7937942776546
134.2291619188660	7.9281093181013	8.8311547155663
134.4027730238370	7.9624238613668	8.8700718383913
134.5694396846080	7.9953658229015	8.9074322763031
134.7361063453800	8.0283077844365	8.9447927142151
134.9027730061510	8.0612497459712	8.9821531521268
135.0694396669230	8.0941917075061	9.0195135900388
135.2430507718930	8.1285062507714	9.0584307128635
135.4097174326650	8.1614482123063	9.0957911507755
135.5763840934360	8.1943901738411	9.1331515886873
135.7430507542080	8.2273321353760	9.1705120265992
135.9097174149790	8.2602740969107	9.2078724645110
136.0833285199500	8.2945886401762	9.2467895873360
136.2499951807210	8.3275306017110	9.2841500252477
136.4166618414930	8.3604725632459	9.3215104631597
136.5833285022640	8.3934145247806	9.3588709010714
136.7499951630360	8.4263564863155	9.3962313389834
136.9166618238070	8.4592984478502	9.4335917768952
137.0902729287780	8.4936129911158	9.4725088997202
137.2569395895490	8.5265549526505	9.5098693376319
137.4236062503210	8.5594969141854	9.5472297755439
137.5902729110920	8.5924388757201	9.5845902134556
137.7569395718640	8.6253808372550	9.6219506513676
137.9305506768340	8.6596953805204	9.6608677741924
138.0972173376060	8.6926373420553	9.6982282121043
138.2638839983770	8.7255793035900	9.7355886500161
138.4305506591490	8.7585212651249	9.7729490879281
138.5972173199200	8.7914632266596	9.8103095258398
138.7708284248900	8.8257777699250	9.8492266486646
138.9374950856620	8.8587197314599	9.8865870865766
139.1041617464340	8.8916616929948	9.9239475244885
139.2708284072050	8.9246036545295	9.9613079624003
139.4374950679770	8.9575456160644	9.9986684003122
139.6111061729470	8.9918601593298	10.0375855231370
139.7777728337180	9.0248021208645	10.0749459610488
139.9444394944900	9.0577440823994	10.1123063989607
140.1111061552610	9.0906860439341	10.1496668368725
140.2777728160330	9.1236280054690	10.1870272747844
140.4513839210030	9.1579425487344	10.2259443976092
140.6180505817750	9.1908845102693	10.2633048355212
140.7847172425460	9.2238264718040	10.3006652734329
140.9513839033180	9.2567684333389	10.3380257113449
141.1180505640890	9.2897103948736	10.3753861492567
141.2847172248610	9.3226523564085	10.4127465871686
141.4583283298310	9.3569668996739	10.4516637099934
141.6249949906030	9.3899088612088	10.4890241479054
141.7916616513740	9.4228508227435	10.5263845858171
141.9583283121460	9.4557927842784	10.5637450237291
142.1249949729170	9.4887347458131	10.6011054616408
142.2986060778880	9.5230492890787	10.6400225844658
142.4652727386590	9.5559912506134	10.6773830223776
142.6319393994310	9.5889332121483	10.7147434602895
142.7986060602020	9.6218751736830	10.7521038982013
142.9652727209740	9.6548171352179	10.7894643361133
143.1388838259440	9.6891316784833	10.8283814589380
143.3055504867160	9.7220736400182	10.8657418968500
143.4722171474870	9.7550156015529	10.9031023347618
143.6388838082590	9.7879575630878	10.9404627726737
143.8055504690300	9.8208995246225	10.9778232105855
143.9791615740010	9.8552140678881	11.0167403334105
144.1458282347720	9.8881560294228	11.0541007713222
144.3124948955440	9.9210979909577	11.0914612092342
144.4791615563150	9.9540399524924	11.1288216471459
144.6458282170870	9.9869819140273	11.1661820850579
144.8194393220570	10.0212964572927	11.2050992078827
144.9861059828290	10.0542384188276	11.2424596457947
145.1527726436000	10.0871803803623	11.2798200837064
145.3194393043720	10.1201223418972	11.3171805216184
145.4861059651430	10.1530643034319	11.3545409595301
145.6527726259150	10.1860062649668	11.3919013974421
145.8263837308850	10.2203208082322	11.4308185202669
145.9930503916570	10.2532627697671	11.4681789581788
146.1597170524280	10.2862047313018	11.5055393960906
146.3263837132000	10.3191466928367	11.5428998340026
146.4930503739710	10.3520886543714	11.5802602719143
146.6666614789410	10.3864031976368	11.6191773947391
146.8333281397130	10.4193451591717	11.6565378326510
146.9999948004840	10.4522871207064	11.6938982705628
147.1666614612560	10.4852290822413	11.7312587084748
147.3333281220270	10.5181710437761	11.7686191463865
147.5069392269980	10.5524855870416	11.8075362692115
147.6736058877690	10.5854275485763	11.8448967071233
147.8402725485410	10.6183695101112	11.8822571450352
148.0069392093120	10.6513114716459	11.9196175829470
148.1736058700840	10.6842534331809	11.9569780208589
148.3472169750540	10.7185679764462	11.9958951436837
148.5138836358260	10.7515099379811	12.0332555815957
148.6805502965970	10.7844518995158	12.0706160195074
148.8472169573690	10.8173938610507	12.1079764574194
149.0138836181400	10.8503358225855	12.1453368953312
149.1805502789120	10.8832777841204	12.1826973332431
149.3541613838820	10.9175923273857	12.2216144560679
149.5208280446540	10.9505342889206	12.2589748939799
149.6874947054250	10.9834762504553	12.2963353318916
149.8541613661970	11.0164182119903	12.3336957698036
150.0208280269680	11.0493601735250	12.3710562077153
150.1944391319390	11.0836747167905	12.4099733305403
150.3611057927100	11.1166166783252	12.4473337684521
150.5277724534820	11.1495586398601	12.4846942063641
150.6944391142530	11.1825006013949	12.5220546442758
150.8611057750250	11.2154425629298	12.5594150821878
151.0347168799950	11.2497571061951	12.5983322050125
151.2013835407670	11.2826990677300	12.6356926429245
151.3680502015380	11.3156410292648	12.6730530808363
151.5347168623100	11.3485829907997	12.7104135187482
151.7013835230810	11.3815249523344	12.7477739566600
151.8749946280520	11.4158394955999	12.7866910794850
152.0416612888230	11.4487814571347	12.8240515173967
152.2083279495950	11.4817234186696	12.8614119553087
152.3749946103660	11.5146653802043	12.8987723932204
152.5416612711380	11.5476073417392	12.9361328311324
152.7152723761080	11.5819218850045	12.9750499539572
152.8819390368800	11.6148638465395	13.0124103918692
153.0486056976510	11.6478058080742	13.0497708297809
153.2152723584230	11.6807477696091	13.0871312676929
153.3819390191940	11.7136897311438	13.1244917056046
153.5486056799660	11.7466316926787	13.1618521435166
153.7222167849360	11.7809462359441	13.2007692663414
153.8888834457070	11.8138881974788	13.2381297042531
154.0555501064790	11.8468301590137	13.2754901421651
154.2222167672510	11.8797721205486	13.3128505800771
154.3888834280220	11.9127140820833	13.3502110179888
154.5624945329920	11.9470286253487	13.3891281408136
154.7291611937640	11.9799705868836	13.4264885787256
154.8958278545350	12.0129125484183	13.4638490166373
155.0624945153070	12.0458545099532	13.5012094545493
155.2291611760780	12.0787964714879	13.5385698924610
155.4027722810490	12.1131110147535	13.5774870152860
155.5694389418200	12.1460529762882	13.6148474531978
155.7361056025920	12.1789949378231	13.6522078911097
155.9027722633630	12.2119368993578	13.6895683290215
156.0694389241350	12.2448788608927	13.7269287669334
156.2430500291050	12.2791934041581	13.7658458897582
156.4097166898770	12.3121353656930	13.8032063276702
156.5763833506480	12.3450773272277	13.8405667655819
156.7430500114200	12.3780192887626	13.8779272034939
156.9097166721910	12.4109612502973	13.9152876414057
157.0833277771620	12.4452757935629	13.9542047642307
157.2499944379330	12.4782177550976	13.9915652021424
157.4166610987050	12.5111597166325	14.0289256400544
157.5833277594760	12.5441016781672	14.0662860779661
157.7499944202480	12.5770436397021	14.1036465158781
157.9166610810190	12.6099856012368	14.1410069537898
158.0902721859900	12.6443001445024	14.1799240766148
158.2569388467610	12.6772421060371	14.2172845145266
158.4236055075330	12.7101840675720	14.2546449524386
158.5902721683040	12.7431260291067	14.2920053903503
158.7569388290760	12.7760679906416	14.3293658282623
158.9305499340460	12.8103825339070	14.3682829510871
159.0972165948180	12.8433244954419	14.4056433889990
159.2638832555890	12.8762664569766	14.4430038269108
159.4305499163610	12.9092084185115	14.4803642648227
159.5972165771320	12.9421503800462	14.5177247027345
159.7708276821030	12.9764649233118	14.5566418255595
159.9374943428740	13.0094068848465	14.5940022634712
160.1041610036460	13.0423488463814	14.6313627013832
160.2708276644170	13.0752908079161	14.6687231392949
160.4374943251890	13.1082327694510	14.7060835772069
160.6111054301590	13.1425473127164	14.7450007000317
160.7777720909300	13.1754892742511	14.7823611379434
160.9444387517020	13.2084312357860	14.8197215758554
161.1111054124740	13.2413731973209	14.8570820137674
161.2777720732450	13.2743151588556	14.8944424516791
161.4513831782150	13.3086297021210	14.9333595745039
161.6180498389870	13.3415716636559	14.9707200124159
161.7847164997580	13.3745136251906	15.0080804503276
161.9513831605300	13.4074555867255	15.0454408882396
162.1180498213010	13.4403975482602	15.0828013261513
162.2847164820730	13.4733395097952	15.1201617640633
162.4583275870430	13.5076540530605	15.1590788868881
162.6249942478150	13.5405960145954	15.1964393248001
162.7916609085860	13.5735379761301	15.2337997627118
162.9583275693580	13.6064799376650	15.2711602006238
163.1249942301290	13.6394218991998	15.3085206385355
163.2986053351000	13.6737364424653	15.3474377613605
163.4652719958710	13.7066784040000	15.3847981992723
163.6319386566430	13.7396203655349	15.4221586371842
163.7986053174140	13.7725623270696	15.4595190750960
163.9652719781860	13.8055042886045	15.4968795130079
164.1388830831560	13.8398188318699	15.5357966358327
164.3055497439280	13.8727607934048	15.5731570737447
164.4722164046990	13.9057027549395	15.6105175116564
164.6388830654710	13.9386447164744	15.6478779495684
164.8055497262420	13.9715866780092	15.6852383874802
164.9791608312130	14.0059012212747	15.7241555103052
165.1458274919840	14.0388431828094	15.7615159482169
165.3124941527560	14.0717851443443	15.7988763861289
165.4791608135270	14.1047271058790	15.8362368240406
165.6458274742990	14.1376690674140	15.8735972619526
165.8194385792690	14.1719836106793	15.9125143847774
165.9861052400410	14.2049255722142	15.9498748226893
166.1527719008120	14.2378675337489	15.9872352606011
166.3194385615840	14.2708094952839	16.0245956985131
166.4861052223550	14.3037514568186	16.0619561364248
166.6527718831270	14.3366934183535	16.0993165743368
166.8263829880970	14.3710079616188	16.1382336971616
166.9930496488690	14.4039499231538	16.1755941350735
167.1597163096400	14.4368918846885	16.2129545729853
167.3263829704120	14.4698338462234	16.2503150108972
167.4930496311830	14.5027758077581	16.2876754488090
167.6666607361530	14.5370903510234	16.3265925716338
167.8333273969250	14.5700323125584	16.3639530095457
167.9999940576970	14.6029742740933	16.4013134474577
168.1666607184680	14.6359162356280	16.4386738853694
168.3333273792400	14.6688581971629	16.4760343232814
168.5069384842100	14.7031727404282	16.5149514461062
168.6736051449810	14.7361147019630	16.5523118840179
168.8402718057530	14.7690566634979	16.5896723219299
169.0069384665250	14.8019986250328	16.6270327598419
169.1736051272960	14.8349405865675	16.6643931977536
169.3472162322660	14.8692551298328	16.7033103205784
169.5138828930380	14.9021970913678	16.7406707584904
169.6805495538090	14.9351390529025	16.7780311964021
169.8472162145810	14.9680810144374	16.8153916343141
170.0138828753520	15.0010229759721	16.8527520722258
170.1805495361240	15.0339649375070	16.8901125101378
170.3541606410940	15.0682794807724	16.9290296329626
170.5208273018660	15.1012214423073	16.9663900708746
170.6874939626370	15.1341634038420	17.0037505087863
170.8541606234090	15.1671053653769	17.0411109466983
171.0208272841800	15.2000473269116	17.0784713846100
171.1944383891510	15.2343618701772	17.1173885074350
171.3611050499220	15.2673038317119	17.1547489453468
171.5277717106940	15.3002457932468	17.1921093832587
171.6944383714650	15.3331877547815	17.2294698211705
171.8611050322370	15.3661297163164	17.2668302590825
172.0347161372070	15.4004442595818	17.3057473819072
172.2013827979790	15.4333862211167	17.3431078198192
172.3680494587500	15.4663281826514	17.3804682577309
172.5347161195220	15.4992701441863	17.4178286956429
172.7013827802930	15.5322121057210	17.4551891335547
172.8749938852640	15.5665266489866	17.4941062563797
173.0416605460350	15.5994686105213	17.5314666942914
173.2083272068070	15.6324105720562	17.5688271322034
173.3749938675780	15.6653525335909	17.6061875701151
173.5416605283500	15.6982944951258	17.6435480080271
173.7152716333200	15.7326090383912	17.6824651308519
173.8819382940920	15.7655509999261	17.7198255687639
174.0486049548630	15.7984929614608	17.7571860066756
174.2152716156350	15.8314349229957	17.7945464445876
174.3819382764060	15.8643768845304	17.8319068824993
174.5486049371780	15.8973188460653	17.8692673204113
174.7222160421480	15.9316333893307	17.9081844432361
174.8888827029200	15.9645753508656	17.9455448811480
175.0555493636910	15.9975173124003	17.9829053190598
175.2222160244630	16.0304592739352	18.0202657569717
175.3888826852340	16.0634012354699	18.0576261948835
175.5624937902040	16.0977157787353	18.0965433177083
175.7291604509760	16.1306577402702	18.1339037556202
175.8958271117470	16.1635997018049	18.1712641935320
176.0624937725190	16.1965416633398	18.2086246314440
176.2291604332910	16.2294836248747	18.2459850693559
176.4027715382610	16.2637981681401	18.2849021921807
176.5694381990320	16.2967401296748	18.3222626300924
176.7361048598040	16.3296820912097	18.3596230680044
176.9027715205750	16.3626240527444	18.3969835059162
177.0694381813470	16.3955660142793	18.4343439438281
177.2430492863170	16.4298805575447	18.4732610666529
177.4097159470890	16.4628225190796	18.5106215045649
177.5763826078600	16.4957644806143	18.5479819424766
177.7430492686320	16.5287064421492	18.5853423803886
177.9097159294030	16.5616484036839	18.6227028183003
178.0833270343740	16.5959629469495	18.6616199411253
178.2499936951450	16.6289049084842	18.6989803790371
178.4166603559170	16.6618468700191	18.7363408169491
178.5833270166880	16.6947888315538	18.7737012548608
178.7499936774600	16.7277307930887	18.8110616927728
178.9166603382310	16.7606727546235	18.8484221306845
179.0902714432020	16.7949872978890	18.8873392535095
179.2569381039730	16.8279292594237	18.9246996914213
179.4236047647450	16.8608712209586	18.9620601293332
179.5902714255160	16.8938131824933	18.9994205672450
179.7569380862880	16.9267551440283	19.0367810051570
179.9305491912580	16.9610696872936	19.0756981279817
180.0972158520300	16.9940116488285	19.1130585658937
180.2638825128010	17.0269536103632	19.1504190038054
180.4305491735730	17.0598955718982	19.1877794417174
180.5972158343440	17.0928375334329	19.2251398796292
180.7708269393150	17.1271520766984	19.2640570024542
180.9374936000860	17.1600940382331	19.3014174403659
181.1041602608580	17.1930359997680	19.3387778782779
181.2708269216290	17.2259779613028	19.3761383161896
181.4374935824010	17.2589199228377	19.4134987541016
181.6111046873710	17.2932344661030	19.4524158769264
181.7777713481430	17.3261764276379	19.4897763148383
