  -60.0599968402778       0.836565922960725       0.836565922960725     
  -59.8920030625000       0.836512447129909       0.836527567975831     
  -59.7240028194444       0.836430944108761       0.836434632930513     
  -59.5560025763889       0.836378206948641       0.836314406344411     
  -59.3880023263889       0.836452702416918       0.836290803625378     
  -59.2200020833333       0.836726347432024       0.836546376132931     
  -59.0520018402778       0.837181067975831       0.837079835347432     
  -58.8840015972222       0.837721901812689       0.837708441087613     
  -58.7160013541667       0.838242821752266       0.838257574018127     
  -58.5480011041667       0.838673939577039       0.838664167673716     
  -58.3800008611111       0.838993314199396       0.838945003021148     
  -58.2120006180556       0.839209980362538       0.839134561933535     
  -58.0440003750000       0.839346249244713       0.839255525679758     
  -57.8760001319444       0.839423694864048       0.839322646525680     
  -57.7079998819444       0.839460944108761       0.839349936555891     
  -57.5399996388889       0.839471823262840       0.839351780966767     
  -57.3719993958333       0.839467765861027       0.839339978851964     
  -57.2039991527778       0.839456149546828       0.839321909365559     
  -57.0359989097222       0.839441581570997       0.839301809667674     
  -56.8679986597222       0.839426460725076       0.839280972809668     
  -56.6999984166667       0.839411341389728       0.839260320241692     
  -56.5319981736111       0.839396773413897       0.839240036253776     
  -56.3639979305556       0.839382391238671       0.839220306646526     
  -56.1959976875000       0.839368560422961       0.839201682779456     
  -56.0279974375000       0.839355283987915       0.839184348942598     
  -55.8599971944444       0.839342376132931       0.839168490936556     
  -55.6919969513889       0.839330022658610       0.839154108761329     
  -55.5240031736111       0.839318220543807       0.839140462235650     
  -55.3560029305556       0.839306972809668       0.839127924471299     
  -55.1880026875000       0.839296093655589       0.839116306646526     
  -55.0200024444444       0.839285767371601       0.839106164652568     
  -54.8520021944444       0.839275993957704       0.839096945619335     
  -54.6840019513889       0.839266773413897       0.839088832326284     
  -54.5160017083333       0.839257922960725       0.839082009063444     
  -54.3480014652778       0.839249625377643       0.839076108761329     
  -54.1800012222222       0.839241880664653       0.839071314199396     
  -54.0120009722222       0.839234320241692       0.839067256797583     
  -53.8440007291667       0.839227312688822       0.839063938066465     
  -53.6760004861111       0.839220490936556       0.839060987915408     
  -53.5080002430556       0.839213851963746       0.839058590634441     
  -53.3400000000000       0.839207398791541       0.839056377643505     
  -53.1719997500000       0.839200944108761       0.839054348942598     
  -53.0039995069444       0.839194675226586       0.839052137462236     
  -52.8359992638889       0.839188406344411       0.839049924471299     
  -52.6679990208333       0.839181951661631       0.839047527190332     
  -52.4999987777778       0.839175314199396       0.839044761329305     
  -52.3319985277778       0.839168675226586       0.839041811178248     
  -52.1640015208333       0.839161851963746       0.839038490936556     
  -51.9960012777778       0.839154661631420       0.839034435045317     
  -51.8280010277778       0.839147285498489       0.839030009063444     
  -51.6600007847222       0.839139725075529       0.839024845921450     
  -51.4920005416667       0.839131980362538       0.839018945619335     
  -51.3240002986111       0.839123867069486       0.839012306646525     
  -51.1560000555556       0.839115753776435       0.839004932024169     
  -50.9879998055556       0.839107087613293       0.838996818731118     
  -50.8199995625000       0.839098419939577       0.838988519637462     
  -50.6519993194444       0.839089569486405       0.838979669184290     
  -50.4839990763889       0.839080533232628       0.838970450151057     
  -50.3159988333333       0.839071129909365       0.838961229607251     
  -50.1479985833333       0.839061540785499       0.838951824773414     
  -49.9800015763889       0.839051953172205       0.838942237160121     
  -49.8120013333333       0.839041995468278       0.838932648036254     
  -49.6440010902778       0.839031669184290       0.838922506042296     
  -49.4760008402778       0.839021158610272       0.838912364048338     
  -49.3080005972222       0.839010095166163       0.838901484894260     
  -49.1400003541667       0.838998293051360       0.838889868580060     
  -48.9720001111111       0.838984648036254       0.838876960725076     
  -48.8039998680556       0.838968421450151       0.838861287009063     
  -48.6359996180556       0.838947768882175       0.838841003021148     
  -48.4679993750000       0.838921400302115       0.838814818731118     
  -48.2999991319444       0.838888577039275       0.838781258308157     
  -48.1319988888889       0.838850039274924       0.838741060422961     
  -47.9639986458333       0.838807626888218       0.838696067975831     
  -47.7959983958333       0.838764110271903       0.838649599697885     
  -47.6280013888889       0.838722620845921       0.838605712990937     
  -47.4600011458333       0.838685373111782       0.838567175226586     
  -47.2920008958333       0.838654025679758       0.838535459214502     
  -47.1240006527778       0.838628209969788       0.838510380664652     
  -46.9560004097222       0.838607373111783       0.838490651057402     
  -46.7880001666667       0.838590039274924       0.838474422960725     
  -46.6199999236111       0.838575104229607       0.838460225075529     
  -46.4519996736111       0.838561273413897       0.838446764350453     
  -46.2839994305556       0.838548181268882       0.838433303625378     
  -46.1159991875000       0.838535274924471       0.838419657099698     
  -45.9479989444444       0.838522367069486       0.838405827794562     
  -45.7799987013889       0.838509274924471       0.838391445619336     
  -45.6119984513889       0.838495998489426       0.838377061933535     
  -45.4440014444444       0.838482722054381       0.838362311178248     
  -45.2760012013889       0.838469075528701       0.838347374622356     
  -45.1080009513889       0.838455430513595       0.838332253776435     
  -44.9400007083333       0.838441416918429       0.838317317220544     
  -44.7720004652778       0.838427401812689       0.838302197885197     
  -44.6040002222222       0.838413388217523       0.838287261329305     
  -44.4359999791667       0.838399190332326       0.838272324773414     
  -44.2679997361111       0.838385175226586       0.838257574018127     
  -44.0999994861111       0.838371161631420       0.838243006042296     
  -43.9319992430556       0.838357148036254       0.838228439577039     
  -43.7639990000000       0.838343132930514       0.838214055891239     
  -43.5959987569444       0.838329303625378       0.838199673716012     
  -43.4279985138889       0.838315658610272       0.838185474320242     
  -43.2600015000000       0.838301829305136       0.838171092145015     
  -43.0920012569444       0.838288182779456       0.838156708459215     
  -42.9240010138889       0.838274537764351       0.838142326283988     
  -42.7560007638889       0.838260892749245       0.838127942598187     
  -42.5880005208333       0.838247247734139       0.838113376132931     
  -42.4200002777778       0.838233416918429       0.838098623867069     
  -42.2520000347222       0.838219771903323       0.838083871601209     
  -42.0839997916667       0.838206126888218       0.838069120845922     
  -41.9159995416667       0.838192297583082       0.838054184290030     
  -41.7479992986111       0.838178652567976       0.838039247734139     
  -41.5799990555556       0.838165006042296       0.838024496978852     
  -41.4119988125000       0.838151361027190       0.838009744712991     
  -41.2439985694444       0.838137900302115       0.837995178247734     
  -41.0760015555556       0.838124439577039       0.837980794561933     
  -40.9080013125000       0.838111163141994       0.837966965256797     
  -40.7400010694444       0.838098070996979       0.837953320241692     
  -40.5720008194444       0.838085163141994       0.837940228096677     
  -40.4040005763889       0.838072255287009       0.837927504531722     
  -40.2360003333333       0.838059716012085       0.837915149546828     
  -40.0680000902778       0.838047176737160       0.837902978851964     
  -39.8999998472222       0.838034823262840       0.837891178247734     
  -39.7319995972222       0.838022468277946       0.837879191842900     
  -39.5639993541667       0.838010113293051       0.837867391238671     
  -39.3959991111111       0.837997944108761       0.837855220543807     
  -39.2279988680556       0.837985589123867       0.837843051359517     
  -39.0599986250000       0.837973049848943       0.837830696374622     
  -38.8920016111111       0.837960510574018       0.837817972809668     
  -38.7240013680556       0.837947788519637       0.837805249244713     
  -38.5560011250000       0.837934880664652       0.837792341389728     
  -38.3880008819444       0.837921788519638       0.837779433534743     
  -38.2200006319444       0.837908326283988       0.837766341389728     
  -38.0520003888889       0.837894865558912       0.837753249244713     
  -37.8840001458333       0.837881220543806       0.837740157099698     
  -37.7159999027778       0.837867206948640       0.837727064954683     
  -37.5479996597222       0.837853007552870       0.837713788519638     
  -37.3799994097222       0.837838256797583       0.837699959214502     
  -37.2119991666667       0.837822583081571       0.837684838368580     
  -37.0439989236111       0.837805064954683       0.837667137462236     
  -36.8759986805556       0.837784412386707       0.837644824773414     
  -36.7079984375000       0.837758966767372       0.837614583081571     
  -36.5400014236111       0.837725774924471       0.837573095166163     
  -36.3720011805556       0.837682072507553       0.837515563444109     
  -36.2040009375000       0.837624725075529       0.837438853474320     
  -36.0360006875000       0.837551519637462       0.837340755287009     
  -35.8680004444444       0.837462087613293       0.837222925981873     
  -35.7000002013889       0.837358457703927       0.837090898791541     
  -35.5319999583333       0.837246528700906       0.836954814199396     
  -35.3639997152778       0.837134599697885       0.836828134441088     
  -35.1959994652778       0.837033182779456       0.836724871601209     
  -35.0279992222222       0.836952048338368       0.836657013595166     
  -34.8599989791667       0.836899311178248       0.836631383685801     
  -34.6919987361111       0.836878474320242       0.836648531722054     
  -34.5239984930556       0.836888800604229       0.836702191842900     
  -34.3560014791667       0.836924572507553       0.836780929003021     
  -34.1880012361111       0.836977864048338       0.836871835347432     
  -34.0200009930556       0.837039267371601       0.836962374622356     
  -33.8520007500000       0.837100117824774       0.837042770392749     
  -33.6840005000000       0.837154330815710       0.837107862537764     
  -33.5160002569444       0.837197848942598       0.837155620845921     
  -33.3480000138889       0.837229196374622       0.837187706948641     
  -33.1799997708333       0.837248925981873       0.837206699395771     
  -33.0119995277778       0.837258883685800       0.837215918429003     
  -32.8439992777778       0.837261096676737       0.837218685800604     
  -32.6759990347222       0.837257776435045       0.837217578549849     
  -32.5079987916667       0.837250954682780       0.837214259818731     
  -32.3399985486111       0.837241918429003       0.837209833836858     
  -32.1720015347222       0.837231962235649       0.837205223564955     
  -32.0040012916667       0.837222004531722       0.837200430513595     
  -31.8360010486111       0.837212231117825       0.837195820241692     
  -31.6680008055556       0.837203012084592       0.837191578549849     
  -31.5000005555556       0.837194344410876       0.837187338368580     
  -31.3320003125000       0.837186415407855       0.837183096676737     
  -31.1640000694444       0.837179039274925       0.837178854984894     
  -30.9959998263889       0.837172401812689       0.837174614803625     
  -30.8279995833333       0.837166317220544       0.837170557401813     
  -30.6599993333333       0.837160783987915       0.837166870090634     
  -30.4919990902778       0.837156175226586       0.837163551359517     
  -30.3239988472222       0.837152486404834       0.837160969788520     
  -30.1559986041667       0.837149351963746       0.837159309667674     
  -29.9880015902778       0.837146954682779       0.837158388217523     
  -29.8200013472222       0.837144925981873       0.837158202416919     
  -29.6520011041667       0.837143451661632       0.837158572507553     
  -29.4840008611111       0.837142160120846       0.837159309667674     
  -29.3160006111111       0.837141054380665       0.837160415407855     
  -29.1480003680556       0.837140132930514       0.837161706948640     
  -28.9800001250000       0.837139209969789       0.837162812688822     
  -28.8119998819444       0.837138657099698       0.837163735649547     
  -28.6439996388889       0.837138288519638       0.837164657099698     
  -28.4759993958333       0.837138288519638       0.837165394259819     
  -28.3079991458333       0.837138472809668       0.837166131419939     
  -28.1399989027778       0.837139025679758       0.837166501510574     
  -27.9719986597222       0.837139578549849       0.837166870090634     
  -27.8039984166667       0.837140317220544       0.837166685800604     
  -27.6360014027778       0.837140685800604       0.837166501510574     
  -27.4680011597222       0.837141238670695       0.837165762839879     
  -27.3000009166667       0.837141422960725       0.837164841389728     
  -27.1320006736111       0.837141791540785       0.837163735649547     
  -26.9640004236111       0.837142344410876       0.837162444108761     
  -26.7960001805556       0.837142898791541       0.837160969788520     
  -26.6279999375000       0.837143820241692       0.837159862537764     
  -26.4599996944444       0.837145110271903       0.837158572507553     
  -26.2919994513889       0.837146401812689       0.837157649546828     
  -26.1239992013889       0.837147877643504       0.837156728096677     
  -25.9560005763889       0.837149351963746       0.837155990936556     
  -25.7880003333333       0.837150643504532       0.837155252265861     
  -25.6200000902778       0.837151749244713       0.837154515105740     
  -25.4519998402778       0.837152670694864       0.837153962235650     
  -25.2839995972222       0.837153777945619       0.837153593655589     
  -25.1159993541667       0.837154883685801       0.837153409365559     
  -24.9480007291667       0.837155990936556       0.837153409365559     
  -24.7800004791667       0.837157465256797       0.837153593655589     
  -24.6120002361111       0.837158941087613       0.837153962235650     
  -24.4439999930556       0.837160415407855       0.837154330815710     
  -24.2759997500000       0.837161706948640       0.837154515105740     
  -24.1079995069444       0.837162996978852       0.837154699395770     
  -23.9399992569444       0.837163919939577       0.837154699395770     
  -23.7720006319444       0.837165025679758       0.837154699395770     
  -23.6040003888889       0.837166131419939       0.837154699395770     
  -23.4360001458333       0.837167422960725       0.837155252265861     
  -23.2679999027778       0.837168898791541       0.837155990936556     
  -23.0999996527778       0.837170557401813       0.837157096676737     
  -22.9319994097222       0.837172586102719       0.837158756797583     
  -22.7640007847222       0.837174614803625       0.837160599697885     
  -22.5960005416667       0.837176643504532       0.837162628398791     
  -22.4280002916667       0.837178670694864       0.837164657099698     
  -22.2600000486111       0.837180515105740       0.837166685800604     
  -22.0919998055556       0.837182359516616       0.837168344410876     
  -21.9239995625000       0.837184202416918       0.837169820241692     
  -21.7559993194444       0.837186046827795       0.837171110271903     
  -21.5880006875000       0.837188075528701       0.837171848942598     
  -21.4200004444444       0.837190104229607       0.837172401812689     
  -21.2520002013889       0.837191947129909       0.837172401812689     
  -21.0839999583333       0.837193791540785       0.837171848942598     
  -20.9159997083333       0.837195083081571       0.837170741691843     
  -20.7479994652778       0.837196188821752       0.837169083081571     
  -20.5799992222222       0.837196741691843       0.837166685800604     
  -20.4120005972222       0.837196741691843       0.837163735649547     
  -20.2440003472222       0.837196557401813       0.837160415407855     
  -20.0760001041667       0.837196004531722       0.837156728096677     
  -19.9079998611111       0.837195451661631       0.837153225075529     
  -19.7399996180556       0.837194897280967       0.837149904833837     
  -19.5719993750000       0.837194160120846       0.837146954682779     
  -19.4040007430556       0.837193607250755       0.837144373111783     
  -19.2360005000000       0.837192685800604       0.837142344410876     
  -19.0680002569444       0.837191578549849       0.837140501510574     
  -18.9000000138889       0.837190104229607       0.837138841389728     
  -18.7319997638889       0.837188075528701       0.837137181268882     
  -18.5639995208333       0.837185862537765       0.837135891238671     
  -18.3959992777778       0.837183649546828       0.837134785498490     
  -18.2280006527778       0.837181436555891       0.837134231117825     
  -18.0600004097222       0.837179593655589       0.837133862537764     
  -17.8920001597222       0.837178117824773       0.837134231117825     
  -17.7239999166667       0.837177012084592       0.837135154078550     
  -17.5559996736111       0.837176273413897       0.837136259818731     
  -17.3879994305556       0.837175351963746       0.837137735649547     
  -17.2200007986111       0.837174614803625       0.837139209969789     
  -17.0520005555556       0.837173691842900       0.837141054380665     
  -16.8840003125000       0.837172770392749       0.837142714501510     
  -16.7160000694444       0.837171848942598       0.837144741691843     
  -16.5479998263889       0.837171480362538       0.837146954682779     
  -16.3799995763889       0.837171480362538       0.837149720543807     
  -16.2119993333333       0.837172217522659       0.837152854984894     
  -16.0440007083333       0.837173876132931       0.837156359516616     
  -15.8760004652778       0.837175904833837       0.837160415407855     
  -15.7080002152778       0.837178486404834       0.837164841389728     
  -15.5399999722222       0.837181436555891       0.837169451661631     
  -15.3719997291667       0.837184386706949       0.837174246223565     
  -15.2039994861111       0.837187522658610       0.837178854984894     
  -15.0359992430556       0.837190657099698       0.837183280966767     
  -14.8680006111111       0.837193975830816       0.837187706948641     
  -14.7000003680556       0.837197478851964       0.837191947129909     
  -14.5320001250000       0.837201167673716       0.837196188821752     
  -14.3639998819444       0.837205223564955       0.837200244712991     
  -14.1959996319444       0.837209280966767       0.837204117824773     
  -14.0279993888889       0.837213336858006       0.837207989425982     
  -13.8600007638889       0.837217209969789       0.837211309667674     
  -13.6920005208333       0.837220712990936       0.837214075528701     
  -13.5240002708333       0.837223848942598       0.837216472809668     
  -13.3560000277778       0.837226614803625       0.837218315709970     
  -13.1879997847222       0.837229196374622       0.837219791540785     
  -13.0200003472222       0.837231592145015       0.837221267371601     
  -12.8520001041667       0.837234912386707       0.837222557401813     
  -12.6839998611111       0.837238968277946       0.837223110271903     
  -12.5159996180556       0.837240075528701       0.837218500000000     
  -12.3480001805556       0.837222373111782       0.837167975830816     
  -12.1799999375000       0.837102146525680       0.836836432024169     
  -12.0119996944444       0.836321043806646       0.835728025679758     
  -11.8440002569444       0.832616155589124       0.832736564954683     
  -11.6760000138889       0.822041398791541       0.823928326283988     
  -11.5079997638889       0.801670593655589       0.802976487915408     
  -11.3400003333333       0.772101179758308       0.768191796072508     
  -11.1720000833333       0.738915019637462       0.729284373111782     
  -11.0039998402778       0.709855646525680       0.701620326283988     
  -10.8359995972222       0.691808234138973       0.688381598187311     
  -10.6680001597222       0.684645915407855       0.683674146525680     
  -10.4999999166667       0.682666605740181       0.682309061933535     
  -10.3319996736111       0.682281586102719       0.682050537764351     
  -10.1640002361111       0.682130012084592       0.681916666163142     
  -9.99599999305556       0.682043900302115       0.681816907854985     
  -9.82799975000000       0.681965900302115       0.681726922960725     
  -9.66000031250000       0.681886794561933       0.681636567975831     
  -9.49200006944444       0.681797362537764       0.681550086102719     
  -9.32399981944444       0.681724709969789       0.681487022658610     
  -9.15600038888889       0.681673447129909       0.681428016616314     
  -8.98800013888889       0.681641178247734       0.681392611782477     
  -8.81999989583333       0.681609462235650       0.681364214501511     
  -8.65199965277778       0.681570370090635       0.681327703927492     
  -8.48400021527778       0.681530909365559       0.681285293051360     
  -8.31599997222222       0.681498086102719       0.681251548338369     
  -8.14799972916667       0.681468030211480       0.681224442598187     
  -7.98000029166667       0.681438711480363       0.681190697885196     
  -7.81200004861111       0.681407916918429       0.681160273413897     
  -7.64399980555556       0.681380995468278       0.681134457703927     
  -7.47600036805556       0.681356101208459       0.681106797583082     
  -7.30800012500000       0.681328442598187       0.681079691842900     
  -7.13999988194444       0.681292300604230       0.681050557401813     
  -6.97199963194444       0.681248966767372       0.681021054380665     
  -6.80400019791667       0.681210060422961       0.680991365558912     
  -6.63599995347222       0.681180740181269       0.680959649546828     
  -6.46800011388889       0.681149392749245       0.680934386706949     
  -6.29999986944444       0.681117676737160       0.680909309667674     
  -6.13200002916667       0.681093705438067       0.680880728096677     
  -5.96400018888889       0.681068628398792       0.680849933534743     
  -5.79599994444444       0.681034145015106       0.680811764350453     
  -5.62800010416667       0.680995238670695       0.680769722054381     
  -5.45999985972222       0.680957620845921       0.680729338368580     
  -5.29200001944444       0.680920004531722       0.680692827794562     
  -5.12400017916667       0.680883493957704       0.680660374622357     
  -4.95599993472222       0.680850117824774       0.680624969788520     
  -4.78800009444444       0.680820061933535       0.680590303625378     
  -4.61999985000000       0.680792770392749       0.680560063444109     
  -4.45200000972222       0.680767324773414       0.680531850453172     
  -4.28400016944444       0.680739480362538       0.680506403323263     
  -4.11599992500000       0.680710530211480       0.680483907854985     
  -3.94800008541667       0.680687848942598       0.680464729607251     
  -3.77999984097222       0.680671069486405       0.680449240181269     
  -3.61200000069444       0.680654290030211       0.680436702416918     
  -3.44400016041667       0.680637140483384       0.680429510574018     
  -3.27599991597222       0.680619806646526       0.680420660120846     
  -3.10800007569444       0.680600814199396       0.680408858006042     
  -2.94000003333333       0.680581637462236       0.680394475830816     
  -2.77199999097222       0.680563197885196       0.680376404833837     
  -2.60399994861111       0.680546048338369       0.680358149546828     
  -2.43599990625000       0.680529268882175       0.680340262839879     
  -2.26800006597222       0.680513595166163       0.680321454682779     
  -2.10000002361111       0.680499212990937       0.680303015105740     
  -1.93199998125000       0.680486305135952       0.680283283987915     
  -1.76399993888889       0.680475978851964       0.680267057401813     
  -1.59599999791667       0.680468049848943       0.680255993957704     
  -1.42799995555556       0.680462702416918       0.680249170694864     
  -1.26000001458333       0.680457539274924       0.680245667673716     
  -1.09199997222222       0.680450716012085       0.680237922960725     
 -0.924000030555556       0.680438915407855       0.680217638972810     
 -0.755999988194444       0.680413836858006       0.680177441087613     
 -0.587999996527778       0.680390234138973       0.680138533232628     
 -0.420000004722222       0.680374560422961       0.680123965256797     
 -0.251999987708333       0.680381752265861       0.680138717522659     
 -8.400000222222222E-002  0.680367184290030       0.680132080060423     
  8.400000222222222E-002  0.680364418429003       0.680138533232628     
  0.251999987708333       0.680344688821752       0.680118987915408     
  0.420000004722222       0.680329015105740       0.680098335347432     
  0.587999996527778       0.680307255287009       0.680066987915408     
  0.755999988194444       0.680292320241692       0.680043753776435     
  0.924000030555556       0.680276277945620       0.680019598187311     
   1.09199997222222       0.680266135951662       0.680000235649547     
   1.26000001458333       0.680256915407855       0.679979030211480     
   1.42799995555556       0.680249723564955       0.679958561933535     
   1.59599999791667       0.680242533232628       0.679936250755287     
   1.76399993888889       0.680235709969788       0.679913569486405     
   1.93199998125000       0.680228149546828       0.679891258308157     
   2.10000002361111       0.680220220543806       0.679867101208459     
   2.26800006597222       0.680211370090634       0.679835755287009     
   2.43599990625000       0.680201780966767       0.679795371601208     
   2.60399994861111       0.680190901812689       0.679753329305136     
   2.77199999097222       0.680177993957704       0.679714974320242     
   2.94000003333333       0.680163796072508       0.679679939577039     
   3.10800007569444       0.680145356495468       0.679650989425982     
   3.27599991597222       0.680118802114803       0.679622039274924     
   3.44400016041667       0.680083583081571       0.679577415407855     
   3.61200000069444       0.680039143504532       0.679506607250755     
   3.77999984097222       0.679971838368580       0.679419203927493     
   3.94800008541667       0.679861016616314       0.679324608761329     
   4.11599992500000       0.679688975830816       0.679191290030212     
   4.28400016944444       0.679437090634441       0.678964481873112     
   4.45200000972222       0.679069771903323       0.678619293051359     
   4.61999985000000       0.678561022658610       0.678117181268882     
   4.78800009444444       0.677892403323263       0.677407441087613     
   4.95599993472222       0.676942208459214       0.676468495468278     
   5.12400017916667       0.675524755287009       0.675240415407855     
   5.29200001944444       0.673513545317221       0.673587672205438     
   5.45999985972222       0.670879814199396       0.671350392749245     
   5.62800010416667       0.667642921450151       0.668406690332326     
   5.79599994444444       0.663748841389728       0.664682439577039     
   5.96400018888889       0.659030326283988       0.660087285498489     
   6.13200002916667       0.653361433534743       0.654652575528701     
   6.29999986944444       0.646631154078550       0.648446904833837     
   6.46800011388889       0.638827506042296       0.641362031722054     
   6.63599995347222       0.630111648036254       0.633141093655589     
   6.80400019791667       0.620515483383686       0.623439638972810     
   6.97199963194444       0.609873422960725       0.612090234138973     
   7.13999988194444       0.597902234138973       0.599323007552870     
   7.30800012500000       0.584563010574018       0.585549161631420     
   7.47600036805556       0.570026501510574       0.570820143504532     
   7.64399980555556       0.554532054380665       0.554967966767372     
   7.81200004861111       0.538301128398791       0.538045922960725     
   7.98000029166667       0.521318787009064       0.520418564954683     
   8.14799972916667       0.503434749244713       0.502163889728097     
   8.31599997222222       0.484608629909366       0.482824780966767     
   8.48400021527778       0.465105592145015       0.462425577039275     
   8.65199965277778       0.445041253776435       0.441646518126888     
   8.81999989583333       0.424296859516616       0.420865061933535     
   8.98800013888889       0.402885137462236       0.399968542296072     
   9.15600038888889       0.381218394259819       0.378510536253776     
   9.32399981944444       0.359698614803625       0.356530687311178     
   9.49200006944444       0.337995731117825       0.334448500000000     
   9.66000031250000       0.316324930513595       0.312600126888218     
   9.82799975000000       0.294760344410876       0.290856122356496     
   9.99599999305556       0.273000480362538       0.268827962235650     
   10.1640002361111       0.250590252265861       0.246312996978852     
   10.3319996736111       0.227803854984894       0.223877506042296     
   10.4999999166667       0.205270265861027       0.202230678247734     
   10.6680001597222       0.183345552870091       0.181146258308157     
   10.8359995972222       0.161983247734139       0.159737670694864     
   11.0039998402778       0.140887211480362       0.137707297583082     
   11.1720000833333       0.119919330815710       0.115756216012085     
   11.3400003333333       9.912607250755298E-002  9.450657703927476E-002
   11.5079997638889       7.878421601208449E-002  7.389439728096678E-002
   11.6760000138889       5.867728096676745E-002  5.368696525679751E-002
   11.8440002569444       3.852950271903316E-002  3.346330815709963E-002
   12.0119996944444       1.885672854984898E-002  1.348664894259812E-002
   12.1799999375000      -3.490620845921271E-004 -6.141870090634457E-003
   12.3480001805556      -1.975160347432032E-002 -2.558147507552877E-002
   12.5159996180556      -3.908453534743200E-002 -4.478237930513591E-002
   12.6839998611111      -5.814400755287017E-002 -6.346660513595175E-002
   12.8520001041667      -7.663341873111786E-002 -8.151134486404836E-002
   13.0200003472222      -9.410579259818734E-002 -9.907905135951660E-002
   13.1879997847222      -0.110985516767372      -0.116404000302115     
   13.3560000277778      -0.127967396525680      -0.133520304984894     
   13.5240002708333      -0.144656362839879      -0.150081576888217     
   13.6920005208333      -0.160450546374622      -0.165963717522659     
   13.8600007638889      -0.175274436858006      -0.181189776132930     
   14.0279993888889      -0.189404720996979      -0.195467300604230     
   14.1959996319444      -0.203018419033233      -0.208817957401813     
   14.3639998819444      -0.215981290483384      -0.221386589728097     
   14.5320001250000      -0.228416327643505      -0.233380090030211     
   14.7000003680556      -0.240265906797583      -0.244727466012085     
   14.8680006111111      -0.251433680815710      -0.255160974169184     
   15.0359992430556      -0.261792969486405      -0.264615891540786     
   15.2039994861111      -0.271161220543807      -0.272992367522659     
   15.3719997291667      -0.279429179305136      -0.280391174471299     
   15.5399999722222      -0.286781610725076      -0.287057283081571     
   15.7080002152778      -0.293361882779456      -0.293174997129909     
   15.8760004652778      -0.299276207854985      -0.298801664199396     
   16.0440007083333      -0.304451011782477      -0.303797695921450     
   16.2119993333333      -0.308887216616314      -0.308206425679758     
   16.3799995763889      -0.312716020241692      -0.312122817522659     
   16.5479998263889      -0.315908287915408      -0.315451999395770     
   16.7160000694444      -0.318475267975831      -0.318134319335347     
   16.8840003125000      -0.320590108610272      -0.320300698640483     
   17.0520005555556      -0.322307114199396      -0.322092937915408     
   17.2200007986111      -0.323625086253776      -0.323606923262840     
   17.3879994305556      -0.324707215709970      -0.324907654380665     
   17.5559996736111      -0.325614445166163      -0.325975032024169     
   17.7239999166667      -0.326327966465257      -0.326790524320242     
   17.8920001597222      -0.326877375075529      -0.327415627643505     
   18.0600004097222      -0.327319464954683      -0.327872838066465     
   18.2280006527778      -0.327676363897281      -0.328191106042296     
   18.3959992777778      -0.327968724169184      -0.328400211329305     
   18.5639995208333      -0.328207793957704      -0.328533622054381     
   18.7319997638889      -0.328401133383686      -0.328619550755287     
   18.9000000138889      -0.328561650302115      -0.328671273867069     
   19.0680002569444      -0.328687039728097      -0.328701883685801     
   19.2360005000000      -0.328778961329305      -0.328730465105740     
   19.4040007430556      -0.328844514199396      -0.328758401057402     
   19.5719993750000      -0.328877520996979      -0.328765961329305     
   19.7399996180556      -0.328881209063444      -0.328756741540785     
   19.9079998611111      -0.328876414652568      -0.328754436555891     
   20.0760001041667      -0.328876506948640      -0.328754159969788     
   20.2440003472222      -0.328881669939577      -0.328748351510574     
   20.4120005972222      -0.328889138066465      -0.328734060725076     
   20.5799992222222      -0.328893287009063      -0.328722259365559     
   20.7479994652778      -0.328893563595166      -0.328717004078550     
   20.9159997083333      -0.328891535196375      -0.328717649546828     
   21.0839999583333      -0.328893563595166      -0.328716266616314     
   21.2520002013889      -0.328901584743202      -0.328708153172206     
   21.4200004444444      -0.328913754984894      -0.328698656646526     
   21.5880006875000      -0.328924081117825      -0.328694231268882     
   21.7559993194444      -0.328927861178248      -0.328698564501510     
   21.9239995625000      -0.328924818731118      -0.328707692145015     
   22.0919998055556      -0.328920116616314      -0.328716450906344     
   22.2600000486111      -0.328920024471299      -0.328726777190332     
   22.4280002916667      -0.328923620090635      -0.328740791238671     
   22.5960005416667      -0.328925095317221      -0.328757663444109     
   22.7640007847222      -0.328918825830816      -0.328773152719033     
   22.9319994097222      -0.328908683987915      -0.328784032175227     
   23.0999996527778      -0.328903152114804      -0.328795003776435     
   23.2679999027778      -0.328909329456193      -0.328808464652568     
   23.4360001458333      -0.328921222960725      -0.328823492900302     
   23.6040003888889      -0.328926847129909      -0.328826904229607     
   23.7720006319444      -0.328917996072508      -0.328811414954683     
   23.9399992569444      -0.328902414501511      -0.328785968277946     
   24.1079995069444      -0.328894116767372      -0.328769188217523     
   24.2759997500000      -0.328901031570997      -0.328766883383686     
   24.4439999930556      -0.328911726586103      -0.328764486102719     
   24.6120002361111      -0.328908776283988      -0.328737564350453     
   24.7800004791667      -0.328884528096677      -0.328686117824773     
   24.9480007291667      -0.328855209063444      -0.328633472658610     
   25.1159993541667      -0.328839351057402      -0.328612267069486     
   25.2839995972222      -0.328845067371601      -0.328624990483384     
   25.4519998402778      -0.328855024773414      -0.328640479758308     
   25.6200000902778      -0.328846819033233      -0.328625635800604     
   25.7880003333333      -0.328812152567976      -0.328581104078550     
   25.9560005763889      -0.328770663444109      -0.328543763897281     
   26.1239992013889      -0.328748167069486      -0.328548466012085     
   26.2919994513889      -0.328750656495468      -0.328589494108761     
   26.4599996944444      -0.328756741540785      -0.328626188972810     
   26.6279999375000      -0.328736642296073      -0.328620288368580     
   26.7960001805556      -0.328689344712991      -0.328579352265861     
   26.9640004236111      -0.328637805891239      -0.328546898640483     
   27.1320006736111      -0.328616139425982      -0.328560082930514     
   27.3000009166667      -0.328616784743202      -0.328606919637462     
   27.4680011597222      -0.328619274169184      -0.328632735045317     
   27.6360014027778      -0.328579629003021      -0.328600004682780     
   27.8039984166667      -0.328519423564955      -0.328532054682779     
   27.9719986597222      -0.328448430966767      -0.328477934441088     
   28.1399989027778      -0.328415239728097      -0.328478118731118     
   28.3079991458333      -0.328404544712991      -0.328507253474320     
   28.4759993958333      -0.328397537613293      -0.328509005135952     
   28.6439996388889      -0.328346367673716      -0.328439580060423     
   28.8119998819444      -0.328258041842900      -0.328323225981873     
   28.9800001250000      -0.328167779909366      -0.328224942749245     
   29.1480003680556      -0.328110893655589      -0.328184283383686     
   29.3160006111111      -0.328091808610272      -0.328182900453172     
   29.4840008611111      -0.328061752114804      -0.328142148791541     
   29.6520011041667      -0.327992234743202      -0.328026163595166     
   29.8200013472222      -0.327871547432024      -0.327850249546828     
   29.9880015902778      -0.327763767824773      -0.327708909818731     
   30.1559986041667      -0.327691945468278      -0.327634598187311     
   30.3239988472222      -0.327661704380665      -0.327606385498489     
   30.4919990902778      -0.327613761480362      -0.327539541993958     
   30.6599993333333      -0.327522024320242      -0.327402627794562     
   30.8279995833333      -0.327386124320242      -0.327229018731118     
   30.9959998263889      -0.327259997280967      -0.327096069033233     
   31.1640000694444      -0.327174345166163      -0.327039367069486     
   31.3320003125000      -0.327126033383686      -0.327017608308157     
   31.5000005555556      -0.327063799697885      -0.326950488066465     
   31.6680008055556      -0.326953807250755      -0.326804169788520     
   31.8360010486111      -0.326805460422961      -0.326619681268882     
   32.0040012916667      -0.326670482477341      -0.326476774169184     
   32.1720015347222      -0.326581511178248      -0.326407348942598     
   32.3399985486111      -0.326528128549849      -0.326366966163142     
   32.5079987916667      -0.326453816918429      -0.326273477341390     
   32.6759990347222      -0.326323725377644      -0.326095074018127     
   32.8439992777778      -0.326150946072508      -0.325884677794562     
   33.0119995277778      -0.325993195015106      -0.325723607703927     
   33.1799997708333      -0.325885138821752      -0.325646806646526     
   33.3480000138889      -0.325814976132930      -0.325600062235650     
   33.5160002569444      -0.325726373716012      -0.325496431570997     
   33.6840005000000      -0.325583651057402      -0.325307794259819     
   33.8520007500000      -0.325403588066465      -0.325086887462236     
   34.0200009930556      -0.325241411631420      -0.324920838670695     
   34.1880012361111      -0.325131142598187      -0.324834817824773     
   34.3560014791667      -0.325056830966767      -0.324774428096677     
   34.5239984930556      -0.324961866918429      -0.324652081117825     
   34.6919987361111      -0.324810938519638      -0.324441592900302     
   34.8599989791667      -0.324624882779456      -0.324203629456193     
   35.0279992222222      -0.324460124622357      -0.324020524018127     
   35.1959994652778      -0.324351884138973      -0.323922425226586     
   35.3639997152778      -0.324279047583082      -0.323847837009063     
   35.5319999583333      -0.324184728851964      -0.323711107099698     
   35.7000002013889      -0.324031772205438      -0.323491030211480     
   35.8680004444444      -0.323845624169184      -0.323251315105740     
   36.0360006875000      -0.323681972507553      -0.323081209516616     
   36.2040009375000      -0.323575391540786      -0.322999706495468     
   36.3720011805556      -0.323501079758308      -0.322941160574018     
   36.5400014236111      -0.323401966918429      -0.322816140030212     
   36.7079984375000      -0.323241726435045      -0.322605190634441     
   36.8759986805556      -0.323051982779456      -0.322381794561933     
   37.0439989236111      -0.322889529758308      -0.322229944259819     
   37.2119991666667      -0.322791246525680      -0.322174809818731     
   37.3799994097222      -0.322727261027190      -0.322143462537764     
   37.5479996597222      -0.322639857099698      -0.322045271450151     
   37.7159999027778      -0.322487914652568      -0.321859953323263     
   37.8840001458333      -0.322304440483384      -0.321655734441088     
   38.0520003888889      -0.322143278096677      -0.321521954984894     
   38.2200006319444      -0.322044902719033      -0.321477146676737     
   38.3880008819444      -0.321978427794562      -0.321449671601208     
   38.5560011250000      -0.321891761631420      -0.321351296223565     
   38.7240013680556      -0.321740648942598      -0.321157219184290     
   38.8920016111111      -0.321565841238671      -0.320947745015106     
   39.0599986250000      -0.321414175377644      -0.320800228096677     
   39.2279988680556      -0.321336267975831      -0.320755880815710     
   39.3959991111111      -0.321284913595166      -0.320728129154079     
   39.5639993541667      -0.321217701208459      -0.320638420392749     
   39.7319995972222      -0.321067971450151      -0.320436875226586     
   39.8999998472222      -0.320900631873112      -0.320226571299094     
   40.0680000902778      -0.320755511933535      -0.320081174924471     
   40.2360003333333      -0.320688299546828      -0.320043650302115     
   40.4040005763889      -0.320651051510574      -0.320022444712991     
   40.5720008194444      -0.320593796525680      -0.319941033836858     
   40.7400010694444      -0.320474768731118      -0.319769914048338     
   40.9080013125000      -0.320327989274924      -0.319595751812689     
   41.0760015555556      -0.320215046525680      -0.319494241691843     
   41.2439985694444      -0.320158437009063      -0.319486404833837     
   41.4119988125000      -0.320134926435045      -0.319494887009063     
   41.5799990555556      -0.320088458610272      -0.319438554078550     
   41.7479992986111      -0.319988146978852      -0.319298044108761     
   41.9159995416667      -0.319859714954683      -0.319146009365559     
   42.0839997916667      -0.319757006344411      -0.319065889274925     
   42.2520000347222      -0.319721325679758      -0.319085158610272     
   42.4200002777778      -0.319720403625378      -0.319124066163142     
   42.5880005208333      -0.319703162688822      -0.319100279154079     
   42.7560007638889      -0.319618432477341      -0.318979776132930     
   42.9240010138889      -0.319505397583082      -0.318851436404834     
   43.0920012569444      -0.319410341389728      -0.318790401208459     
   43.2600015000000      -0.319384525981873      -0.318835854833837     
   43.4279985138889      -0.319392639274924      -0.318904358157100     
   43.5959987569444      -0.319389227945619      -0.318911272960725     
   43.7639990000000      -0.319319710574018      -0.318822670543807     
   43.9319992430556      -0.319225299697885      -0.318713600151057     
   44.0999994861111      -0.319148775377643      -0.318667132326284     
   44.2679997361111      -0.319143520090634      -0.318720975981873     
   44.4359999791667      -0.319173115558912      -0.318796025377644     
   44.6040002222222      -0.319193030362538      -0.318810961329305     
   44.7720004652778      -0.319144441993958      -0.318720883836858     
   44.9400007083333      -0.319065981419940      -0.318610799244713     
   45.1080009513889      -0.319001995921450      -0.318556217975831     
   45.2760012013889      -0.319011400151057      -0.318606742598187     
   45.4440014444444      -0.319061371450151      -0.318686493957704     
   45.6119984513889      -0.319106732930514      -0.318709543504532     
   45.7799987013889      -0.319082669335347      -0.318632650302115     
   45.9479989444444      -0.319023939123867      -0.318528005438067     
   46.1159991875000      -0.318973783232628      -0.318483012688822     
   46.2839994305556      -0.318994896676737      -0.318550132930514     
   46.4519996736111      -0.319058421148036      -0.318655976283988     
   46.6199999236111      -0.319122498791541      -0.318717564652568     
   46.7880001666667      -0.319120378247734      -0.318675522356495     
   46.9560004097222      -0.319082116012085      -0.318606742598187     
   47.1240006527778      -0.319048924773414      -0.318585721450151     
   47.2920008958333      -0.319084236555891      -0.318672848640483     
   47.4600011458333      -0.319162973867069      -0.318799989879154     
   47.6280013888889      -0.319245030211480      -0.318881032024169     
   47.7959983958333      -0.319261441389728      -0.318861024924471     
   47.9639986458333      -0.319236640181269      -0.318801925981873     
   48.1319988888889      -0.319208519637462      -0.318788833836858     
   48.2999991319444      -0.319241803172205      -0.318884812084592     
   48.4679993750000      -0.319318143202417      -0.319028364501511     
   48.6359996180556      -0.319402320090635      -0.319138633534743     
   48.8039998680556      -0.319424908761329      -0.319138541389728     
   48.9720001111111      -0.319405915861027      -0.319095484743202     
   49.1400003541667      -0.319381391238671      -0.319077137311178     
   49.3080005972222      -0.319421958308157      -0.319174222054381     
   49.4760008402778      -0.319512220241692      -0.319323121903323     
   49.6440010902778      -0.319618340332326      -0.319453766767372     
   49.8120013333333      -0.319661396827795      -0.319460866012085     
   49.9800015763889      -0.319649687764350      -0.319413107401813     
   50.1479985833333      -0.319629772960725      -0.319380561329305     
   50.3159988333333      -0.319661396827795      -0.319454412084592     
   50.4839990763889      -0.319752765256798      -0.319587361782477     
   50.6519993194444      -0.319855381722054      -0.319700027945619     
   50.8199995625000      -0.319917246676737      -0.319714134138973     
   50.9879998055556      -0.319919828247734      -0.319665177039275     
   51.1560000555556      -0.319911899093656      -0.319639730362538     
   51.3240002986111      -0.319941863595166      -0.319704637764350     
   51.4920005416667      -0.320030650302115      -0.319851601661631     
   51.6600007847222      -0.320135664048338      -0.319978097432024     
   51.8280010277778      -0.320205550151057      -0.320030281570997     
   51.9960012777778      -0.320213663595166      -0.319997919939577     
   52.1640015208333      -0.320204904833837      -0.319989529909366     
   52.3319985277778      -0.320226018126888      -0.320052224773414     
   52.4999987777778      -0.320311577945619      -0.320209145921450     
   52.6679990208333      -0.320418159063444      -0.320350209063444     
   52.8359992638889      -0.320501045166163      -0.320418066918429     
   53.0039995069444      -0.320514413897281      -0.320387918126888     
   53.1719997500000      -0.320503903323263      -0.320367265709970     
   53.3400000000000      -0.320510725981873      -0.320409953474320     
   53.5080002430556      -0.320581441993958      -0.320560697280967     
   53.6760004861111      -0.320677327945619      -0.320703143504532     
   53.8440007291667      -0.320756249546828      -0.320791653625378     
   54.0120009722222      -0.320768419637462      -0.320767866465257     
   54.1800012222222      -0.320751270845922      -0.320749887915408     
   54.3480014652778      -0.320747029758308      -0.320773951661631     
   54.5160017083333      -0.320801703172206      -0.320904504078550     
   54.6840019513889      -0.320884589274924      -0.321032382930514     
   54.8520021944444      -0.320965447129909      -0.321115269033233     
   55.0200024444444      -0.320985085347432      -0.321080233685801     
   55.1880026875000      -0.320966000302115      -0.321031829758308     
   55.3560029305556      -0.320935667069486      -0.321005737613293     
   55.5240031736111      -0.320956227341390      -0.321093971299094     
   55.6919969513889      -0.321019751812689      -0.321192807703927     
   55.8599971944444      -0.321102822356495      -0.321272190181269     
   56.0279974375000      -0.321145602265861      -0.321231162084592     
   56.1959976875000      -0.321138134138973      -0.321167821903323     
   56.3639979305556      -0.321110198187311      -0.321117020845921     
   56.5319981736111      -0.321103836404834      -0.321173722658610     
   56.6999984166667      -0.321157864501511      -0.321276339123867     
   56.8679986597222      -0.321234757854985      -0.321363558610272     
   57.0359989097222      -0.321307686555891      -0.321358487613293     
   57.2039991527778      -0.321304275226586      -0.321278551963746     
   57.3719993958333      -0.321259743504532      -0.321206176435045     
   57.5399996388889      -0.321186445921450      -0.321195758006042     
   57.7079998819444      -0.321167361027190      -0.321278459667674     
   57.8760001319444      -0.321175013444109      -0.321361161480363     
   58.0440003750000      -0.321241764803625      -0.321427359667674     
   58.2120006180556      -0.321223970694864      -0.321353785649547     
   58.3800008611111      -0.321226828700906      -0.321298651057402     
   58.5480011041667      -0.321036255287009      -0.321101347129909     
   58.7160013541667      -0.321021503625378      -0.321103191087613     
   58.8840015972222      -0.320706462537764      -0.320830837764350     
   59.0520018402778      -0.320850475981873      -0.320930688368580     
   59.2200020833333      -0.320394279758308      -0.320442499395770     
   59.3880023263889      -0.320842823564955      -0.320709781722054     
   59.5560025763889      -0.320354542296072      -0.320186096374622     
   59.7240028194444      -0.321568883836858      -0.321214935196375     
   59.8920030625000      -0.321809520845921      -0.321508678398791     
   60.0599968402778      -0.326312661480362      -0.325409949697885     
