  -60.0599968402778       4.026202370000000E-018  4.026202370000000E-018
  -59.8920030625000       7.626648312000000E-006  7.503928828000000E-006
  -59.7240028194444       9.811816199000000E-006  9.546524780000000E-006
  -59.5560025763889       9.190432138000000E-006  9.140389921000001E-006
  -59.3880023263889       9.015953765000000E-006  9.222144399000001E-006
  -59.2200020833333       8.183817953999999E-006  8.324828740999999E-006
  -59.0520018402778       6.968876733000000E-006  6.819677310000000E-006
  -58.8840015972222       6.814918379000000E-006  6.440898687000000E-006
  -58.7160013541667       5.566811978000000E-006  5.054349003000000E-006
  -58.5480011041667       3.846628260000000E-006  3.348354312000000E-006
  -58.3800008611111       2.206454155000000E-006  1.768772222000000E-006
  -58.2120006180556       8.078076803000000E-007  4.734804122000000E-007
  -58.0440003750000       3.110258433000000E-007  6.286094276000000E-007
  -57.8760001319444       1.105844262000000E-006  1.364930426000000E-006
  -57.7079998819444       1.600052656000000E-006  1.791213663000000E-006
  -57.5399996388889       1.856229801000000E-006  1.987449878000000E-006
  -57.3719993958333       1.963279146000000E-006  2.050871899000000E-006
  -57.2039991527778       1.995560069000000E-006  2.052833679000000E-006
  -57.0359989097222       1.992450734000000E-006  2.030506494000000E-006
  -56.8679986597222       1.975413170000000E-006  2.001063876000000E-006
  -56.6999984166667       1.953786523000000E-006  1.971746769000000E-006
  -56.5319981736111       1.932788109000000E-006  1.945086524000000E-006
  -56.3639979305556       1.913659162000000E-006  1.921086778000000E-006
  -56.1959976875000       1.896962317000000E-006  1.899391464000000E-006
  -56.0279974375000       1.882431093000000E-006  1.879990918000000E-006
  -55.8599971944444       1.870068104000000E-006  1.863146963000000E-006
  -55.6919969513889       1.859628355000000E-006  1.848863690000000E-006
  -55.5240031736111       1.850989179000000E-006  1.836816182000000E-006
  -55.3560029305556       1.843876021000000E-006  1.826529910000000E-006
  -55.1880026875000       1.838086291000000E-006  1.817681664000000E-006
  -55.0200024444444       1.833425017000000E-006  1.810193567000000E-006
  -54.8520021944444       1.829849452000000E-006  1.804151680000000E-006
  -54.6840019513889       1.827378242000000E-006  1.799610232000000E-006
  -54.5160017083333       1.826044127000000E-006  1.796492370000000E-006
  -54.3480014652778       1.825794243000000E-006  1.794642344000000E-006
  -54.1800012222222       1.826530024000000E-006  1.793948400000000E-006
  -54.0120009722222       1.828156655000000E-006  1.794367449000000E-006
  -53.8440007291667       1.830621841000000E-006  1.795840603000000E-006
  -53.6760004861111       1.833874308000000E-006  1.798228709000000E-006
  -53.5080002430556       1.837834930000000E-006  1.801366807000000E-006
  -53.3400000000000       1.842410029000000E-006  1.805167926000000E-006
  -53.1719997500000       1.847538897000000E-006  1.809646164000000E-006
  -53.0039995069444       1.853206413000000E-006  1.814840971000000E-006
  -52.8359992638889       1.859413373000000E-006  1.820744728000000E-006
  -52.6679990208333       1.866144999000000E-006  1.827310257000000E-006
  -52.4999987777778       1.873379233000000E-006  1.834495492000000E-006
  -52.3319985277778       1.881113008000000E-006  1.842264624000000E-006
  -52.1640015208333       1.889365421000000E-006  1.850547278000000E-006
  -51.9960012777778       1.898147730000000E-006  1.859223630000000E-006
  -51.8280010277778       1.907437309000000E-006  1.868176241000000E-006
  -51.6600007847222       1.917185955000000E-006  1.877358045000000E-006
  -51.4920005416667       1.927349786000000E-006  1.886808491000000E-006
  -51.3240002986111       1.937908110000000E-006  1.896607728000000E-006
  -51.1560000555556       1.948854106000000E-006  1.906822718000000E-006
  -50.9879998055556       1.960178452000000E-006  1.917485633000000E-006
  -50.8199995625000       1.971864549000000E-006  1.928596021000000E-006
  -50.6519993194444       1.983893753000000E-006  1.940121138000000E-006
  -50.4839990763889       1.996239234000000E-006  1.951993909000000E-006
  -50.3159988333333       2.008835963000000E-006  1.964126341000000E-006
  -50.1479985833333       2.021525461000000E-006  1.976430212000000E-006
  -49.9800015763889       2.033949613000000E-006  1.988772738000000E-006
  -49.8120013333333       2.045349447000000E-006  2.000777158000000E-006
  -49.6440010902778       2.054229299000000E-006  2.011398465000000E-006
  -49.4760008402778       2.057934580000000E-006  2.018331770000000E-006
  -49.3080005972222       2.052325272000000E-006  2.017467523000000E-006
  -49.1400003541667       2.031823442000000E-006  2.002756219000000E-006
  -48.9720001111111       1.990046030000000E-006  1.966834589000000E-006
  -48.8039998680556       1.921012199000000E-006  1.902488862000000E-006
  -48.6359996180556       1.820607963000000E-006  1.804574481000000E-006
  -48.4679993750000       1.687820941000000E-006  1.671666837000000E-006
  -48.2999991319444       1.525323455000000E-006  1.506769536000000E-006
  -48.1319988888889       1.339271989000000E-006  1.316887733000000E-006
  -47.9639986458333       1.138490120000000E-006  1.111820779000000E-006
  -47.7959983958333       9.333293747000000E-007  9.027461942000000E-007
  -47.6280013888889       7.344433470000000E-007  7.009463161000000E-007
  -47.4600011458333       5.515714179000000E-007  5.166721735000000E-007
  -47.2920008958333       3.924030523000000E-007  3.580200030000000E-007
  -47.1240006527778       2.616721133000000E-007  2.308347291000000E-007
  -46.9560004097222       1.607180877000000E-007  1.430117038000000E-007
  -46.7880001666667       8.788958183000001E-008  9.742667117999999E-008
  -46.6199999236111       4.246957275000000E-008  8.161883612999999E-008
  -46.4519996736111       2.537600885000000E-008  7.892811027000000E-008
  -46.2839994305556       2.545387368000000E-008  8.010566432000000E-008
  -46.1159991875000       2.923233566000000E-008  8.144017016000000E-008
  -45.9479989444444       3.204053201000000E-008  8.231697989999999E-008
  -45.7799987013889       3.352677069000000E-008  8.279141639000001E-008
  -45.6119984513889       3.420594652000000E-008  8.301498155999999E-008
  -45.4440014444444       3.448762342000000E-008  8.281555353000000E-008
  -45.2760012013889       3.458238140000000E-008  8.239065607999999E-008
  -45.1080009513889       3.462669085000000E-008  8.172860078000000E-008
  -44.9400007083333       3.465424214000000E-008  8.074717783000000E-008
  -44.7720004652778       3.466384513000000E-008  7.969679672000000E-008
  -44.6040002222222       3.465473242000000E-008  7.880142050000000E-008
  -44.4359999791667       3.461985898000000E-008  7.813320479000000E-008
  -44.2679997361111       3.455477682000000E-008  7.777332199999999E-008
  -44.0999994861111       3.443431140000000E-008  7.742889352000001E-008
  -43.9319992430556       3.424086970000000E-008  7.708955252000000E-008
  -43.7639990000000       3.398744752000000E-008  7.689219217000000E-008
  -43.5959987569444       3.370988111000000E-008  7.684300840000000E-008
  -43.4279985138889       3.344477406000000E-008  7.713574490000000E-008
  -43.2600015000000       3.321682840000000E-008  7.741113706000000E-008
  -43.0920012569444       3.304159080000000E-008  7.771494381000000E-008
  -42.9240010138889       3.296309714000000E-008  7.793281753000000E-008
  -42.7560007638889       3.299636120000000E-008  7.778314170999999E-008
  -42.5880005208333       3.314527675000000E-008  7.711406624000000E-008
  -42.4200002777778       3.337003918000000E-008  7.605049035000000E-008
  -42.2520000347222       3.362901424000000E-008  7.480604580000001E-008
  -42.0839997916667       3.388985093000000E-008  7.367911792000000E-008
  -41.9159995416667       3.415402361000000E-008  7.273464320000000E-008
  -41.7479992986111       3.437653362000000E-008  7.207953701000000E-008
  -41.5799990555556       3.451749819000000E-008  7.175449923000000E-008
  -41.4119988125000       3.458409026000000E-008  7.183185601999999E-008
  -41.2439985694444       3.455346942000000E-008  7.214185160000000E-008
  -41.0760015555556       3.442916707000000E-008  7.256840461999999E-008
  -40.9080013125000       3.423092210000000E-008  7.286620729000000E-008
  -40.7400010694444       3.397502013000000E-008  7.296115712000001E-008
  -40.5720008194444       3.368237955000000E-008  7.281960278999999E-008
  -40.4040005763889       3.339010846000000E-008  7.236121746000000E-008
  -40.2360003333333       3.313931174000000E-008  7.163170324000001E-008
  -40.0680000902778       3.294445605000000E-008  7.082751807000000E-008
  -39.8999998472222       3.281669336000000E-008  7.004108937000000E-008
  -39.7319995972222       3.277268235000000E-008  6.932773288999999E-008
  -39.5639993541667       3.278529803000000E-008  6.879028547000000E-008
  -39.3959991111111       3.283035355000000E-008  6.850214617999999E-008
  -39.2279988680556       3.277756733000000E-008  6.840339495000000E-008
  -39.0599986250000       3.242632118000000E-008  6.821908727000001E-008
  -38.8920016111111       3.144561234000000E-008  6.787633566000000E-008
  -38.7240013680556       2.962710965000000E-008  6.736971159000000E-008
  -38.5560011250000       2.803564136000000E-008  6.704566857000000E-008
  -38.3880008819444       3.321075326000000E-008  6.954851273000001E-008
  -38.2200006319444       6.093790006000000E-008  8.414935593000000E-008
  -38.0520003888889       1.250703718000000E-007  1.322997321000000E-007
  -37.8840001458333       2.364835439000000E-007  2.364655671000000E-007
  -37.7159999027778       4.142365526000000E-007  4.123340318000000E-007
  -37.5479996597222       6.846386782000000E-007  6.825824244000000E-007
  -37.3799994097222       1.077887646000000E-006  1.077180968000000E-006
  -37.2119991666667       1.624336733000000E-006  1.628211976000000E-006
  -37.0439989236111       2.349362831000000E-006  2.363791737000000E-006
  -36.8759986805556       3.267113470000000E-006  3.301739753000000E-006
  -36.7079984375000       4.374358014000000E-006  4.443103535000000E-006
  -36.5400014236111       5.646075806000000E-006  5.767044513000000E-006
  -36.3720011805556       7.034352620000000E-006  7.228696177000000E-006
  -36.2040009375000       8.471529326999999E-006  8.761094250000001E-006
  -36.0360006875000       9.877411685000000E-006  1.028129191000000E-005
  -35.8680004444444       1.116915064000000E-005  1.169963161000000E-005
  -35.7000002013889       1.227152279000000E-005  1.293019250000000E-005
  -35.5319999583333       1.312520453000000E-005  1.390020498000000E-005
  -35.3639997152778       1.369137226000000E-005  1.455660095000000E-005
  -35.1959994652778       1.395219169000000E-005  1.486897236000000E-005
  -35.0279992222222       1.390812668000000E-005  1.482927200000000E-005
  -34.8599989791667       1.357381734000000E-005  1.444945337000000E-005
  -34.6919987361111       1.297431663000000E-005  1.375838747000000E-005
  -34.5239984930556       1.214279109000000E-005  1.279896878000000E-005
  -34.3560014791667       1.111971415000000E-005  1.162558237000000E-005
  -34.1880012361111       9.952668734000000E-006  1.030147268000000E-005
  -34.0200009930556       8.695512405999999E-006  8.895350220000001E-006
  -33.8520007500000       7.405961242000000E-006  7.476837709000000E-006
  -33.6840005000000       6.141418453000000E-006  6.110980848000000E-006
  -33.5160002569444       4.953730695000000E-006  4.852647635000000E-006
  -33.3480000138889       3.884129910000000E-006  3.741959745000000E-006
  -33.1799997708333       2.959659241000000E-006  2.801787787000000E-006
  -33.0119995277778       2.191937938000000E-006  2.037832928000000E-006
  -32.8439992777778       1.578421006000000E-006  1.441169275000000E-006
  -32.6759990347222       1.105613137000000E-006  9.925014410000001E-007
  -32.5079987916667       7.532934774000000E-007  6.684517188999999E-007
  -32.3399985486111       4.991344440000000E-007  4.477412290000000E-007
  -32.1720015347222       3.242969626000000E-007  3.094087333000000E-007
  -32.0040012916667       2.133074588000000E-007  2.327261797000000E-007
  -31.8360010486111       1.481112406000000E-007  1.967443666000000E-007
  -31.6680008055556       1.140618267000000E-007  1.823565299000000E-007
  -31.5000005555556       9.996290373000001E-008  1.776065233000000E-007
  -31.3320003125000       9.648240251000000E-008  1.767164264000000E-007
  -31.1640000694444       9.806509382000000E-008  1.770681166000000E-007
  -30.9959998263889       1.021681797000000E-007  1.777865037000000E-007
  -30.8279995833333       1.068492566000000E-007  1.789558866000000E-007
  -30.6599993333333       1.103722056000000E-007  1.803828553000000E-007
  -30.4919990902778       1.115642476000000E-007  1.817920463000000E-007
  -30.3239988472222       1.103432581000000E-007  1.827957732000000E-007
  -30.1559986041667       1.075812932000000E-007  1.830587877000000E-007
  -29.9880015902778       1.042131075000000E-007  1.826832516000000E-007
  -29.8200013472222       1.012687676000000E-007  1.823375442000000E-007
  -29.6520011041667       9.944444912000001E-008  1.825888205000000E-007
  -29.4840008611111       9.922135291000001E-008  1.838318155000000E-007
  -29.3160006111111       1.007435841000000E-007  1.863412251000000E-007
  -29.1480003680556       1.034762320000000E-007  1.895876380000000E-007
  -28.9800001250000       1.059812220000000E-007  1.929280558000000E-007
  -28.8119998819444       1.069393960000000E-007  1.957453151000000E-007
  -28.6439996388889       1.059978842000000E-007  1.977720672000000E-007
  -28.4759993958333       1.036732016000000E-007  1.992789436000000E-007
  -28.3079991458333       1.010312971000000E-007  2.005662054000000E-007
  -28.1399989027778       9.920340460000000E-008  2.018896907000000E-007
  -27.9719986597222       9.877579288000000E-008  2.035525597000000E-007
  -27.8039984166667       9.983312310000000E-008  2.053643016000000E-007
  -27.6360014027778       1.022330309000000E-007  2.072241756000000E-007
  -27.4680011597222       1.056279686000000E-007  2.089352904000000E-007
  -27.3000009166667       1.091217854000000E-007  2.103108017000000E-007
  -27.1320006736111       1.114478039000000E-007  2.114112903000000E-007
  -26.9640004236111       1.117542752000000E-007  2.121547169000000E-007
  -26.7960001805556       1.101591067000000E-007  2.125942729000000E-007
  -26.6279999375000       1.075436487000000E-007  2.130075671000000E-007
  -26.4599996944444       1.050798701000000E-007  2.137238511000000E-007
  -26.2919994513889       1.037708941000000E-007  2.146325642000000E-007
  -26.1239992013889       1.039327131000000E-007  2.157593713000000E-007
  -25.9560005763889       1.056784669000000E-007  2.172783411000000E-007
  -25.7880003333333       1.087650290000000E-007  2.188633346000000E-007
  -25.6200000902778       1.125578351000000E-007  2.198857629000000E-007
  -25.4519998402778       1.157872873000000E-007  2.199921312000000E-007
  -25.2839995972222       1.172498543000000E-007  2.190277399000000E-007
  -25.1159993541667       1.165945207000000E-007  2.174701876000000E-007
  -24.9480007291667       1.143302484000000E-007  2.159869865000000E-007
  -24.7800004791667       1.113719463000000E-007  2.150186162000000E-007
  -24.6120002361111       1.086186217000000E-007  2.149186145000000E-007
  -24.4439999930556       1.067058548000000E-007  2.159529942000000E-007
  -24.2759997500000       1.059496171000000E-007  2.180435104000000E-007
  -24.1079995069444       1.064929691000000E-007  2.210673102000000E-007
  -23.9399992569444       1.079560619000000E-007  2.247809334000000E-007
  -23.7720006319444       1.093498696000000E-007  2.286430316000000E-007
  -23.6040003888889       1.097648266000000E-007  2.324415505000000E-007
  -23.4360001458333       1.088690311000000E-007  2.362038600000000E-007
  -23.2679999027778       1.071877946000000E-007  2.394151863000000E-007
  -23.0999996527778       1.054887235000000E-007  2.418893246000000E-007
  -22.9319994097222       1.044334681000000E-007  2.439533091000000E-007
  -22.7640007847222       1.042325550000000E-007  2.459302380000000E-007
  -22.5960005416667       1.049907468000000E-007  2.481343984000000E-007
  -22.4280002916667       1.068586499000000E-007  2.504840495000000E-007
  -22.2600000486111       1.098323708000000E-007  2.527994525000000E-007
  -22.0919998055556       1.130009935000000E-007  2.545027371000000E-007
  -21.9239995625000       1.149365758000000E-007  2.554315870000000E-007
  -21.7559993194444       1.150174072000000E-007  2.552685601000000E-007
  -21.5880006875000       1.135306675000000E-007  2.539210868000000E-007
  -21.4200004444444       1.114635069000000E-007  2.519127520000000E-007
  -21.2520002013889       1.097638176000000E-007  2.499255061000000E-007
  -21.0839999583333       1.089375843000000E-007  2.488029622000000E-007
  -20.9159997083333       1.093114150000000E-007  2.491581768000000E-007
  -20.7479994652778       1.111494541000000E-007  2.511869468000000E-007
  -20.5799992222222       1.145373290000000E-007  2.545347684000000E-007
  -20.4120005972222       1.188329009000000E-007  2.581906813000000E-007
  -20.2440003472222       1.226803761000000E-007  2.609214107000000E-007
  -20.0760001041667       1.247716028000000E-007  2.622542468000000E-007
  -19.9079998611111       1.244829235000000E-007  2.621473811000000E-007
  -19.7399996180556       1.222520893000000E-007  2.610302943000000E-007
  -19.5719993750000       1.192851897000000E-007  2.594574653000000E-007
  -19.4040007430556       1.171058344000000E-007  2.581566036000000E-007
  -19.2360005000000       1.165842960000000E-007  2.580077592000000E-007
  -19.0680002569444       1.179779900000000E-007  2.594193234000000E-007
  -18.9000000138889       1.209823637000000E-007  2.621801229000000E-007
  -18.7319997638889       1.248892687000000E-007  2.653233082000000E-007
  -18.5639995208333       1.285431637000000E-007  2.680991145000000E-007
  -18.3959992777778       1.307593465000000E-007  2.701030155000000E-007
  -18.2280006527778       1.307737136000000E-007  2.710665399000000E-007
  -18.0600004097222       1.286968114000000E-007  2.709134606000000E-007
  -17.8920001597222       1.255033908000000E-007  2.701050335000000E-007
  -17.7239999166667       1.224960329000000E-007  2.694584396000000E-007
  -17.5559996736111       1.206752529000000E-007  2.700521122000000E-007
  -17.3879994305556       1.204424365000000E-007  2.726480943000000E-007
  -17.2200007986111       1.217565000000000E-007  2.771587333000000E-007
  -17.0520005555556       1.241784702000000E-007  2.826233469000000E-007
  -16.8840003125000       1.270044265000000E-007  2.873692324000000E-007
  -16.7160000694444       1.290558913000000E-007  2.900153788000000E-007
  -16.5479998263889       1.293729639000000E-007  2.898860885000000E-007
  -16.3799995763889       1.278240944000000E-007  2.874155314000000E-007
  -16.2119993333333       1.250421349000000E-007  2.838075090000000E-007
  -16.0440007083333       1.221969086000000E-007  2.805188615000000E-007
  -15.8760004652778       1.203738123000000E-007  2.789072653000000E-007
  -15.7080002152778       1.202356827000000E-007  2.802610481000000E-007
  -15.5399999722222       1.218588892000000E-007  2.849085661000000E-007
  -15.3719997291667       1.250851938000000E-007  2.916823121000000E-007
  -15.2039994861111       1.291107026000000E-007  2.987555945000000E-007
  -15.0359992430556       1.324946766000000E-007  3.037191050000000E-007
  -14.8680006111111       1.339179647000000E-007  3.054927902000000E-007
  -14.7000003680556       1.328092480000000E-007  3.041190269000000E-007
  -14.5320001250000       1.297098606000000E-007  3.006934151000000E-007
  -14.3639998819444       1.261890503000000E-007  2.965608132000000E-007
  -14.1959996319444       1.237567346000000E-007  2.936118619000000E-007
  -14.0279993888889       1.232470623000000E-007  2.936799888000000E-007
  -13.8600007638889       1.248637176000000E-007  2.972832931000000E-007
  -13.6920005208333       1.284924593000000E-007  3.037787337000000E-007
  -13.5240002708333       1.336635762000000E-007  3.114206208000000E-007
  -13.3560000277778       1.390887405000000E-007  3.179765429000000E-007
  -13.1879997847222       1.428334713000000E-007  3.218725624000000E-007
  -13.0200003472222       1.436082187000000E-007  3.226585079000000E-007
  -12.8520001041667       1.416965176000000E-007  3.212983302000000E-007
  -12.6839998611111       1.400853904000000E-007  3.222364171000000E-007
  -12.5159996180556       1.496240998000000E-007  3.473328718000000E-007
  -12.3480001805556       2.066237244000000E-007  5.954674407000000E-007
  -12.1799999375000       6.669960726000000E-007  1.569004780000000E-006
  -12.0119996944444       3.554045179000000E-006  4.107272616000000E-006
  -11.8440002569444       1.299839550000000E-005  1.161455748000000E-005
  -11.6760000138889       3.103726704000000E-005  3.086989091000000E-005
  -11.5079997638889       5.506135858000000E-005  6.416259566000000E-005
  -11.3400003333333       7.793232362000000E-005  9.902020975000000E-005
  -11.1720000833333       9.031312948000001E-005  1.159150343000000E-004
  -11.0039998402778       8.861332753000000E-005  1.106161872000000E-004
  -10.8359995972222       7.553565956000000E-005  9.654537280000000E-005
  -10.6680001597222       6.394217780000000E-005  8.510967018000000E-005
  -10.4999999166667       5.664576020000000E-005  7.805361383000001E-005
  -10.3319996736111       5.225540735000000E-005  7.224004366000000E-005
  -10.1640002361111       4.861351408000000E-005  6.767430749999999E-005
  -9.99599999305556       4.495639587000000E-005  6.356853555000000E-005
  -9.82799975000000       4.248133337000000E-005  5.915080328000000E-005
  -9.66000031250000       3.975327127000000E-005  5.608305219000000E-005
  -9.49200006944444       3.655519322000000E-005  5.277424862000000E-005
  -9.32399981944444       3.463217945000000E-005  4.951550363000000E-005
  -9.15600038888889       3.246900815000000E-005  4.666960740000000E-005
  -8.98800013888889       3.006378938000000E-005  4.409432222000000E-005
  -8.81999989583333       2.838884757000000E-005  4.107847781000000E-005
  -8.65199965277778       2.665463762000000E-005  3.876089977000000E-005
  -8.48400021527778       2.488818245000000E-005  3.730958633000000E-005
  -8.31599997222222       2.370166294000000E-005  3.467439819000000E-005
  -8.14799972916667       2.234189378000000E-005  3.267667489000000E-005
  -7.98000029166667       2.091800161000000E-005  3.102570918000000E-005
  -7.81200004861111       2.011981087000000E-005  2.939965998000000E-005
  -7.64399980555556       1.891634201000000E-005  2.791680345000000E-005
  -7.47600036805556       1.777447687000000E-005  2.667553599000000E-005
  -7.30800012500000       1.681427784000000E-005  2.509200203000000E-005
  -7.13999988194444       1.580711796000000E-005  2.380261139000000E-005
  -6.97199963194444       1.503876047000000E-005  2.273878818000000E-005
  -6.80400019791667       1.441376389000000E-005  2.147346277000000E-005
  -6.63599995347222       1.367414370000000E-005  2.058052451000000E-005
  -6.46800011388889       1.299045834000000E-005  1.957129098000000E-005
  -6.29999986944444       1.234206957000000E-005  1.850431727000000E-005
  -6.13200002916667       1.191715364000000E-005  1.780956336000000E-005
  -5.96400018888889       1.131936369000000E-005  1.704311035000000E-005
  -5.79599994444444       1.079329468000000E-005  1.624214929000000E-005
  -5.62800010416667       1.037062339000000E-005  1.566267747000000E-005
  -5.45999985972222       1.004849400000000E-005  1.513475672000000E-005
  -5.29200001944444       9.597705683999999E-006  1.448364037000000E-005
  -5.12400017916667       9.191412573000000E-006  1.399570010000000E-005
  -4.95599993472222       8.799876923000000E-006  1.352474919000000E-005
  -4.78800009444444       8.593134226000000E-006  1.310515563000000E-005
  -4.61999985000000       8.294630788000000E-006  1.260956378000000E-005
  -4.45200000972222       8.026921023000001E-006  1.215346492000000E-005
  -4.28400016944444       7.835442375000000E-006  1.163280103000000E-005
  -4.11599992500000       7.562985957000000E-006  1.129257635000000E-005
  -3.94800008541667       7.334288966000000E-006  1.105387764000000E-005
  -3.77999984097222       7.103723874000000E-006  1.081664141000000E-005
  -3.61200000069444       7.016163636000000E-006  1.040878851000000E-005
  -3.44400016041667       6.747407497000000E-006  1.011062795000000E-005
  -3.27599991597222       6.570431651000000E-006  9.833373952000000E-006
  -3.10800007569444       6.377081718000000E-006  9.440289432000000E-006
  -2.94000003333333       6.164758361000000E-006  9.212174518000001E-006
  -2.77199999097222       6.055275662000000E-006  9.041606972000000E-006
  -2.60399994861111       5.937130936000000E-006  8.929164322999999E-006
  -2.43599990625000       5.793365290000000E-006  8.675029676000000E-006
  -2.26800006597222       5.706809134000000E-006  8.482085832000000E-006
  -2.10000002361111       5.618192063000000E-006  8.250606697000000E-006
  -1.93199998125000       5.472955763000000E-006  8.063735550000000E-006
  -1.76399993888889       5.360642717000000E-006  7.917730727000001E-006
  -1.59599999791667       5.266815606000000E-006  7.761880624000000E-006
  -1.42799995555556       5.239842267000000E-006  7.669489604999999E-006
  -1.26000001458333       5.121221875000000E-006  7.474724953000000E-006
  -1.09199997222222       5.048380444000000E-006  7.297267530000000E-006
 -0.924000030555556       4.935077868000000E-006  7.137198281000000E-006
 -0.755999988194444       4.832646937000000E-006  7.028240361000000E-006
 -0.587999996527778       4.772883585000000E-006  6.908047908000000E-006
 -0.420000004722222       4.693799838000000E-006  6.772667348000000E-006
 -0.251999987708333       4.636171525000000E-006  6.720223155000000E-006
 -8.400000222222222E-002  4.517974503000000E-006  6.573691280000000E-006
  8.400000222222222E-002  4.482263193000000E-006  6.450416095000000E-006
  0.251999987708333       4.454678219000000E-006  6.361698524000000E-006
  0.420000004722222       4.390061804000000E-006  6.294830655000000E-006
  0.587999996527778       4.342915872000000E-006  6.195870810000000E-006
  0.755999988194444       4.274780622000000E-006  6.150593890000000E-006
  0.924000030555556       4.232420906000000E-006  6.024386948000000E-006
   1.09199997222222       4.160134267000000E-006  5.936046819000000E-006
   1.26000001458333       4.139842531000000E-006  5.832348506000000E-006
   1.42799995555556       4.105294465000000E-006  5.828381745000000E-006
   1.59599999791667       4.053711564000000E-006  5.900940778000000E-006
   1.76399993888889       4.021766017000000E-006  6.194617072000000E-006
   1.93199998125000       4.028413059000000E-006  7.360290965000000E-006
   2.10000002361111       4.053827070000000E-006  1.602667362000000E-005
   2.26800006597222       4.109061592000000E-006  4.657835598000000E-005
   2.43599990625000       4.644470664000000E-006  9.014344687000000E-005
   2.60399994861111       6.966005458000000E-006  1.153095291000000E-004
   2.77199999097222       1.925446122000000E-005  1.235509844000000E-004
   2.94000003333333       3.678362918000000E-005  1.461345964000000E-004
   3.10800007569444       7.677162648000000E-005  1.942835079000000E-004
   3.27599991597222       1.481955696000000E-004  2.722549834000000E-004
   3.44400016041667       2.691459958000000E-004  3.981770715000000E-004
   3.61200000069444       4.677812976000000E-004  6.023243767999999E-004
   3.77999984097222       7.432841812000000E-004  9.092289256000000E-004
   3.94800008541667       1.041142619000000E-003  1.257652417000000E-003
   4.11599992500000       1.392259961000000E-003  1.729697804000000E-003
   4.28400016944444       1.936667366000000E-003  2.469934523000000E-003
   4.45200000972222       2.841352252000000E-003  3.474045312000000E-003
   4.61999985000000       4.172240384000000E-003  4.771464504000000E-003
   4.78800009444444       5.813936703000000E-003  6.453714799000000E-003
   4.95599993472222       7.849458605000000E-003  8.647224865999999E-003
   5.12400017916667       1.052369177000000E-002  1.146815065000000E-002
   5.29200001944444       1.398717891000000E-002  1.504111197000000E-002
   5.45999985972222       1.817217097000000E-002  1.948671602000000E-002
   5.62800010416667       2.295196615000000E-002  2.480774559000000E-002
   5.79599994444444       2.864130959000000E-002  3.104302473000000E-002
   5.96400018888889       3.582160175000000E-002  3.837211430000000E-002
   6.13200002916667       4.438516125000000E-002  4.649718106000000E-002
   6.29999986944444       5.381433293000000E-002  5.540909991000000E-002
   6.46800011388889       6.409892440000001E-002  6.549147516000001E-002
   6.63599995347222       7.514760643000000E-002  7.680877298000000E-002
   6.80400019791667       8.674378693000000E-002  8.965744823000001E-002
   6.97199963194444       9.939438104999999E-002  0.104031726700000     
   7.13999988194444       0.113516330700000       0.119160704300000     
   7.30800012500000       0.128542468000000       0.134401962200000     
   7.47600036805556       0.144210189600000       0.150135949300000     
   7.64399980555556       0.160499274700000       0.166923031200000     
   7.81200004861111       0.176811024500000       0.183971419900000     
   7.98000029166667       0.193373367200000       0.200653284800000     
   8.14799972916667       0.210555657700000       0.217521667500000     
   8.31599997222222       0.227462872900000       0.234956383700000     
   8.48400021527778       0.244220256800000       0.252552747700000     
   8.65199965277778       0.261117965000000       0.269560217900000     
   8.81999989583333       0.278337627600000       0.285967797000000     
   8.98800013888889       0.295825779400000       0.302832901500000     
   9.15600038888889       0.313255667700000       0.320217549800000     
   9.32399981944444       0.330596476800000       0.336813747900000     
   9.49200006944444       0.348016977300000       0.352836549300000     
   9.66000031250000       0.365647018000000       0.369107604000000     
   9.82799975000000       0.383251816000000       0.385566145200000     
   9.99599999305556       0.400364905600000       0.401939600700000     
   10.1640002361111       0.417267411900000       0.418537169700000     
   10.3319996736111       0.433912605000000       0.434909552300000     
   10.4999999166667       0.449627518700000       0.450603693700000     
   10.6680001597222       0.465090394000000       0.465874463300000     
   10.8359995972222       0.481432795500000       0.480758220000000     
   11.0039998402778       0.498124778300000       0.495779663300000     
   11.1720000833333       0.514122843700000       0.510759055600000     
   11.3400003333333       0.529881179300000       0.525854408700000     
   11.5079997638889       0.545716285700000       0.541303396200000     
   11.6760000138889       0.561087608300000       0.557173013700000     
   11.8440002569444       0.576635181900000       0.572773277800000     
   12.0119996944444       0.592528402800000       0.588016450400000     
   12.1799999375000       0.608652770500000       0.603331446600000     
   12.3480001805556       0.624624252300000       0.619162380700000     
   12.5159996180556       0.640622258200000       0.634912371600000     
   12.6839998611111       0.656473875000000       0.650339663000000     
   12.8520001041667       0.671724200200000       0.665760695900000     
   13.0200003472222       0.687054276500000       0.681017100800000     
   13.1879997847222       0.702384889100000       0.696385204800000     
   13.3560000277778       0.717174410800000       0.711469531100000     
   13.5240002708333       0.731954395800000       0.726261913800000     
   13.6920005208333       0.746830761400000       0.741714239100000     
   13.8600007638889       0.761589705900000       0.757260561000000     
   14.0279993888889       0.776310265100000       0.772380471200000     
   14.1959996319444       0.790773928200000       0.786951720700000     
   14.3639998819444       0.805152595000000       0.800968051000000     
   14.5320001250000       0.819611728200000       0.814634501900000     
   14.7000003680556       0.833703100700000       0.828641772300000     
   14.8680006111111       0.847376346600000       0.842921078200000     
   15.0359992430556       0.861106038100000       0.856974303700000     
   15.2039994861111       0.874379932900000       0.870550930500000     
   15.3719997291667       0.887152671800000       0.883469998800000     
   15.5399999722222       0.899321973300000       0.895730137800000     
   15.7080002152778       0.910591423500000       0.907366275800000     
   15.8760004652778       0.921492457400000       0.918597877000000     
   16.0440007083333       0.931823194000000       0.928989052800000     
   16.2119993333333       0.941187202900000       0.938275218000000     
   16.3799995763889       0.949518203700000       0.946764707600000     
   16.5479998263889       0.957086205500000       0.954401671900000     
   16.7160000694444       0.963834822200000       0.961381137400000     
   16.8840003125000       0.969606459100000       0.967807054500000     
   17.0520005555556       0.974668741200000       0.973547399000000     
   17.2200007986111       0.978982091000000       0.978521585500000     
   17.3879994305556       0.982592940300000       0.982678651800000     
   17.5559996736111       0.985804736600000       0.986128747500000     
   17.7239999166667       0.988571286200000       0.989044308700000     
   17.8920001597222       0.990842282800000       0.991442263100000     
   18.0600004097222       0.992769300900000       0.993365168600000     
   18.2280006527778       0.994356751400000       0.994893670100000     
   18.3959992777778       0.995603382600000       0.996076405000000     
   18.5639995208333       0.996577084100000       0.997005224200000     
   18.7319997638889       0.997348368200000       0.997774541400000     
   18.9000000138889       0.997968375700000       0.998383641200000     
   19.0680002569444       0.998453855500000       0.998852789400000     
   19.2360005000000       0.998851299300000       0.999250471600000     
   19.4040007430556       0.999146103900000       0.999546468300000     
   19.5719993750000       0.999366641000000       0.999726772300000     
   19.7399996180556       0.999526739100000       0.999832630200000     
   19.9079998611111       0.999650120700000       0.999893009700000     
   20.0760001041667       0.999769568400000       0.999929845300000     
   20.2440003472222       0.999863565000000       0.999961018600000     
   20.4120005972222       0.999915957500000       0.999980211300000     
   20.5799992222222       0.999939680100000       0.999984920000000     
   20.7479994652778       0.999954760100000       0.999988019500000     
   20.9159997083333       0.999973535500000       0.999993741500000     
   21.0839999583333       0.999989330800000       0.999998569500000     
   21.2520002013889       0.999997019800000       0.999999880800000     
   21.4200004444444       0.999999523200000       0.999999940400000     
   21.5880006875000       0.999999880800000        1.00000000000000     
   21.7559993194444       0.999999940400000        1.00000000000000     
   21.9239995625000        1.00000000000000        1.00000000000000     
   22.0919998055556        1.00000000000000        1.00000000000000     
   22.2600000486111        1.00000000000000        1.00000000000000     
   22.4280002916667        1.00000000000000        1.00000000000000     
   22.5960005416667        1.00000000000000        1.00000000000000     
   22.7640007847222        1.00000000000000        1.00000000000000     
   22.9319994097222        1.00000000000000        1.00000000000000     
   23.0999996527778        1.00000000000000        1.00000000000000     
   23.2679999027778        1.00000000000000        1.00000000000000     
   23.4360001458333        1.00000000000000        1.00000000000000     
   23.6040003888889        1.00000000000000        1.00000000000000     
   23.7720006319444        1.00000000000000        1.00000000000000     
   23.9399992569444        1.00000000000000        1.00000000000000     
   24.1079995069444        1.00000000000000        1.00000000000000     
   24.2759997500000        1.00000000000000        1.00000000000000     
   24.4439999930556        1.00000000000000        1.00000000000000     
   24.6120002361111        1.00000000000000        1.00000000000000     
   24.7800004791667        1.00000000000000        1.00000000000000     
   24.9480007291667        1.00000000000000        1.00000000000000     
   25.1159993541667        1.00000000000000        1.00000000000000     
   25.2839995972222        1.00000000000000        1.00000000000000     
   25.4519998402778        1.00000000000000        1.00000000000000     
   25.6200000902778        1.00000000000000        1.00000000000000     
   25.7880003333333        1.00000000000000        1.00000000000000     
   25.9560005763889        1.00000000000000        1.00000000000000     
   26.1239992013889        1.00000000000000        1.00000000000000     
   26.2919994513889        1.00000000000000        1.00000000000000     
   26.4599996944444        1.00000000000000        1.00000000000000     
   26.6279999375000        1.00000000000000        1.00000000000000     
   26.7960001805556        1.00000000000000        1.00000000000000     
   26.9640004236111        1.00000000000000        1.00000000000000     
   27.1320006736111        1.00000000000000        1.00000000000000     
   27.3000009166667        1.00000000000000        1.00000000000000     
   27.4680011597222        1.00000000000000        1.00000000000000     
   27.6360014027778        1.00000000000000        1.00000000000000     
   27.8039984166667        1.00000000000000        1.00000000000000     
   27.9719986597222        1.00000000000000        1.00000000000000     
   28.1399989027778        1.00000000000000        1.00000000000000     
   28.3079991458333        1.00000000000000        1.00000000000000     
   28.4759993958333        1.00000000000000        1.00000000000000     
   28.6439996388889        1.00000000000000        1.00000000000000     
   28.8119998819444        1.00000000000000        1.00000000000000     
   28.9800001250000        1.00000000000000        1.00000000000000     
   29.1480003680556        1.00000000000000        1.00000000000000     
   29.3160006111111        1.00000000000000        1.00000000000000     
   29.4840008611111        1.00000000000000        1.00000000000000     
   29.6520011041667        1.00000000000000        1.00000000000000     
   29.8200013472222        1.00000000000000        1.00000000000000     
   29.9880015902778        1.00000000000000        1.00000000000000     
   30.1559986041667        1.00000000000000        1.00000000000000     
   30.3239988472222        1.00000000000000        1.00000000000000     
   30.4919990902778        1.00000000000000        1.00000000000000     
   30.6599993333333        1.00000000000000        1.00000000000000     
   30.8279995833333        1.00000000000000        1.00000000000000     
   30.9959998263889        1.00000000000000        1.00000000000000     
   31.1640000694444        1.00000000000000        1.00000000000000     
   31.3320003125000        1.00000000000000        1.00000000000000     
   31.5000005555556        1.00000000000000        1.00000000000000     
   31.6680008055556        1.00000000000000        1.00000000000000     
   31.8360010486111        1.00000000000000        1.00000000000000     
   32.0040012916667        1.00000000000000        1.00000000000000     
   32.1720015347222        1.00000000000000        1.00000000000000     
   32.3399985486111        1.00000000000000        1.00000000000000     
   32.5079987916667        1.00000000000000        1.00000000000000     
   32.6759990347222        1.00000000000000        1.00000000000000     
   32.8439992777778        1.00000000000000        1.00000000000000     
   33.0119995277778        1.00000000000000        1.00000000000000     
   33.1799997708333        1.00000000000000        1.00000000000000     
   33.3480000138889        1.00000000000000        1.00000000000000     
   33.5160002569444        1.00000000000000        1.00000000000000     
   33.6840005000000        1.00000000000000        1.00000000000000     
   33.8520007500000        1.00000000000000        1.00000000000000     
   34.0200009930556        1.00000000000000        1.00000000000000     
   34.1880012361111        1.00000000000000        1.00000000000000     
   34.3560014791667        1.00000000000000        1.00000000000000     
   34.5239984930556        1.00000000000000        1.00000000000000     
   34.6919987361111        1.00000000000000        1.00000000000000     
   34.8599989791667        1.00000000000000        1.00000000000000     
   35.0279992222222        1.00000000000000        1.00000000000000     
   35.1959994652778        1.00000000000000        1.00000000000000     
   35.3639997152778        1.00000000000000        1.00000000000000     
   35.5319999583333        1.00000000000000        1.00000000000000     
   35.7000002013889        1.00000000000000        1.00000000000000     
   35.8680004444444        1.00000000000000        1.00000000000000     
   36.0360006875000        1.00000000000000        1.00000000000000     
   36.2040009375000        1.00000000000000        1.00000000000000     
   36.3720011805556        1.00000000000000        1.00000000000000     
   36.5400014236111        1.00000000000000        1.00000000000000     
   36.7079984375000        1.00000000000000        1.00000000000000     
   36.8759986805556        1.00000000000000        1.00000000000000     
   37.0439989236111        1.00000000000000        1.00000000000000     
   37.2119991666667        1.00000000000000        1.00000000000000     
   37.3799994097222        1.00000000000000        1.00000000000000     
   37.5479996597222        1.00000000000000        1.00000000000000     
   37.7159999027778        1.00000000000000        1.00000000000000     
   37.8840001458333        1.00000000000000        1.00000000000000     
   38.0520003888889        1.00000000000000        1.00000000000000     
   38.2200006319444        1.00000000000000        1.00000000000000     
   38.3880008819444        1.00000000000000        1.00000000000000     
   38.5560011250000        1.00000000000000        1.00000000000000     
   38.7240013680556        1.00000000000000        1.00000000000000     
   38.8920016111111        1.00000000000000        1.00000000000000     
   39.0599986250000        1.00000000000000        1.00000000000000     
   39.2279988680556        1.00000000000000        1.00000000000000     
   39.3959991111111        1.00000000000000        1.00000000000000     
   39.5639993541667        1.00000000000000        1.00000000000000     
   39.7319995972222        1.00000000000000        1.00000000000000     
   39.8999998472222        1.00000000000000        1.00000000000000     
   40.0680000902778        1.00000000000000        1.00000000000000     
   40.2360003333333        1.00000000000000        1.00000000000000     
   40.4040005763889        1.00000000000000        1.00000000000000     
   40.5720008194444        1.00000000000000        1.00000000000000     
   40.7400010694444        1.00000000000000        1.00000000000000     
   40.9080013125000        1.00000000000000        1.00000000000000     
   41.0760015555556        1.00000000000000        1.00000000000000     
   41.2439985694444        1.00000000000000        1.00000000000000     
   41.4119988125000        1.00000000000000        1.00000000000000     
   41.5799990555556        1.00000000000000        1.00000000000000     
   41.7479992986111        1.00000000000000        1.00000000000000     
   41.9159995416667        1.00000000000000        1.00000000000000     
   42.0839997916667        1.00000000000000        1.00000000000000     
   42.2520000347222        1.00000000000000        1.00000000000000     
   42.4200002777778        1.00000000000000        1.00000000000000     
   42.5880005208333        1.00000000000000        1.00000000000000     
   42.7560007638889        1.00000000000000        1.00000000000000     
   42.9240010138889        1.00000000000000        1.00000000000000     
   43.0920012569444        1.00000000000000        1.00000000000000     
   43.2600015000000        1.00000000000000        1.00000000000000     
   43.4279985138889        1.00000000000000        1.00000000000000     
   43.5959987569444        1.00000000000000        1.00000000000000     
   43.7639990000000        1.00000000000000        1.00000000000000     
   43.9319992430556        1.00000000000000        1.00000000000000     
   44.0999994861111        1.00000000000000        1.00000000000000     
   44.2679997361111        1.00000000000000        1.00000000000000     
   44.4359999791667        1.00000000000000        1.00000000000000     
   44.6040002222222        1.00000000000000        1.00000000000000     
   44.7720004652778        1.00000000000000        1.00000000000000     
   44.9400007083333        1.00000000000000        1.00000000000000     
   45.1080009513889        1.00000000000000        1.00000000000000     
   45.2760012013889        1.00000000000000        1.00000000000000     
   45.4440014444444        1.00000000000000        1.00000000000000     
   45.6119984513889        1.00000000000000        1.00000000000000     
   45.7799987013889        1.00000000000000        1.00000000000000     
   45.9479989444444        1.00000000000000        1.00000000000000     
   46.1159991875000        1.00000000000000        1.00000000000000     
   46.2839994305556        1.00000000000000        1.00000000000000     
   46.4519996736111        1.00000000000000        1.00000000000000     
   46.6199999236111        1.00000000000000        1.00000000000000     
   46.7880001666667        1.00000000000000        1.00000000000000     
   46.9560004097222        1.00000000000000        1.00000000000000     
   47.1240006527778        1.00000000000000        1.00000000000000     
   47.2920008958333        1.00000000000000        1.00000000000000     
   47.4600011458333        1.00000000000000        1.00000000000000     
   47.6280013888889        1.00000000000000        1.00000000000000     
   47.7959983958333        1.00000000000000        1.00000000000000     
   47.9639986458333        1.00000000000000        1.00000000000000     
   48.1319988888889        1.00000000000000        1.00000000000000     
   48.2999991319444        1.00000000000000        1.00000000000000     
   48.4679993750000        1.00000000000000        1.00000000000000     
   48.6359996180556        1.00000000000000        1.00000000000000     
   48.8039998680556        1.00000000000000        1.00000000000000     
   48.9720001111111        1.00000000000000        1.00000000000000     
   49.1400003541667        1.00000000000000        1.00000000000000     
   49.3080005972222        1.00000000000000        1.00000000000000     
   49.4760008402778        1.00000000000000        1.00000000000000     
   49.6440010902778        1.00000000000000        1.00000000000000     
   49.8120013333333        1.00000000000000        1.00000000000000     
   49.9800015763889        1.00000000000000        1.00000000000000     
   50.1479985833333        1.00000000000000        1.00000000000000     
   50.3159988333333        1.00000000000000        1.00000000000000     
   50.4839990763889        1.00000000000000        1.00000000000000     
   50.6519993194444        1.00000000000000        1.00000000000000     
   50.8199995625000        1.00000000000000        1.00000000000000     
   50.9879998055556        1.00000000000000        1.00000000000000     
   51.1560000555556        1.00000000000000        1.00000000000000     
   51.3240002986111        1.00000000000000        1.00000000000000     
   51.4920005416667        1.00000000000000        1.00000000000000     
   51.6600007847222        1.00000000000000        1.00000000000000     
   51.8280010277778        1.00000000000000        1.00000000000000     
   51.9960012777778        1.00000000000000        1.00000000000000     
   52.1640015208333        1.00000000000000        1.00000000000000     
   52.3319985277778        1.00000000000000        1.00000000000000     
   52.4999987777778        1.00000000000000        1.00000000000000     
   52.6679990208333        1.00000000000000        1.00000000000000     
   52.8359992638889        1.00000000000000        1.00000000000000     
   53.0039995069444        1.00000000000000        1.00000000000000     
   53.1719997500000        1.00000000000000        1.00000000000000     
   53.3400000000000        1.00000000000000        1.00000000000000     
   53.5080002430556        1.00000000000000        1.00000000000000     
   53.6760004861111        1.00000000000000        1.00000000000000     
   53.8440007291667        1.00000000000000        1.00000000000000     
   54.0120009722222        1.00000000000000        1.00000000000000     
   54.1800012222222        1.00000000000000        1.00000000000000     
   54.3480014652778        1.00000000000000        1.00000000000000     
   54.5160017083333        1.00000000000000        1.00000000000000     
   54.6840019513889        1.00000000000000        1.00000000000000     
   54.8520021944444        1.00000000000000        1.00000000000000     
   55.0200024444444        1.00000000000000        1.00000000000000     
   55.1880026875000        1.00000000000000        1.00000000000000     
   55.3560029305556        1.00000000000000        1.00000000000000     
   55.5240031736111        1.00000000000000        1.00000000000000     
   55.6919969513889        1.00000000000000        1.00000000000000     
   55.8599971944444        1.00000000000000        1.00000000000000     
   56.0279974375000        1.00000000000000        1.00000000000000     
   56.1959976875000        1.00000000000000        1.00000000000000     
   56.3639979305556        1.00000000000000        1.00000000000000     
   56.5319981736111        1.00000000000000        1.00000000000000     
   56.6999984166667        1.00000000000000        1.00000000000000     
   56.8679986597222        1.00000000000000        1.00000000000000     
   57.0359989097222        1.00000000000000        1.00000000000000     
   57.2039991527778        1.00000000000000        1.00000000000000     
   57.3719993958333        1.00000000000000        1.00000000000000     
   57.5399996388889        1.00000000000000        1.00000000000000     
   57.7079998819444        1.00000000000000        1.00000000000000     
   57.8760001319444        1.00000000000000        1.00000000000000     
   58.0440003750000        1.00000000000000        1.00000000000000     
   58.2120006180556        1.00000000000000        1.00000000000000     
   58.3800008611111        1.00000000000000        1.00000000000000     
   58.5480011041667        1.00000000000000        1.00000000000000     
   58.7160013541667        1.00000000000000        1.00000000000000     
   58.8840015972222        1.00000000000000        1.00000000000000     
   59.0520018402778        1.00000000000000        1.00000000000000     
   59.2200020833333        1.00000000000000        1.00000000000000     
   59.3880023263889        1.00000000000000        1.00000000000000     
   59.5560025763889        1.00000000000000        1.00000000000000     
   59.7240028194444        1.00000000000000        1.00000000000000     
   59.8920030625000        1.00000000000000        1.00000000000000     
   60.0599968402778        1.00000000000000        1.00000000000000     
