  -60.0599968402778        1.02999106046669        1.02999106046669     
  -59.8920030625000        2.69889378498500        2.68882600415892     
  -59.7240028194444        2.72962096240380        2.89298734526828     
  -59.5560025763889        2.81702663612256        2.91292757113259     
  -59.3880023263889        2.87590311108382        2.92249945993501     
  -59.2200020833333        2.81541712153400        3.00040857666304     
  -59.0520018402778        2.78995470039627        3.00462589229939     
  -58.8840015972222        2.80389041479454        2.94418183669971     
  -58.7160013541667        2.83273382089214        2.89119590421946     
  -58.5480011041667        2.84141391668805        2.86483987123379     
  -58.3800008611111        2.85959669190911        2.88348850713642     
  -58.2120006180556        2.86868384262689        2.91322679191795     
  -58.0440003750000        2.81201492542282        2.88605482593954     
  -57.8760001319444        2.79990601114560        2.85053010457120     
  -57.7079998819444        2.85261591249107        2.85166352932750     
  -57.5399996388889        2.89170186454618        2.89072139228318     
  -57.3719993958333        2.89623837906671        2.94365703717982     
  -57.2039991527778        2.87784625659763        3.00005476235089     
  -57.0359989097222        2.86952534306013        3.03035202567217     
  -56.8679986597222        2.88869161685061        3.00909666407865     
  -56.6999984166667        2.89901016642193        2.95840420844846     
  -56.5319981736111        2.88840445800121        2.93306801653596     
  -56.3639979305556        2.87914178464424        2.95363639856794     
  -56.1959976875000        2.87807107895173        3.00196021729936     
  -56.0279974375000        2.88169217961039        3.05529608798480     
  -55.8599971944444        2.89232006415688        3.06815353503146     
  -55.6919969513889        2.90958620417772        3.02060589707306     
  -55.5240031736111        2.93821087457876        2.97536965211716     
  -55.3560029305556        2.98583079565635        2.99469836002356     
  -55.1880026875000        3.04259768604183        3.05836982615544     
  -55.0200024444444        3.07220887893102        3.11014599442203     
  -54.8520021944444        3.03827459561875        3.13064470341885     
  -54.6840019513889        2.94109392456487        3.12747576113166     
  -54.5160017083333        2.82577272846904        3.09937659562876     
  -54.3480014652778        2.75202349961402        3.04656137901396     
  -54.1800012222222        2.74954741035145        2.99107848295687     
  -54.0120009722222        2.80452531681685        2.95894911632957     
  -53.8440007291667        2.88115515497912        2.95016949267440     
  -53.6760004861111        2.94782973628469        2.94055530774894     
  -53.5080002430556        2.98988719819548        2.91281019513334     
  -53.3400000000000        3.00869007702421        2.87748996768378     
  -53.1719997500000        3.01345584412338        2.85816882137659     
  -53.0039995069444        3.01251879034733        2.86221170128539     
  -52.8359992638889        3.00845246717169        2.87463766051926     
  -52.6679990208333        2.99820886878212        2.87672084898895     
  -52.4999987777778        2.97668692978339        2.86364169793891     
  -52.3319985277778        2.94096347439636        2.84639308979968     
  -52.1640015208333        2.89291978491432        2.84203021172417     
  -51.9960012777778        2.83936361717019        2.86279044793618     
  -51.8280010277778        2.79008997426404        2.90915348934337     
  -51.6600007847222        2.75508733324354        2.96531882819813     
  -51.4920005416667        2.74205162861828        3.00310915213198     
  -51.3240002986111        2.75473553170237        3.00343511970550     
  -51.1560000555556        2.79194534984253        2.97850509778802     
  -50.9879998055556        2.84687745370246        2.96225317344633     
  -50.8199995625000        2.90726012987053        2.97346906509999     
  -50.6519993194444        2.95783792186258        2.99799751168293     
  -50.4839990763889        2.98620209593355        3.01368497956407     
  -50.3159988333333        2.98977456450514        3.02019086363418     
  -50.1479985833333        2.97841216557755        3.03004379447926     
  -49.9800015763889        2.96863317945803        3.04359903890314     
  -49.8120013333333        2.97271686651300        3.05381109432207     
  -49.6440010902778        2.99148312973405        3.06401492524137     
  -49.4760008402778        3.01601566279664        3.08061942745365     
  -49.3080005972222        3.03486231861408        3.09708853587731     
  -49.1400003541667        3.03975648486787        3.09927493144096     
  -48.9720001111111        3.02724790609852        3.08220293711448     
  -48.8039998680556        2.99832031102696        3.05442229651161     
  -48.6359996180556        2.95777482943048        3.02751568102955     
  -48.4679993750000        2.91276171241596        3.00558427514885     
  -48.2999991319444        2.87021771525033        2.98534020186291     
  -48.1319988888889        2.83490215346748        2.96289681898605     
  -47.9639986458333        2.80946957092957        2.93842252535125     
  -47.7959983958333        2.79577310233265        2.91794175996121     
  -47.6280013888889        2.79551891780712        2.91453660811296     
  -47.4600011458333        2.80946480720325        2.94187278505338     
  -47.2920008958333        2.83604243553606        2.99595780271578     
  -47.1240006527778        2.87085892903692        3.04608803496668     
  -46.9560004097222        2.90773201587430        3.05681682304990     
  -46.7880001666667        2.94058638869796        3.02181663167161     
  -46.6199999236111        2.96500553893128        2.97091043656115     
  -46.4519996736111        2.97884592398287        2.94366862389453     
  -46.2839994305556        2.98237830307346        2.95852420617879     
  -46.1159991875000        2.97855060636069        3.00470114491770     
  -45.9479989444444        2.97305402791382        3.05601255913431     
  -45.7799987013889        2.97318258950212        3.08789427847157     
  -45.6119984513889        2.98518861696153        3.08731734210316     
  -45.4440014444444        3.01127412515138        3.05704217761791     
  -45.2760012013889        3.04793938387539        3.01395918498945     
  -45.1080009513889        3.08675513802607        2.97915905198853     
  -44.9400007083333        3.11739339805614        2.96518823806034     
  -44.7720004652778        3.13175460534360        2.97079731514083     
  -44.6040002222222        3.12733518339593        2.98543518767486     
  -44.4359999791667        3.10802805375558        2.99688594999380     
  -44.2679997361111        3.08184376614674        2.99749602133494     
  -44.0999994861111        3.05699209887952        2.98887340482801     
  -43.9319992430556        3.03888508775999        2.98229531771079     
  -43.7639990000000        3.02974326360223        2.99076943219658     
  -43.5959987569444        3.03039659625071        3.01675732638274     
  -43.4279985138889        3.04207966523889        3.04739900557274     
  -43.2600015000000        3.06621655954448        3.06372468340358     
  -43.0920012569444        3.10222825172324        3.05588980776013     
  -42.9240010138889        3.14551652854279        3.03023260624643     
  -42.7560007638889        3.18789474765707        3.00339835335704     
  -42.5880005208333        3.22061829827209        2.99086229913289     
  -42.4200002777778        3.23804867284729        2.99866833987580     
  -42.2520000347222        3.23969373539906        3.02157843184879     
  -42.0839997916667        3.22972303399280        3.04667165400834     
  -41.9159995416667        3.21469550690864        3.06018747525613     
  -41.7479992986111        3.20105041953874        3.05484238612099     
  -41.5799990555556        3.19345527554316        3.03413557293326     
  -41.4119988125000        3.19423087171328        3.01048888636465     
  -41.2439985694444        3.20384134200675        2.99747205239032     
  -41.0760015555556        3.22194050366072        3.00129521029196     
  -40.9080013125000        3.24786986783018        3.01790630927517     
  -40.7400010694444        3.28031692053947        3.03731105868182     
  -40.5720008194444        3.31693022540152        3.05076073917847     
  -40.4040005763889        3.35445294815127        3.05487204534116     
  -40.2360003333333        3.38957184894330        3.05074265694318     
  -40.0680000902778        3.42034122932713        3.04107873421974     
  -39.8999998472222        3.44705716739926        3.02883261316109     
  -39.7319995972222        3.47155368047987        3.01765729177450     
  -39.5639993541667        3.49564707913641        3.01238780494965     
  -39.3959991111111        3.52022539077179        3.01815283397344     
  -39.2279988680556        3.54543288134165        3.03810942516506     
  -39.0599986250000        3.57128507776266        3.07108789007500     
  -38.8920016111111        3.59803741657255        3.11114610356446     
  -38.7240013680556        3.62619983853127        3.15015864554634     
  -38.5560011250000        3.65642774786576        3.18208634369625     
  -38.3880008819444        3.68948603582139        3.20565913470932     
  -38.2200006319444        3.72626841948240        3.22332155363279     
  -38.0520003888889        3.76775215377588        3.23775475721466     
  -37.8840001458333        3.81484077834425        3.24929147025084     
  -37.7159999027778        3.86815166014503        3.25603926502241     
  -37.5479996597222        3.92778163166593        3.25611303878551     
  -37.3799994097222        3.99299720657033        3.25020965351634     
  -37.2119991666667        4.06183252083766        3.24251733792168     
  -37.0439989236111        4.13075088270795        3.23907812846898     
  -36.8759986805556        4.19470807636680        3.24525592449606     
  -36.7079984375000        4.24783295304133        3.26436098083289     
  -36.5400014236111        4.28459902740936        3.29709230516879     
  -36.3720011805556        4.30106506831575        3.34063486463803     
  -36.2040009375000        4.29579823003322        3.38759924520126     
  -36.0360006875000        4.27033187100284        3.42635473651117     
  -35.8680004444444        4.22912212939916        3.44465400574308     
  -35.7000002013889        4.17898165613920        3.43682650081193     
  -35.5319999583333        4.12798325666883        3.41099844714385     
  -35.3639997152778        4.08402084546196        3.38773863926886     
  -35.1959994652778        4.05373216732011        3.38259101540603     
  -35.0279992222222        4.04284467010770        3.38692189826345     
  -34.8599989791667        4.05826167402236        3.38334094669860     
  -34.6919987361111        4.10963958483250        3.38595345576331     
  -34.5239984930556        4.20604248235094        3.42801261218759     
  -34.3560014791667        4.34716541485128        3.50473877392589     
  -34.1880012361111        4.51880607747516        3.58467681190091     
  -34.0200009930556        4.70312818795303        3.60256987881341     
  -33.8520007500000        4.89247684056569        3.43215798378291     
  -33.6840005000000        5.08231892627978        3.21241727288866     
  -33.5160002569444        5.25025229157787        3.25631097752122     
  -33.3480000138889        5.35553850767937        3.43144887385622     
  -33.1799997708333        5.36636586817108        3.42615227382262     
  -33.0119995277778        5.28766664301658        3.24326094058464     
  -32.8439992777778        5.16387409324014        3.05538385287978     
  -32.6759990347222        5.05305129334408        2.98329293631137     
  -32.5079987916667        4.99068413576344        3.04583570587864     
  -32.3399985486111        4.96982828224754        3.17608019036293     
  -32.1720015347222        4.95079153606504        3.27038383881909     
  -32.0040012916667        4.89087186350146        3.24845324077559     
  -31.8360010486111        4.77353261003222        3.16369133537907     
  -31.6680008055556        4.61996194633699        3.11451221918797     
  -31.5000005555556        4.47667343507374        3.08639578450299     
  -31.3320003125000        4.38726073704512        3.02351458466510     
  -31.1640000694444        4.36813566538498        2.95993435989917     
  -30.9959998263889        4.40468902531530        2.95518458363351     
  -30.8279995833333        4.46575026277667        2.98975098246709     
  -30.6599993333333        4.52004123031137        3.01372493212352     
  -30.4919990902778        4.54379058866035        3.01945665127302     
  -30.3239988472222        4.52266517470506        3.03755120532412     
  -30.1559986041667        4.45408738521426        3.08432388705576     
  -29.9880015902778        4.34871547287243        3.13790043853579     
  -29.8200013472222        4.22710167150753        3.16402548467700     
  -29.6520011041667        4.11220984242733        3.14938347464520     
  -29.4840008611111        4.02235582749029        3.11551274977278     
  -29.3160006111111        3.96770976077758        3.09367489030925     
  -29.1480003680556        3.95008066117407        3.09115640010820     
  -28.9800001250000        3.96405916046852        3.09921099119397     
  -28.8119998819444        3.99838211636034        3.11264614704370     
  -28.6439996388889        4.03777198279980        3.12379107723651     
  -28.4759993958333        4.06586720509174        3.12574288328303     
  -28.3079991458333        4.06911423339529        3.13915468133397     
  -28.1399989027778        4.04044481863187        3.19223266649056     
  -27.9719986597222        3.98106011393001        3.26378705075542     
  -27.8039984166667        3.89930083548691        3.30031355039400     
  -27.6360014027778        3.80713953564159        3.28417095988586     
  -27.4680011597222        3.71620040294108        3.24352201974144     
  -27.3000009166667        3.63523300412299        3.20938765710613     
  -27.1320006736111        3.56959744590266        3.18875271418140     
  -26.9640004236111        3.52187215743567        3.17154614339282     
  -26.7960001805556        3.49243419309582        3.14874320778592     
  -26.6279999375000        3.47955650715822        3.12299294640143     
  -26.4599996944444        3.47937220855405        3.10501808287895     
  -26.2919994513889        3.48620206274855        3.10063102357504     
  -26.1239992013889        3.49339419044602        3.10455617576005     
  -25.9560005763889        3.49449112892770        3.10724520272289     
  -25.7880003333333        3.48440482354535        3.10273545552246     
  -25.6200000902778        3.46034946884280        3.09024082471987     
  -25.4519998402778        3.42236742233854        3.07314329194482     
  -25.2839995972222        3.37329918893077        3.05745853517134     
  -25.1159993541667        3.31813795854350        3.04908805023804     
  -24.9480007291667        3.26284937874121        3.05100021821298     
  -24.7800004791667        3.21296449908410        3.06210757732968     
  -24.6120002361111        3.17235784805076        3.07802875620545     
  -24.4439999930556        3.14259011275243        3.09291340251749     
  -24.2759997500000        3.12294244037069        3.10189975006634     
  -24.1079995069444        3.11100116321775        3.10402063513278     
  -23.9399992569444        3.10351373027963        3.10378766069989     
  -23.7720006319444        3.09720308154027        3.10844521838082     
  -23.6040003888889        3.08938194854550        3.12157409237452     
  -23.4360001458333        3.07830251720617        3.13905213195651     
  -23.2679999027778        3.06327791679857        3.15174759278491     
  -23.0999996527778        3.04461250087730        3.15217864574755     
  -22.9319994097222        3.02339761856302        3.13918621598423     
  -22.7640007847222        3.00120372565449        3.11784523860806     
  -22.5960005416667        2.97973753597175        3.09615432403323     
  -22.4280002916667        2.96052657755316        3.08124263753667     
  -22.2600000486111        2.94468548910158        3.07670804117278     
  -22.0919998055556        2.93279741671754        3.08152401547998     
  -21.9239995625000        2.92489904359361        3.09063749134408     
  -21.7559993194444        2.92055351099932        3.09719411570117     
  -21.5880006875000        2.91896794166980        3.09556038994986     
  -21.4200004444444        2.91913025568018        3.08359431463641     
  -21.2520002013889        2.91994730147381        3.06312522942464     
  -21.0839999583333        2.92036927371294        3.03895499583617     
  -20.9159997083333        2.91950152798920        3.01736336768252     
  -20.7479994652778        2.91669872645448        3.00464044457381     
  -20.5799992222222        2.91163446441621        3.00561135715727     
  -20.4120005972222        2.90434403837130        3.02224984247251     
  -20.2440003472222        2.89522972769393        3.05293772975087     
  -20.0760001041667        2.88501591278386        3.09305600969867     
  -19.9079998611111        2.87466731511870        3.13686647734027     
  -19.7399996180556        2.86525381813707        3.17948071153033     
  -19.5719993750000        2.85780772185416        3.21765527235078     
  -19.4040007430556        2.85318980042850        3.24942537649291     
  -19.2360005000000        2.85199533196969        3.27356458586385     
  -19.0680002569444        2.85451103462040        3.28940323982827     
  -18.9000000138889        2.86071632233075        3.29680383885160     
  -18.7319997638889        2.87032170397638        3.29612821907108     
  -18.5639995208333        2.88281465560990        3.28834809502525     
  -18.3959992777778        2.89752502686131        3.27523143514625     
  -18.2280006527778        2.91368856328282        3.25923488885391     
  -18.0600004097222        2.93052270053935        3.24298005061171     
  -17.8920001597222        2.94729699607049        3.22864453541673     
  -17.7239999166667        2.96339947977608        3.21761882225664     
  -17.5559996736111        2.97836696484118        3.21045963406430     
  -17.3879994305556        2.99189703912567        3.20699368472240     
  -17.2200007986111        3.00382998138989        3.20653910288073     
  -17.0520005555556        3.01411772871427        3.20820701041897     
  -16.8840003125000        3.02278771285291        3.21120336143602     
  -16.7160000694444        3.02991289938936        3.21500262534024     
  -16.5479998263889        3.03558433752250        3.21944427118170     
  -16.3799995763889        3.03990236822011        3.22480102056913     
  -16.2119993333333        3.04297931454953        3.23178079246867     
  -16.0440007083333        3.04494453536660        3.24127405373539     
  -15.8760004652778        3.04594359878738        3.25383820969967     
  -15.7080002152778        3.04612030703536        3.26920021609560     
  -15.5399999722222        3.04559824597989        3.28617750624643     
  -15.3719997291667        3.04445140581916        3.30309825911703     
  -15.2039994861111        3.04269680170826        3.31842981573399     
  -15.0359992430556        3.04029942294227        3.33117025749702     
  -14.8680006111111        3.03718017315996        3.34082204269051     
  -14.7000003680556        3.03323640330292        3.34713939589835     
  -14.5320001250000        3.02835717637405        3.34998789327176     
  -14.3639998819444        3.02243983556471        3.34943346995270     
  -14.1959996319444        3.01541565459554        3.34591915821142     
  -14.0279993888889        3.00726424253851        3.34027627556488     
  -13.8600007638889        2.99803407837936        3.33344621725101     
  -13.6920005208333        2.98784201046984        3.32606653653970     
  -13.5240002708333        2.97685910821647        3.31828368817208     
  -13.3560000277778        2.96528873186620        3.31000426634975     
  -13.1879997847222        2.95334111664141        3.30133920713080     
  -13.0200003472222        2.94122070568940        3.29282235759211     
  -12.8520001041667        2.92911838484005        3.28522857800619     
  -12.6839998611111        2.91721062583128        3.27919298589766     
  -12.5159996180556        2.90565076655952        3.27495780340015     
  -12.3480001805556        2.89455250323775        3.27237593211558     
  -12.1799999375000        2.88397736678620        3.27106533522036     
  -12.0119996944444        2.87392930322693        3.27056525841366     
  -11.8440002569444        2.86436860425755        3.27040755925208     
  -11.6760000138889        2.85523850170590        3.27013764485482     
  -11.5079997638889        2.84649381862359        3.26934332566802     
  -11.3400003333333        2.83812248341246        3.26769858411929     
  -11.1720000833333        2.83014842268884        3.26496851172814     
  -11.0039998402778        2.82262197660383        3.26102146586300     
  -10.8359995972222        2.81560071431982        3.25583682679876     
  -10.6680001597222        2.80913277093441        3.24948165736969     
  -10.4999999166667        2.80324553720078        3.24206048733124     
  -10.3319996736111        2.79794492797038        3.23375563870618     
  -10.1640002361111        2.79321556071433        3.22495669542498     
  -9.99599999305556        2.78902288313530        3.21635124302460     
  -9.82799975000000        2.78532109932331        3.20881203053592     
  -9.66000031250000        2.78204877965743        3.20312160493820     
  -9.49200006944444        2.77913014168710        3.19971688823225     
  -9.32399981944444        2.77646999823691        3.19864689026644     
  -9.15600038888889        2.77395892135534        3.19973411720518     
  -8.98800013888889        2.77148155954475        3.20281250607475     
  -8.81999989583333        2.76893005008290        3.20786168108618     
  -8.65199965277778        2.76621668741209        3.21495832877028     
  -8.48400021527778        2.76328483671498        3.22409605527486     
  -8.31599997222222        2.76011104293699        3.23505199353693     
  -8.14799972916667        2.75670502107126        3.24735868936822     
  -7.98000029166667        2.75310821056601        3.26036360568391     
  -7.81200004861111        2.74938442692365        3.27331369689873     
  -7.64399980555556        2.74561286177860        3.28546561416195     
  -7.47600036805556        2.74187607550787        3.29622148857853     
  -7.30800012500000        2.73824898684046        3.30523411517899     
  -7.13999988194444        2.73478998361047        3.31241248358163     
  -6.97199963194444        2.73153814259080        3.31782391967537     
  -6.80400019791667        2.72851259266562        3.32157587005454     
  -6.63599995347222        2.72571771785114        3.32379718027556     
  -6.46800011388889        2.72315152718934        3.32466408653988     
  -6.29999986944444        2.72080851248212        3.32433854394396     
  -6.13200002916667        2.71868452673030        3.32283060982586     
  -5.96400018888889        2.71677846371057        3.32000369824765     
  -5.79599994444444        2.71509702565344        3.31582047068846     
  -5.62800010416667        2.71365763670748        3.31059656668791     
  -5.45999985972222        2.71248992906661        3.30495416231393     
  -5.29200001944444        2.71161786443397        3.29945904368518     
  -5.12400017916667        2.71104717062311        3.29427035221250     
  -4.95599993472222        2.71075762648542        3.28912159862324     
  -4.78800009444444        2.71070802147671        3.28360708635525     
  -4.61999985000000        2.71084900883956        3.27749170405759     
  -4.45200000972222        2.71112548027617        3.27080683144921     
  -4.28400016944444        2.71147181882435        3.26373304108136     
  -4.11599992500000        2.71181264700501        3.25644001363471     
  -3.94800008541667        2.71206914708920        3.24907576332230     
  -3.77999984097222        2.71217015890816        3.24183512958649     
  -3.61200000069444        2.71206612842018        3.23493205283318     
  -3.44400016041667        2.71173135202622        3.22843673707143     
  -3.27599991597222        2.71115477368299        3.22215038143084     
  -3.10800007569444        2.71033973845148        3.21569732004392     
  -2.94000003333333        2.70930161404705        3.20879723148429     
  -2.77199999097222        2.70807223280490        3.20147048768860     
  -2.60399994861111        2.70670355216773        3.19397993457611     
  -2.43599990625000        2.70525833198637        3.18658841059996     
  -2.26800006597222        2.70378485618391        3.17937569627868     
  -2.10000002361111        2.70229813121322        3.17224602834876     
  -1.93199998125000        2.70077947507962        3.16504567376540     
  -1.76399993888889        2.69920211297349        3.15764960030634     
  -1.59599999791667        2.69755769623346        3.14999833014661     
  -1.42799995555556        2.69586694129759        3.14212521279074     
  -1.26000001458333        2.69416151860220        3.13416296424387     
  -1.09199997222222        2.69245938156484        3.12626565654701     
 -0.924000030555556        2.69076455123699        3.11845112655263     
 -0.755999988194444        2.68908447852140        3.11054369535573     
 -0.587999996527778        2.68744646213543        3.10228641632565     
 -0.420000004722222        2.68589677777864        3.09353148321685     
 -0.251999987708333        2.68447139900590        3.08428906688026     
 -8.400000222222222E-002   2.68316960201930        3.07462506029886     
  8.400000222222222E-002   2.68196779875400        3.06454457632912     
  0.251999987708333        2.68083486945390        3.05400190736068     
  0.420000004722222        2.67976445199253        3.04297096634902     
  0.587999996527778        2.67874983010117        3.03146295156899     
  0.755999988194444        2.67777110071200        3.01952113850861     
  0.924000030555556        2.67677908887032        3.00720008568058     
   1.09199997222222        2.67570976980437        2.99458382092690     
   1.26000001458333        2.67453926424979        2.98181078546888     
   1.42799995555556        2.67323589191260        2.96893921597686     
   1.59599999791667        2.67188517015211        2.95600083645713     
   1.76399993888889        2.67051952473022        2.94288884668112     
   1.93199998125000        2.66932953163381        2.92953926249181     
   2.10000002361111        2.66855244753828        2.91632530110547     
   2.26800006597222        2.66831518775729        2.90345174253598     
   2.43599990625000        2.66948325586881        2.89194534577529     
   2.60399994861111        2.67210346600301        2.88224393328688     
   2.77199999097222        2.67749505830227        2.87559073407302     
   2.94000003333333        2.68916178112560        2.87422702108642     
   3.10800007569444        2.70235067214505        2.88116329022608     
   3.27599991597222        2.74251700737018        2.90316060439179     
   3.44400016041667        3.24551574754187        2.95335651394230     
   3.61200000069444        3.65949763355779        3.05064465993943     
   3.77999984097222        3.78798714384841        3.21498224587515     
   3.94800008541667        4.12369660413444        3.53959686671551     
   4.11599992500000        4.69176705933837        3.75986701727576     
   4.28400016944444        5.00606534897607        3.81079192293264     
   4.45200000972222        5.21818200254880        4.61624976208595     
   4.61999985000000        5.99015275091476        7.16261076492273     
   4.78800009444444        7.90914690049768        9.94300374338111     
   4.95599993472222        10.4553223078876        11.4396283517233     
   5.12400017916667        11.2848792953308        11.6686550462302     
   5.29200001944444        11.1376827267682        11.1519421615111     
   5.45999985972222        10.3476775867429        10.2540435024417     
   5.62800010416667        9.30088148055035        9.13854916758080     
   5.79599994444444        8.18437404250148        7.89955192672264     
   5.96400018888889        7.00456820007311        6.69914465220557     
   6.13200002916667        5.87876510029675        5.68768861514356     
   6.29999986944444        4.95696531607958        4.84893186085732     
   6.46800011388889        4.25036557615464        4.17062653012251     
   6.63599995347222        3.72512486039257        3.65831407679466     
   6.80400019791667        3.34232010492874        3.30245735189902     
   6.97199963194444        3.03904003981162        3.04375036751829     
   7.13999988194444        2.80589020898749        2.86349513585673     
   7.30800012500000        2.67463143906304        2.74877257431507     
   7.47600036805556        2.58663354169572        2.66029963811175     
   7.64399980555556        2.53174353601707        2.60787915657115     
   7.81200004861111        2.50015095197761        2.58363304846499     
   7.98000029166667        2.48946311889062        2.56808860684479     
   8.14799972916667        2.51050093754283        2.55598079274761     
   8.31599997222222        2.52689654937308        2.54362611912378     
   8.48400021527778        2.54632287513334        2.55332097960433     
   8.65199965277778        2.57358863662440        2.57304845134019     
   8.81999989583333        2.59311507966869        2.59879684999525     
   8.98800013888889        2.62280779637685        2.64693659845352     
   9.15600038888889        2.64398006361200        2.67218963027440     
   9.32399981944444        2.66381623724626        2.68474422883148     
   9.49200006944444        2.69404212875274        2.72087881788866     
   9.66000031250000        2.74183766550689        2.78533087631289     
   9.82799975000000        2.82575882321370        2.83796603719627     
   9.99599999305556        2.96772863822872        2.92660185227732     
   10.1640002361111        3.13385608185824        3.07611934358156     
   10.3319996736111        3.31864571855849        3.24993843632285     
   10.4999999166667        3.56614282762658        3.43866195625988     
   10.6680001597222        3.87744432440382        3.65234878696013     
   10.8359995972222        4.19243863513401        3.92542116743595     
   11.0039998402778        4.52673431812105        4.21410410170087     
   11.1720000833333        4.99567441826849        4.49962737460904     
   11.3400003333333        5.75758952973105        5.01490212293925     
   11.5079997638889        6.56238857895972        5.77256830762924     
   11.6760000138889        7.40828433339649        6.62125175285777     
   11.8440002569444        8.33569522443226        7.53436153768887     
   12.0119996944444        9.12666518662367        8.29708266362759     
   12.1799999375000        10.0394469881983        8.85245155273724     
   12.3480001805556        11.4976255693320        9.76372087263934     
   12.5159996180556        12.8723311657986        10.4823560418914     
   12.6839998611111        13.0201422923744        10.6637257545673     
   12.8520001041667        11.6699445516009        9.88153180967405     
   13.0200003472222        9.91017058927136        7.94109703938799     
   13.1879997847222        8.84952097196426        5.64087148967721     
   13.3560000277778        7.55859343670423        4.84327721439212     
   13.5240002708333        6.43539971790393        4.57808923718010     
   13.6920005208333        5.18468854966859        4.31905307718068     
   13.8600007638889        3.96026842835356        3.86170704960746     
   14.0279993888889        3.50390321657973        3.83223977233016     
   14.1959996319444        3.12280829142286        4.29296712798942     
   14.3639998819444        2.97313815739700        4.00133573305022     
   14.5320001250000        2.90889963419967        3.61920156458266     
   14.7000003680556        2.87321915055947        3.44898889519476     
   14.8680006111111        2.84377163864103        3.23680306327377     
   15.0359992430556        2.82571597055877        3.16010156522616     
   15.2039994861111        2.81919855347841        3.13837510429496     
   15.3719997291667        2.81575595041255        3.13257326887445     
   15.5399999722222        2.81281109053949        3.13315884782855     
   15.7080002152778        2.81054033891796        3.13636093315041     
   15.8760004652778        2.80906741795997        3.14133396337092     
   16.0440007083333        2.80838083564059        3.14765346311982     
   16.2119993333333        2.80865400524846        3.15515599400222     
   16.3799995763889        2.80978319506095        3.16321583174699     
   16.5479998263889        2.81130487720242        3.17087251381714     
   16.7160000694444        2.81258110562451        3.17740956759295     
   16.8840003125000        2.81325176485861        3.18287727528582     
   17.0520005555556        2.81360813198084        3.18815977658013     
   17.2200007986111        2.81439387099882        3.19424136625977     
   17.3879994305556        2.81618031770215        3.20142427295047     
   17.5559996736111        2.81886298072963        3.20912694359720     
   17.7239999166667        2.82175551918308        3.21639976970931     
   17.8920001597222        2.82411093556260        3.22275285358324     
   18.0600004097222        2.82563340989520        3.22855117850556     
   18.2280006527778        2.82657305122992        3.23459453549035     
   18.3959992777778        2.82735919191698        3.24138419921652     
   18.5639995208333        2.82814863993497        3.24878189828545     
   18.7319997638889        2.82864986560886        3.25621283390385     
   18.9000000138889        2.82826837443772        3.26315542200610     
   19.0680002569444        2.82652781593543        3.26952676692221     
   19.2360005000000        2.82341956582374        3.27560683280601     
   19.4040007430556        2.81931896224606        3.28154228742345     
   19.5719993750000        2.81467584058876        3.28704133423774     
   19.7399996180556        2.80965560685220        3.29168458761700     
   19.9079998611111        2.80387562821550        3.29549813066548     
   20.0760001041667        2.79669903196335        3.29908818255157     
   20.2440003472222        2.78794451328571        3.30311528365105     
   20.4120005972222        2.77819586382387        3.30762985721864     
   20.5799992222222        2.76835220232583        3.31194515839476     
   20.7479994652778        2.75876209896094        3.31514646170285     
   20.9159997083333        2.74882408010141        3.31671472812564     
   21.0839999583333        2.73757971433251        3.31679082923592     
   21.2520002013889        2.72473628568709        3.31609300872575     
   21.4200004444444        2.71118825055221        3.31575039428084     
   21.5880006875000        2.69852157586807        3.31671056113674     
   21.7559993194444        2.68766840385851        3.31864609071421     
   21.9239995625000        2.67795564823029        3.31983226183019     
   22.0919998055556        2.66769839125667        3.31880442228218     
   22.2600000486111        2.65567595579305        3.31605433219053     
   22.4280002916667        2.64209772987064        3.31416663116184     
   22.5960005416667        2.62859962164640        3.31609119726436     
   22.7640007847222        2.61734549059646        3.32216570181711     
   22.9319994097222        2.60948607344118        3.32865519662284     
   23.0999996527778        2.60406744394455        3.33076120822904     
   23.2679999027778        2.59868093028211        3.32731516814586     
   23.4360001458333        2.59156232108793        3.32138652192538     
   23.6040003888889        2.58304548191785        3.31754390869469     
   23.7720006319444        2.57498309282277        3.31906373209544     
   23.9399992569444        2.56893155763793        3.32583269091363     
   24.1079995069444        2.56475967965708        3.33450529417456     
   24.2759997500000        2.56081871227104        3.34109574762302     
   24.4439999930556        2.55570148389808        3.34335882659252     
   24.6120002361111        2.54972534129398        3.34190191216522     
   24.7800004791667        2.54436092879991        3.33985673388850     
   24.9480007291667        2.54055661768515        3.34049964875164     
   25.1159993541667        2.53755655522572        3.34444917412711     
   25.2839995972222        2.53314718283934        3.34922659219726     
   25.4519998402778        2.52573345875085        3.35197571559495     
   25.6200000902778        2.51612723209500        3.35261319545427     
   25.7880003333333        2.50700569919879        3.35325724174309     
   25.9560005763889        2.50074358839711        3.35479752077087     
   26.1239992013889        2.49777985871914        3.35561936387935     
   26.2919994513889        2.49609057115763        3.35352743503626     
   26.4599996944444        2.49208768935650        3.34835497096725     
   26.6279999375000        2.48349501262458        3.34215727634293     
   26.7960001805556        2.47193971421957        3.33648919286165     
   26.9640004236111        2.46164967108986        3.33116352638778     
   27.1320006736111        2.45594375732781        3.32591644784213     
   27.3000009166667        2.45516640984203        3.32138828081098     
   27.4680011597222        2.45649289203197        3.31898716412709     
   27.6360014027778        2.45627123803139        3.32052850043720     
   27.8039984166667        2.45324979971091        3.32570759413602     
   27.9719986597222        2.44776247245846        3.33072737917726     
   28.1399989027778        2.43965319217673        3.33160292744978     
   28.3079991458333        2.43073122170541        3.32691375338115     
   28.4759993958333        2.42535759071080        3.31731394758874     
   28.6439996388889        2.42582613427610        3.30659467699475     
   28.8119998819444        2.42979247122161        3.30033199671990     
   28.9800001250000        2.43209004058790        3.29903044212364     
   29.1480003680556        2.42872908374833        3.29875468263583     
   29.3160006111111        2.42043972455991        3.29954962333764     
   29.4840008611111        2.41235909455472        3.30417209456685     
   29.6520011041667        2.40943475965252        3.31142303116991     
   29.8200013472222        2.41224936550404        3.31530718828273     
   29.9880015902778        2.41777204194907        3.30800595920750     
   30.1559986041667        2.42255410943250        3.28841229336937     
   30.3239988472222        2.42557716444860        3.26530331385345     
   30.4919990902778        2.42938841532031        3.24953570446688     
   30.6599993333333        2.43588711360267        3.24484204189629     
   30.8279995833333        2.44229408927736        3.24516281838330     
   30.9959998263889        2.44604898152450        3.24184353182122     
   31.1640000694444        2.44888431894561        3.23259867587429     
   31.3320003125000        2.45399858452846        3.22034459585718     
   31.5000005555556        2.46391801122545        3.20567907309609     
   31.6680008055556        2.47799558483384        3.18598561422554     
   31.8360010486111        2.49128690897956        3.16178275439023     
   32.0040012916667        2.49907254079693        3.13865794400678     
   32.1720015347222        2.50249754392182        3.12455599869674     
   32.3399985486111        2.50820728093455        3.12575276874237     
   32.5079987916667        2.52214203338520        3.13907882493312     
   32.6759990347222        2.54587656304905        3.14930946132242     
   32.8439992777778        2.57548577652676        3.14297511207547     
   33.0119995277778        2.60265744132719        3.11949622853656     
   33.1799997708333        2.62234344065170        3.08900639776788     
   33.3480000138889        2.63776974036688        3.06809179434761     
   33.5160002569444        2.65247414910733        3.06697408858058     
   33.6840005000000        2.66455771546835        3.08383579636520     
   33.8520007500000        2.67498186995542        3.10274987942558     
   34.0200009930556        2.69486499559025        3.10413803972280     
   34.1880012361111        2.73105351465491        3.08344888531632     
   34.3560014791667        2.77623546977501        3.06171708153080     
   34.5239984930556        2.82072891686224        3.05434976747979     
   34.6919987361111        2.85338342869500        3.05642426756421     
   34.8599989791667        2.86431728513179        3.06125680751142     
   35.0279992222222        2.86670407160267        3.06764695317465     
   35.1959994652778        2.88966789352489        3.06629342573533     
   35.3639997152778        2.93728292417657        3.05423790202005     
   35.5319999583333        2.98791438776718        3.04296046352989     
   35.7000002013889        3.02576237238424        3.03723856998510     
   35.8680004444444        3.04887443831896        3.03773457651970     
   36.0360006875000        3.07054102846085        3.04418784664325     
   36.2040009375000        3.10625548878536        3.05503073440847     
   36.3720011805556        3.15185919834414        3.06994801626947     
   36.5400014236111        3.18997618696190        3.08463383682006     
   36.7079984375000        3.21113936022035        3.09361956100198     
   36.8759986805556        3.23255247495668        3.09979646496389     
   37.0439989236111        3.26533158247243        3.10424806378830     
   37.2119991666667        3.30508891452421        3.10770473469284     
   37.3799994097222        3.33735425115534        3.11090762703548     
   37.5479996597222        3.33768885277917        3.12618098697709     
   37.7159999027778        3.33801701830386        3.13985996438778     
   37.8840001458333        3.19263930609774        3.08686928362638     
   38.0520003888889        2.59246799142277        2.75292818959366     
   38.2200006319444        2.50361189657559        2.62080962197945     
   38.3880008819444        2.49037581741050        2.58834167030062     
   38.5560011250000        2.57319886714697        2.42718760847209     
   38.7240013680556        3.22085119528713        2.91515794765620     
   38.8920016111111        1.64170172183494        1.51964060005313     
   39.0599986250000        1.59322335695349        1.54608411543351     
   39.2279988680556        2.69269116220685        3.24742962643911     
   39.3959991111111        2.81196212424648        2.11700505706172     
   39.5639993541667        2.82519633686649        2.06234209328761     
   39.7319995972222        2.86788116151885        2.25855854077364     
   39.8999998472222        3.38741513146246        2.78144621386427     
   40.0680000902778        3.28693317912524        2.80671363275647     
   40.2360003333333        3.43966538063499        2.97368215974019     
   40.4040005763889        3.51163666558642        4.02251923475310     
   40.5720008194444        3.30763339201800        2.42981018280329     
   40.7400010694444        3.94190485972075        3.25002006781152     
   40.9080013125000        3.94656484909691        3.31263663018660     
   41.0760015555556        3.48176996190380        3.64699719754871     
   41.2439985694444        3.62017288627831        3.93429357681209     
   41.4119988125000        3.69967893935631        3.71104169863384     
   41.5799990555556        3.69216046026005        3.17903436293456     
   41.7479992986111        3.74171898576474        2.88454404976475     
   41.9159995416667        3.67197486214604        3.30855717907592     
   42.0839997916667        3.54548997147264        3.81002648773258     
   42.2520000347222        3.59923369383999        4.10691795035388     
   42.4200002777778        3.59739768181838        3.59457235744428     
   42.5880005208333        3.63553709016949        2.95432873814355     
   42.7560007638889        3.62623026551070        3.23941460595390     
   42.9240010138889        3.50174982941675        3.15502239770194     
   43.0920012569444        3.33821520844941        3.73566825758943     
   43.2600015000000        3.51431874933592        3.94070715331270     
   43.4279985138889        3.67119081688084        3.62805427930328     
   43.5959987569444        3.45161536400290        2.91612825559199     
   43.7639990000000        3.61694124363299        2.93991611128541     
   43.9319992430556        3.31940262545036        3.23176141954103     
   44.0999994861111        3.26089921005107        3.47337219069888     
   44.2679997361111        3.41291713751805        3.55282499193057     
   44.4359999791667        3.46072342566570        3.60437071749372     
   44.6040002222222        3.38063570237661        2.85532405184261     
   44.7720004652778        3.40960487756850        3.02300324644894     
   44.9400007083333        3.28307510529896        3.12615244890075     
   45.1080009513889        3.15004270989363        3.42546966492580     
   45.2760012013889        3.27282268103290        3.45102507383350     
   45.4440014444444        3.43015928831163        3.50613627143481     
   45.6119984513889        3.36458628349617        3.01953763660045     
   45.7799987013889        3.40071609258048        2.96557269356919     
   45.9479989444444        3.18668780748773        3.14304930492130     
   46.1159991875000        3.14370160527388        3.40480605993776     
   46.2839994305556        3.35749476719629        3.37321275172322     
   46.4519996736111        3.35460020013795        3.42302125387879     
   46.6199999236111        3.36725579996570        2.83706527787432     
   46.7880001666667        3.30397172430569        2.94521950797632     
   46.9560004097222        3.20632565562410        3.20826166546701     
   47.1240006527778        3.08808431244490        3.28367998448625     
   47.2920008958333        3.22177117321123        3.29396809649340     
   47.4600011458333        3.39382791037852        3.45222523246498     
   47.6280013888889        3.36783705685558        2.98910997404617     
   47.7959983958333        3.24962863925102        2.84865417370341     
   47.9639986458333        3.08971791276470        3.00849806046773     
   48.1319988888889        3.03995562800737        3.27817006037018     
   48.2999991319444        3.22721511179405        3.28389031251958     
   48.4679993750000        3.29060643618049        3.17850307214670     
   48.6359996180556        3.26306594431575        2.82419442484364     
   48.8039998680556        3.17974955305289        2.82010782763339     
   48.9720001111111        3.06989685976313        2.95521434341539     
   49.1400003541667        2.96157861057316        2.97702213348335     
   49.3080005972222        3.04400441285640        3.12724185171944     
   49.4760008402778        3.18928567347796        3.13877445094084     
   49.6440010902778        3.26657627615843        2.88947583463072     
   49.8120013333333        3.14799395416837        2.77098757540821     
   49.9800015763889        3.09025415385956        2.93984350164340     
   50.1479985833333        3.00237618354610        3.03317942602321     
   50.3159988333333        3.07400549328029        3.16097724243479     
   50.4839990763889        3.18924003039192        3.12757510721112     
   50.6519993194444        3.15964280412287        2.90158021129279     
   50.8199995625000        3.18320779827224        2.75032508764715     
   50.9879998055556        3.07372946846435        2.94136455280993     
   51.1560000555556        3.01815342194960        2.96720026096120     
   51.3240002986111        3.04783523158824        3.08530613098501     
   51.4920005416667        3.18275178892331        3.07032475581935     
   51.6600007847222        3.29612084135671        2.87251407359593     
   51.8280010277778        3.17463409746554        2.79673051076829     
   51.9960012777778        3.13164263912597        2.78620016384934     
   52.1640015208333        3.10667176676740        2.93236441010838     
   52.3319985277778        3.10750198714376        3.07832237590233     
   52.4999987777778        3.25626594512735        3.04204521370385     
   52.6679990208333        3.16320060100369        2.90326590081677     
   52.8359992638889        3.22027605341716        2.71521039176474     
   53.0039995069444        3.08727269196234        2.89294043959051     
   53.1719997500000        3.03830355612973        2.91646506768187     
   53.3400000000000        3.02023852619793        3.01681793741985     
   53.5080002430556        3.15867501078001        2.92089161275541     
   53.6760004861111        3.25024168324251        2.78800367869165     
   53.8440007291667        3.08217198307727        2.70663937856582     
   54.0120009722222        3.18422460799016        2.72176822393343     
   54.1800012222222        3.05298359925323        2.73010159763659     
   54.3480014652778        3.02442404174012        2.87108871619819     
   54.5160017083333        3.16086876892196        2.84366112248110     
   54.6840019513889        3.12335742395440        2.78372120246111     
   54.8520021944444        3.22888486198418        2.72118959808074     
   55.0200024444444        3.13094007598363        2.77762633963413     
   55.1880026875000        3.20388932161529        2.85089388269932     
   55.3560029305556        3.13149019563523        2.94675320373782     
   55.5240031736111        3.13365336117949        2.82541512049517     
   55.6919969513889        3.26776852109168        2.83908103062231     
   55.8599971944444        3.20666549126259        2.69579025462727     
   56.0279974375000        3.24282070048587        2.72161924831604     
   56.1959976875000        3.17361258102429        2.72495751670987     
   56.3639979305556        3.03028304886301        2.79940716772830     
   56.5319981736111        3.14765465706452        2.87325039775534     
   56.6999984166667        3.15445593588769        2.83411298940873     
   56.8679986597222        3.31933787002979        2.71693426828278     
   57.0359989097222        3.13469380381726        2.70674667778962     
   57.2039991527778        3.24885328822553        2.91958712517768     
   57.3719993958333        3.13253512628991        2.94603648632318     
   57.5399996388889        3.08450701770415        2.93582271905929     
   57.7079998819444        3.18345753601584        2.88591121346767     
   57.8760001319444        3.13419441901169        2.87846251321870     
   58.0440003750000        3.23811618143400        2.78607417126010     
   58.2120006180556        3.12878966278586        2.76637648057454     
   58.3800008611111        3.12367696212902        2.83059709554358     
   58.5480011041667        3.14520451660575        2.90165253593263     
   58.7160013541667        3.11166370223571        2.75973596336460     
   58.8840015972222        3.12899533205439        2.64488927066912     
   59.0520018402778        3.18041275096527        2.62286810955627     
   59.2200020833333        3.17558754864959        2.67383852313988     
   59.3880023263889        3.16663311007774        2.78895206602698     
   59.5560025763889        3.07988813549383        2.80683750644781     
   59.7240028194444        3.11494251569457        2.93999839668433     
   59.8920030625000        3.12283359063076        2.86546029585427     
   60.0599968402778        3.08509993841700        2.93945036196414     
