  -60.0599968402778       0.000000000000000E+000  0.000000000000000E+000
  -59.8920030625000        2.93741419725000        3.24399994298874     
  -59.7240028194444        2.91282023148793        3.17920592379618     
  -59.5560025763889        2.89783472340160        3.13461567243121     
  -59.3880023263889        2.89680404857676        3.09056624618012     
  -59.2200020833333        2.91217301501345        3.05593188520514     
  -59.0520018402778        2.94283031835271        3.04303693405667     
  -58.8840015972222        2.98271445623034        3.03037304458412     
  -58.7160013541667        3.01772278251681        2.99399248100414     
  -58.5480011041667        3.03776677133031        2.93500259284815     
  -58.3800008611111        3.04828063916641        2.88862842167931     
  -58.2120006180556        3.06368520155978        2.90044908829512     
  -58.0440003750000        3.09415732675302        2.96999503629562     
  -57.8760001319444        3.14209549765244        3.03869340292285     
  -57.7079998819444        3.19885746908806        3.05681978952178     
  -57.5399996388889        3.25054360756853        3.03120286699556     
  -57.3719993958333        3.28994207872464        2.99870810302361     
  -57.2039991527778        3.32141132134191        2.98781225567092     
  -57.0359989097222        3.35098427335378        3.00613245393602     
  -56.8679986597222        3.37646087611587        3.04749622813725     
  -56.6999984166667        3.39064488822739        3.09951576152123     
  -56.5319981736111        3.39264745828653        3.15121747963444     
  -56.3639979305556        3.39110253313799        3.19465311582160     
  -56.1959976875000        3.39585007376334        3.22096171995346     
  -56.0279974375000        3.40876429258717        3.22473713651700     
  -55.8599971944444        3.42489705679387        3.21029942456636     
  -55.6919969513889        3.44128959338170        3.18798150520166     
  -55.5240031736111        3.46129995365643        3.16912471165326     
  -55.3560029305556        3.48977804791971        3.16417211078340     
  -55.1880026875000        3.52597588024772        3.17462204179332     
  -55.0200024444444        3.56268949678917        3.18711885960906     
  -54.8520021944444        3.59295940809837        3.18429336418996     
  -54.6840019513889        3.61622809443184        3.15896524598023     
  -54.5160017083333        3.63682125742643        3.11604727630307     
  -54.3480014652778        3.65831458143239        3.06844022437871     
  -54.1800012222222        3.68046190846777        3.03211103281742     
  -54.0120009722222        3.70033531022782        3.01975058629882     
  -53.8440007291667        3.71581893212461        3.03544434579982     
  -53.6760004861111        3.72796220975736        3.07375439453689     
  -53.5080002430556        3.73982041605554        3.12391299487052     
  -53.3400000000000        3.75362767740697        3.17550454080689     
  -53.1719997500000        3.76952203856945        3.22082134759870     
  -53.0039995069444        3.78634824074223        3.25405616617016     
  -52.8359992638889        3.80302791101145        3.27140797072539     
  -52.6679990208333        3.81912182082190        3.27285655316379     
  -52.4999987777778        3.83459866979831        3.26231157987695     
  -52.3319985277778        3.84957766728903        3.24508599333480     
  -52.1640015208333        3.86438674433752        3.22521225882393     
  -51.9960012777778        3.87967192221826        3.20446198097590     
  -51.8280010277778        3.89638069029673        3.18279812704563     
  -51.6600007847222        3.91567004545245        3.15961075633270     
  -51.4920005416667        3.93878221548174        3.13515811713704     
  -51.3240002986111        3.96680934438169        3.11122300119636     
  -51.1560000555556        4.00026668645318        3.09093138885949     
  -50.9879998055556        4.03860138637677        3.07856310564896     
  -50.8199995625000        4.07994726055848        3.07874316948698     
  -50.6519993194444        4.12139776473418        3.09376651145418     
  -50.4839990763889        4.15980153278445        3.12042956981061     
  -50.3159988333333        4.19282538570085        3.14907865761915     
  -50.1479985833333        4.21992731686238        3.16543543936492     
  -49.9800015763889        4.24293435724706        3.15453228060466     
  -49.8120013333333        4.26610035132021        3.10743280297512     
  -49.6440010902778        4.29563335295711        3.03204526400415     
  -49.4760008402778        4.33877913520099        2.96519119735019     
  -49.3080005972222        4.40259957971714        2.97075811899513     
  -49.1400003541667        4.49265239323438        3.10296847494121     
  -48.9720001111111        4.61173943394320        3.35047348132200     
  -48.8039998680556        4.75883373822035        3.62837762394807     
  -48.6359996180556        4.92824319174856        3.84768715002788     
  -48.4679993750000        5.10931525571717        3.98590622232566     
  -48.2999991319444        5.28721771021678        4.06991485953717     
  -48.1319988888889        5.44526246563722        4.10115021607693     
  -47.9639986458333        5.56857839676378        4.03971838778621     
  -47.7959983958333        5.64803374193292        3.88143579261100     
  -47.6280013888889        5.68256031218922        3.69171051319312     
  -47.4600011458333        5.67823765665433        3.50810740989493     
  -47.2920008958333        5.64441567050115        3.31120109538583     
  -47.1240006527778        5.58946343236104        3.12402001831039     
  -46.9560004097222        5.51883129185093        3.03604212441511     
  -46.7880001666667        5.43595505313803        3.10733618097199     
  -46.6199999236111        5.34447393737778        3.25285984338090     
  -46.4519996736111        5.24982047026541        3.26939714439056     
  -46.2839994305556        5.15901527929505        3.07836887738925     
  -46.1159991875000        5.07876574319298        2.87245998474250     
  -45.9479989444444        5.01310033339466        2.86347560799647     
  -45.7799987013889        4.96204990604543        2.99639215050319     
  -45.6119984513889        4.92211689877687        3.07572371727186     
  -45.4440014444444        4.88803395162903        3.03691410254060     
  -45.2760012013889        4.85472455123273        2.94974580732036     
  -45.1080009513889        4.81870555185515        2.87052059570996     
  -44.9400007083333        4.77873949435181        2.81463847880027     
  -44.7720004652778        4.73583450516854        2.79526567929137     
  -44.6040002222222        4.69264615323740        2.81731120538173     
  -44.4359999791667        4.65240729100197        2.87286506961701     
  -44.2679997361111        4.61768493112908        2.93808392700459     
  -44.0999994861111        4.58939991639265        2.97555168759989     
  -43.9319992430556        4.56651161508884        2.98346488946279     
  -43.7639990000000        4.54642580896144        2.99965374220058     
  -43.5959987569444        4.52586586918180        3.03123594921598     
  -43.4279985138889        4.50182765655553        3.05291777710065     
  -43.2600015000000        4.47233295805739        3.05586039885686     
  -43.0920012569444        4.43682119313195        3.04917536412272     
  -42.9240010138889        4.39611731865905        3.03872812610323     
  -42.7560007638889        4.35197028841708        3.02249153139444     
  -42.5880005208333        4.30633914026320        2.99950813634651     
  -42.4200002777778        4.26075207201318        2.97830756944199     
  -42.2520000347222        4.21597993259029        2.97107056470221     
  -42.0839997916667        4.17208272391909        2.98257604309162     
  -41.9159995416667        4.12867823903466        3.00795901175595     
  -41.7479992986111        4.08524705029183        3.03746208206711     
  -41.5799990555556        4.04139225383129        3.06560504927783     
  -41.4119988125000        3.99701757936184        3.09783071136765     
  -41.2439985694444        3.95238872720422        3.14152419346240     
  -41.0760015555556        3.90804928571117        3.19030649857869     
  -40.9080013125000        3.86461940946908        3.22644661970104     
  -40.7400010694444        3.82259412041694        3.23795303725807     
  -40.5720008194444        3.78227027921790        3.22677249565347     
  -40.4040005763889        3.74382624257860        3.20414965363913     
  -40.2360003333333        3.70746953873616        3.18443434729806     
  -40.0680000902778        3.67349962171381        3.18028425900650     
  -39.8999998472222        3.64222968867892        3.19578429889914     
  -39.7319995972222        3.61382992432793        3.22220243235694     
  -39.5639993541667        3.58822143027151        3.24494517855399     
  -39.3959991111111        3.56511114522039        3.25660003434906     
  -39.2279988680556        3.54415479999712        3.26082455762244     
  -39.0599986250000        3.52516596877564        3.26363042219110     
  -38.8920016111111        3.50825333752429        3.26416503898610     
  -38.7240013680556        3.49384416279047        3.25530009150854     
  -38.5560011250000        3.48258972147032        3.23171827593652     
  -38.3880008819444        3.47519935842787        3.19618351524686     
  -38.2200006319444        3.47224515630659        3.15862017190365     
  -38.0520003888889        3.47400177153341        3.13012371868806     
  -37.8840001458333        3.48034911605216        3.11680961632731     
  -37.7159999027778        3.49074657338549        3.11663544090326     
  -37.5479996597222        3.50429124703345        3.12026540318777     
  -37.3799994097222        3.51985164777002        3.11584924205450     
  -37.2119991666667        3.53625586678332        3.09592766481807     
  -37.0439989236111        3.55251238064133        3.06238340012303     
  -36.8759986805556        3.56800902496967        3.02529327024627     
  -36.7079984375000        3.58265261698952        2.99596963857291     
  -36.5400014236111        3.59688661320500        2.97962036165411     
  -36.3720011805556        3.61156969323032        2.97301780120182     
  -36.2040009375000        3.62775726929744        2.96790346116727     
  -36.0360006875000        3.64643439079975        2.95674682413381     
  -35.8680004444444        3.66829110785562        2.93692954556428     
  -35.7000002013889        3.69359035208798        2.91127620414853     
  -35.5319999583333        3.72213978407191        2.88545964160017     
  -35.3639997152778        3.75336038644572        2.86460758161325     
  -35.1959994652778        3.78641396915651        2.85130978520740     
  -35.0279992222222        3.82035581519779        2.84532910931211     
  -34.8599989791667        3.85428434032902        2.84415567961129     
  -34.6919987361111        3.88747077263738        2.84408655044183     
  -34.5239984930556        3.91943788539061        2.84199844215964     
  -34.3560014791667        3.94998581231790        2.83685094409504     
  -34.1880012361111        3.97916188856269        2.82944236299779     
  -34.0200009930556        4.00719789039014        2.82063717798365     
  -33.8520007500000        4.03443027834211        2.81023391507065     
  -33.6840005000000        4.06124418746335        2.79769880827029     
  -33.5160002569444        4.08803633386374        2.78337569949835     
  -33.3480000138889        4.11519870649050        2.76828284866458     
  -33.1799997708333        4.14309897808431        2.75282561978685     
  -33.0119995277778        4.17204763078113        2.73638428622217     
  -32.8439992777778        4.20225737040017        2.71839628293521     
  -32.6759990347222        4.23379001674863        2.69943399762763     
  -32.5079987916667        4.26652384880629        2.68097489123065     
  -32.3399985486111        4.30013833832819        2.66436798243352     
  -32.1720015347222        4.33412668816686        2.65027726920023     
  -32.0040012916667        4.36783673477307        2.63883550401659     
  -31.8360010486111        4.40052842152395        2.62970105496848     
  -31.6680008055556        4.43145652840436        2.62195069271416     
  -31.5000005555556        4.45996448381235        2.61465200306813     
  -31.3320003125000        4.48558293784073        2.60795903692312     
  -31.1640000694444        4.50810738446282        2.60338290397471     
  -30.9959998263889        4.52763624021155        2.60274575050545     
  -30.8279995833333        4.54455367862250        2.60701427018834     
  -30.6599993333333        4.55944377581028        2.61616899735065     
  -30.4919990902778        4.57296103212058        2.62963802252136     
  -30.3239988472222        4.58567099591852        2.64620290796940     
  -30.1559986041667        4.59789141543873        2.66355067219928     
  -29.9880015902778        4.60958025689059        2.67850567451162     
  -29.8200013472222        4.62027409605497        2.68816106274063     
  -29.6520011041667        4.62910536315850        2.69096659300529     
  -29.4840008611111        4.63489168538610        2.68693917016598     
  -29.3160006111111        4.63627652371197        2.67710991230557     
  -29.1480003680556        4.63190878987339        2.66283874376836     
  -28.9800001250000        4.62061466496985        2.64551320423310     
  -28.8119998819444        4.60154657386803        2.62672279490846     
  -28.6439996388889        4.57427815980265        2.60854767103840     
  -28.4759993958333        4.53883701198846        2.59344142946377     
  -28.3079991458333        4.49568637019666        2.58372044376054     
  -28.1399989027778        4.44565590655867        2.58106939894470     
  -27.9719986597222        4.38985489326906        2.58623376079158     
  -27.8039984166667        4.32956605748073        2.59883785668298     
  -27.6360014027778        4.26614432966468        2.61752336685286     
  -27.4680011597222        4.20091681971829        2.64059351386010     
  -27.3000009166667        4.13510397272176        2.66681885605413     
  -27.1320006736111        4.06976369965157        2.69582571388743     
  -26.9640004236111        4.00576718474416        2.72793915111628     
  -26.7960001805556        3.94380688113875        2.76390037304001     
  -26.6279999375000        3.88441254567774        2.80459561555501     
  -26.4599996944444        3.82796934231876        2.85059523274638     
  -26.2919994513889        3.77470859960939        2.90147610583996     
  -26.1239992013889        3.72469480149777        2.95538257857751     
  -25.9560005763889        3.67780899600427        3.00937677245879     
  -25.7880003333333        3.63376607584582        3.06058997358085     
  -25.6200000902778        3.59215765716346        3.10720056230109     
  -25.4519998402778        3.55252180543196        3.14826222399231     
  -25.2839995972222        3.51441550859370        3.18267392591450     
  -25.1159993541667        3.47746431841543        3.20847564072265     
  -24.9480007291667        3.44138082106601        3.22311490380539     
  -24.7800004791667        3.40595654514070        3.22443930984503     
  -24.6120002361111        3.37104211712611        3.21179526370575     
  -24.4439999930556        3.33652641169019        3.18658916931890     
  -24.2759997500000        3.30233067927502        3.15200508254011     
  -24.1079995069444        3.26839963056556        3.11212287071993     
  -23.9399992569444        3.23470553264002        3.07092116321765     
  -23.7720006319444        3.20125213104003        3.03151007122777     
  -23.6040003888889        3.16809000539094        2.99584479741306     
  -23.4360001458333        3.13534186495952        2.96510772107643     
  -23.2679999027778        3.10323128508249        2.94053505046792     
  -23.0999996527778        3.07208726438598        2.92399449614575     
  -22.9319994097222        3.04231422888205        2.91772677033640     
  -22.7640007847222        3.01430937562511        2.92346222141088     
  -22.5960005416667        2.98835875989123        2.94163316688719     
  -22.4280002916667        2.96454081729623        2.97112477576944     
  -22.2600000486111        2.94267552778777        3.00961473968788     
  -22.0919998055556        2.92234456666219        3.05428096095514     
  -21.9239995625000        2.90296836826859        3.10246880981792     
  -21.7559993194444        2.88392032780926        3.15198635700911     
  -21.5880006875000        2.86463464578614        3.20100278810252     
  -21.4200004444444        2.84469212271616        3.24778589839444     
  -21.2520002013889        2.82386580561281        3.29068231120424     
  -21.0839999583333        2.80213457045633        3.32866150616271     
  -20.9159997083333        2.77966965849139        3.36213991858479     
  -20.7479994652778        2.75680220755065        3.39314332239615     
  -20.5799992222222        2.73397865429783        3.42420188037667     
  -20.4120005972222        2.71170419647392        3.45672817742780     
  -20.2440003472222        2.69048634812297        3.49028050272126     
  -20.0760001041667        2.67078263402391        3.52318533974370     
  -19.9079998611111        2.65296794290147        3.55350250788116     
  -19.7399996180556        2.63731451092028        3.57927317258314     
  -19.5719993750000        2.62398737195462        3.59831906730645     
  -19.4040007430556        2.61305789042513        3.60853037742253     
  -19.2360005000000        2.60451422369904        3.60877004774362     
  -19.0680002569444        2.59826913974272        3.59977520944952     
  -18.9000000138889        2.59415690715693        3.58437760448965     
  -18.7319997638889        2.59191989114196        3.56647468024227     
  -18.5639995208333        2.59120192287968        3.54911826259035     
  -18.3959992777778        2.59155722746025        3.53327377858452     
  -18.2280006527778        2.59249582298918        3.51823114864769     
  -18.0600004097222        2.59355845066152        3.50296888399406     
  -17.8920001597222        2.59440368521868        3.48722449259901     
  -17.7239999166667        2.59487655419353        3.47181237033246     
  -17.5559996736111        2.59502659148721        3.45836574721950     
  -17.3879994305556        2.59507800425036        3.44866857436251     
  -17.2200007986111        2.59536021882268        3.44380144550068     
  -17.0520005555556        2.59624594822778        3.44370384754136     
  -16.8840003125000        2.59810659864230        3.44739733539435     
  -16.7160000694444        2.60130184700881        3.45356962042525     
  -16.5479998263889        2.60617972767665        3.46108299287509     
  -16.3799995763889        2.61305722272422        3.46912977320315     
  -16.2119993333333        2.62216945710906        3.47702430332349     
  -16.0440007083333        2.63358859698215        3.48402012778537     
  -15.8760004652778        2.64715332747572        3.48954608984807     
  -15.7080002152778        2.66244165780942        3.49360134605980     
  -15.5399999722222        2.67880559826819        3.49659474918195     
  -15.3719997291667        2.69545898103036        3.49855035652511     
  -15.2039994861111        2.71158344676023        3.49857091316444     
  -15.0359992430556        2.72641986856262        3.49530424249999     
  -14.8680006111111        2.73932711156902        3.48806534861372     
  -14.7000003680556        2.74981312494726        3.47750408249621     
  -14.5320001250000        2.75754555496462        3.46520951575134     
  -14.3639998819444        2.76235462724374        3.45265884533037     
  -14.1959996319444        2.76423761735718        3.44041063245860     
  -14.0279993888889        2.76335371337631        3.42816231091323     
  -13.8600007638889        2.76000712964599        3.41561933208598     
  -13.6920005208333        2.75460957109927        3.40339428429179     
  -13.5240002708333        2.74762704155763        3.39301318721508     
  -13.3560000277778        2.73951772222703        3.38593243853916     
  -13.1879997847222        2.73068109062015        3.38249659679044     
  -13.0200003472222        2.72142115273536        3.38178941670388     
  -12.8520001041667        2.71192581381976        3.38247844277249     
  -12.6839998611111        2.70226008055115        3.38387512734103     
  -12.5159996180556        2.69237360235088        3.38622251946734     
  -12.3480001805556        2.68213197956681        3.39006867967666     
  -12.1799999375000        2.67136743665434        3.39551346594334     
  -12.0119996944444        2.65992351043901        3.40213803367116     
  -11.8440002569444        2.64769035252914        3.40961442192382     
  -11.6760000138889        2.63462021868898        3.41825130729039     
  -11.5079997638889        2.62072862966569        3.42890361022795     
  -11.3400003333333        2.60609029729095        3.44230780401607     
  -11.1720000833333        2.59083098080451        3.45835767008325     
  -11.0039998402778        2.57511207680714        3.47584753527479     
  -10.8359995972222        2.55909961426242        3.49291870508059     
  -10.6680001597222        2.54293930780942        3.50795786908715     
  -10.4999999166667        2.52673545761106        3.52031675678351     
  -10.3319996736111        2.51055870931252        3.53035139548792     
  -10.1640002361111        2.49447678178743        3.53871099703196     
  -9.99599999305556        2.47859108445180        3.54537545578157     
  -9.82799975000000        2.46306331993839        3.54931666866009     
  -9.66000031250000        2.44812056885491        3.54918294425612     
  -9.49200006944444        2.43403743210177        3.54433026088879     
  -9.32399981944444        2.42111334061774        3.53530415590566     
  -9.15600038888889        2.40965095911412        3.52346735661147     
  -8.98800013888889        2.39994061361553        3.51019472380115     
  -8.81999989583333        2.39224131828656        3.49635469230036     
  -8.65199965277778        2.38675960012556        3.48240560475599     
  -8.48400021527778        2.38362063725974        3.46873391376865     
  -8.31599997222222        2.38285202689667        3.45586010430707     
  -8.14799972916667        2.38438074215378        3.44436978333180     
  -7.98000029166667        2.38805153069025        3.43471530373772     
  -7.81200004861111        2.39364427482408        3.42720092195183     
  -7.64399980555556        2.40088451447101        3.42212379135355     
  -7.47600036805556        2.40943769729067        3.41981112170970     
  -7.30800012500000        2.41891417245537        3.42063525764747     
  -7.13999988194444        2.42889468215901        3.42503392851910     
  -6.97199963194444        2.43898447031165        3.43334422830365     
  -6.80400019791667        2.44886859332059        3.44561851508716     
  -6.63599995347222        2.45834916428752        3.46170032773610     
  -6.46800011388889        2.46733480369194        3.48141700790456     
  -6.29999986944444        2.47580277658036        3.50459045617470     
  -6.13200002916667        2.48375339556470        3.53084891122815     
  -5.96400018888889        2.49118617647892        3.55950920629263     
  -5.79599994444444        2.49809847920996        3.58976321830964     
  -5.62800010416667        2.50450332625930        3.62100238840369     
  -5.45999985972222        2.51044588293565        3.65281749316679     
  -5.29200001944444        2.51600175809708        3.68461688632154     
  -5.12400017916667        2.52125235919413        3.71538927251733     
  -4.95599993472222        2.52624785983847        3.74396445558841     
  -4.78800009444444        2.53097125439333        3.76951368100746     
  -4.61999985000000        2.53533533540464        3.79172673058174     
  -4.45200000972222        2.53921158198846        3.81049130381371     
  -4.28400016944444        2.54249161244039        3.82560408290330     
  -4.11599992500000        2.54514412847781        3.83697705951864     
  -3.94800008541667        2.54723975812547        3.84502898186760     
  -3.77999984097222        2.54893811411227        3.85069779298117     
  -3.61200000069444        2.55044138522453        3.85501635427490     
  -3.44400016041667        2.55194323880983        3.85862861229589     
  -3.27599991597222        2.55359030866680        3.86166477541713     
  -3.10800007569444        2.55547394646457        3.86399484150740     
  -2.94000003333333        2.55763835924245        3.86554392175697     
  -2.77199999097222        2.56009298938363        3.86640737190995     
  -2.60399994861111        2.56282082140898        3.86676987378709     
  -2.43599990625000        2.56578602830268        3.86681395006799     
  -2.26800006597222        2.56896073672716        3.86670026971478     
  -2.10000002361111        2.57235842582752        3.86655648619163     
  -1.93199998125000        2.57605926368085        3.86641780823439     
  -1.76399993888889        2.58019090234037        3.86618504557829     
  -1.59599999791667        2.58486711429492        3.86565274064880     
  -1.42799995555556        2.59012837614684        3.86460292890385     
  -1.26000001458333        2.59593148596228        3.86293303237888     
  -1.09199997222222        2.60219388585329        3.86068312180280     
 -0.924000030555556        2.60884903682630        3.85791224587284     
 -0.755999988194444        2.61585741810082        3.85460416564596     
 -0.587999996527778        2.62317015444376        3.85071490043629     
 -0.420000004722222        2.63068298283452        3.84623419687049     
 -0.251999987708333        2.63823329338342        3.84112178589479     
 -8.400000222222222E-002   2.64564054708178        3.83523916587796     
  8.400000222222222E-002   2.65275499682837        3.82844426909360     
  0.251999987708333        2.65949325389771        3.82075307294702     
  0.420000004722222        2.66585619488038        3.81241663817287     
  0.587999996527778        2.67192216940874        3.80378822012724     
  0.755999988194444        2.67779576646126        3.79508901087920     
  0.924000030555556        2.68354709463798        3.78627507410202     
   1.09199997222222        2.68919549575296        3.77715773227442     
   1.26000001458333        2.69475510218454        3.76764033472801     
   1.42799995555556        2.70028286274700        3.75783600625905     
   1.59599999791667        2.70587708491018        3.74796617812995     
   1.76399993888889        2.71165129961975        3.73814831167911     
   1.93199998125000        2.71772619079376        3.72830399052976     
   2.10000002361111        2.72425646518078        3.71827676450714     
   2.26800006597222        2.73141589325219        3.70805414654873     
   2.43599990625000        2.73936122996843        3.69783516491240     
   2.60399994861111        2.74818888505525        3.68783109302532     
   2.77199999097222        2.75798474460364        3.67804684479458     
   2.94000003333333        2.76884815368343        3.66836689717643     
   3.10800007569444        2.78095876137702        3.65880899186184     
   3.27599991597222        2.79445788978697        3.64956232241898     
   3.44400016041667        2.80961375569275        3.64081458322660     
   3.61200000069444        2.82669492016371        3.63270788743011     
   3.77999984097222        2.84650575376320        3.62555679172457     
   3.94800008541667        2.87008869502094        3.62013391524541     
   4.11599992500000        2.89984940839681        3.61774523004125     
   4.28400016944444        2.94025271967672        3.62048586755729     
   4.45200000972222        3.00135394327466        3.63217529813935     
   4.61999985000000        3.11709953471142        3.66777744671396     
   4.78800009444444        3.34325135862253        3.83857793171901     
   4.95599993472222        3.61653647447393        4.61052205835253     
   5.12400017916667        3.96043012329500        6.45802049728273     
   5.29200001944444        4.85549633187892        9.65840921730302     
   5.45999985972222        6.50869088617306        14.6297331649281     
   5.62800010416667        8.51853734441318        16.8905263246006     
   5.79599994444444        8.89411389915607        12.9460747738016     
   5.96400018888889        6.95117714124407        8.18470566825116     
   6.13200002916667        4.61196754514115        4.78297821156725     
   6.29999986944444        2.96744290497273        2.88877032959430     
   6.46800011388889        2.19425605945605        2.10072464770357     
   6.63599995347222        2.22336607954149        2.15440877041523     
   6.80400019791667        3.04966362255594        2.95674904472554     
   6.97199963194444        4.69822832555987        4.49552184701169     
   7.13999988194444        6.62572716728404        6.47215592099283     
   7.30800012500000        7.80487215717884        7.50546522205941     
   7.47600036805556        7.99306080331205        7.21639967185070     
   7.64399980555556        7.86140423097635        6.47803403481225     
   7.81200004861111        7.26444338180830        6.00137276920326     
   7.98000029166667        6.42659525453214        5.55254926507010     
   8.14799972916667        5.64992914995712        5.07367950232139     
   8.31599997222222        5.06105568710057        4.59158646575546     
   8.48400021527778        4.60996178461191        4.17904982214567     
   8.65199965277778        4.22090446636789        3.85569314211467     
   8.81999989583333        3.87635283462475        3.59251346256126     
   8.98800013888889        3.57411389051935        3.38604340488260     
   9.15600038888889        3.32952085032296        3.21913595451480     
   9.32399981944444        3.15832137815419        3.07250789684363     
   9.49200006944444        3.03695569844702        2.95873597647073     
   9.66000031250000        2.93512849475631        2.88404396838925     
   9.82799975000000        2.85685045010898        2.82066552147407     
   9.99599999305556        2.79857445745448        2.75990151674193     
   10.1640002361111        2.76021225599013        2.71000129580117     
   10.3319996736111        2.73592436173064        2.67524881745705     
   10.4999999166667        2.71271494755820        2.64853382358078     
   10.6680001597222        2.69223063933380        2.63538646498147     
   10.8359995972222        2.66409855058638        2.63710374963514     
   11.0039998402778        2.64138960799185        2.65284601313209     
   11.1720000833333        2.64598800607026        2.67654301355861     
   11.3400003333333        2.68357707550364        2.69792969373830     
   11.5079997638889        2.74961471177099        2.71879828386852     
   11.6760000138889        2.82829001250842        2.75303986359741     
   11.8440002569444        2.89715066974756        2.79990889219502     
   12.0119996944444        2.95306069258715        2.85463928980222     
   12.1799999375000        3.00365649113086        2.92593717012912     
   12.3480001805556        3.07607266960496        3.01050779018738     
   12.5159996180556        3.16623039215990        3.08956491250172     
   12.6839998611111        3.26119795079772        3.17831361938354     
   12.8520001041667        3.37334423839862        3.29712718728883     
   13.0200003472222        3.51309136332553        3.44600528945542     
   13.1879997847222        3.68494531127014        3.60325503157100     
   13.3560000277778        3.88439674875521        3.75155456853666     
   13.5240002708333        4.08810863961898        3.91740097619571     
   13.6920005208333        4.35271828301328        4.12096059521586     
   13.8600007638889        4.68678908639579        4.36690912367461     
   14.0279993888889        5.03865603822006        4.63247763263153     
   14.1959996319444        5.35953209280073        4.89954353978041     
   14.3639998819444        5.72267679272437        5.20031750301789     
   14.5320001250000        6.24289965465542        5.57542521082580     
   14.7000003680556        6.81507671000865        6.07194155482112     
   14.8680006111111        7.38285727710199        6.66750501959571     
   15.0359992430556        8.04260577970773        7.25393705792340     
   15.2039994861111        8.72494252899559        7.90592717917526     
   15.3719997291667        9.40446122128123        8.61533486009723     
   15.5399999722222        10.1673897673822        9.39429734812014     
   15.7080002152778        10.8909207318249        10.2925995621345     
   15.8760004652778        11.4822290410571        11.3775522844594     
   16.0440007083333        12.3559095629349        12.6225744177557     
   16.2119993333333        13.4414735518939        13.7455686999128     
   16.3799995763889        14.2493603326019        14.1130409464930     
   16.5479998263889        15.3666720919849        13.8467440753525     
   16.7160000694444        16.9089350022330        13.3015928813506     
   16.8840003125000        17.9692897275823        12.9831543544558     
   17.0520005555556        18.1704041123625        13.1828517301050     
   17.2200007986111        18.1038698082816        13.3563171382872     
   17.3879994305556        18.4794359021346        12.8792224696992     
   17.5559996736111        18.5368123632492        12.9104756537158     
   17.7239999166667        17.2571572415904        12.5773313950498     
   17.8920001597222        13.2878090645197        11.3693180819712     
   18.0600004097222        8.18214914058257        9.32747290126147     
   18.2280006527778        5.62282929477191        7.79072293007144     
   18.3959992777778        4.45218845121445        7.02710037701340     
   18.5639995208333        3.62890320509353        6.31009167649884     
   18.7319997638889        3.25282298296484        5.47320420400400     
   18.9000000138889        3.09962100374129        5.08711776852033     
   19.0680002569444        2.99270493587758        4.86158040389169     
   19.2360005000000        2.91982967925569        4.31590213034633     
   19.4040007430556        2.87281431910118        3.62869971774933     
   19.5719993750000        2.84311352691203        3.16597722085041     
   19.7399996180556        2.82197092420468        3.01779156766979     
   19.9079998611111        2.80199728590165        2.98375415983578     
   20.0760001041667        2.78088277783992        2.96999333184815     
   20.2440003472222        2.75742742154329        2.95693096178984     
   20.4120005972222        2.73183955426114        2.94463126673773     
   20.5799992222222        2.70543939744093        2.93563943177235     
   20.7479994652778        2.67911864011463        2.93012702726423     
   20.9159997083333        2.65532348081605        2.92652948898620     
   21.0839999583333        2.63839560623227        2.92019452328506     
   21.2520002013889        2.63046413464767        2.90752573335965     
   21.4200004444444        2.63213520783128        2.88948630221279     
   21.5880006875000        2.64366721428985        2.86853396694068     
   21.7559993194444        2.66294443885435        2.84675624587909     
   21.9239995625000        2.68433759253299        2.82969759761965     
   22.0919998055556        2.69995064634935        2.82069041977649     
   22.2600000486111        2.70601282647542        2.81745890790224     
   22.4280002916667        2.70465279849219        2.81977009303043     
   22.5960005416667        2.69814998628209        2.83058079211676     
   22.7640007847222        2.68661741370251        2.84987192731764     
   22.9319994097222        2.67007621320374        2.87171632841695     
   23.0999996527778        2.65023624681064        2.88954319740764     
   23.2679999027778        2.63027687066524        2.90065664663867     
   23.4360001458333        2.61341343297417        2.90485356086049     
   23.6040003888889        2.60128733619056        2.90411010834666     
   23.7720006319444        2.59375022651855        2.90283292917809     
   23.9399992569444        2.59261898313928        2.90293392155732     
   24.1079995069444        2.60002594158231        2.90425317722123     
   24.2759997500000        2.61212452370153        2.90983590985346     
   24.4439999930556        2.62406521969440        2.92205421791594     
   24.6120002361111        2.63433230902673        2.94165982702633     
   24.7800004791667        2.64107935691341        2.96928031221415     
   24.9480007291667        2.64437433853527        3.00392367362589     
   25.1159993541667        2.64545030723747        3.03944680593592     
   25.2839995972222        2.64340357155069        3.06631047507131     
   25.4519998402778        2.64016450282076        3.08185989814842     
   25.6200000902778        2.64064979427950        3.09040184656832     
   25.7880003333333        2.64502753433960        3.09488330600557     
   25.9560005763889        2.65077109083754        3.09862383027088     
   26.1239992013889        2.65816383958771        3.10261739009269     
   26.2919994513889        2.66882299674272        3.10382146968139     
   26.4599996944444        2.68349058276327        3.10141789747963     
   26.6279999375000        2.70002947942037        3.10081688573800     
   26.7960001805556        2.71390428889471        3.10638588268342     
   26.9640004236111        2.72224775684947        3.11267142063752     
   27.1320006736111        2.72722449956831        3.11635704242378     
   27.3000009166667        2.73359217597393        3.11937952628034     
   27.4680011597222        2.74221867922239        3.12290898260988     
   27.6360014027778        2.75003869832009        3.12714674020187     
   27.8039984166667        2.75607730172927        3.13229967502438     
   27.9719986597222        2.76432315139748        3.13459489662571     
   28.1399989027778        2.77402621517371        3.13192429654162     
   28.3079991458333        2.78109835008181        3.12691161850993     
   28.4759993958333        2.78691206621750        3.12818645599772     
   28.6439996388889        2.79125501500919        3.13559100973407     
   28.8119998819444        2.79294462012592        3.13633151806619     
   28.9800001250000        2.79551746190833        3.11880719408771     
   29.1480003680556        2.80081964398215        3.09024734550527     
   29.3160006111111        2.80804506101121        3.06475729959342     
   29.4840008611111        2.81665187041557        3.04365577506995     
   29.6520011041667        2.82657719988036        3.02345407490847     
   29.8200013472222        2.83784109025698        3.01114657517146     
   29.9880015902778        2.85070254124501        3.01227125344367     
   30.1559986041667        2.86190635387593        3.02135374703858     
   30.3239988472222        2.86627815646958        3.03002159835491     
   30.4919990902778        2.86664145129183        3.03588846026568     
   30.6599993333333        2.86680410525100        3.04554834997068     
   30.8279995833333        2.86571337095471        3.06259386403354     
   30.9959998263889        2.86134999686784        3.08068058098024     
   31.1640000694444        2.85577453035719        3.09131762900560     
   31.3320003125000        2.85392780308510        3.08955257163679     
   31.5000005555556        2.85582788014033        3.07853026656979     
   31.6680008055556        2.85581072211947        3.06448199772246     
   31.8360010486111        2.85111862479074        3.05054238503370     
   32.0040012916667        2.84364185023545        3.03704717466247     
   32.1720015347222        2.83821341964702        3.02130287903497     
   32.3399985486111        2.83905732307591        3.00080357695268     
   32.5079987916667        2.84498365082942        2.97498832623352     
   32.6759990347222        2.85292798645575        2.94785516971176     
   32.8439992777778        2.86220983704971        2.92628956897875     
   33.0119995277778        2.87505215627543        2.91082596643043     
   33.1799997708333        2.88966878453085        2.90249282093334     
   33.3480000138889        2.89689447956365        2.90424331220367     
   33.5160002569444        2.89566381572361        2.91547574714811     
   33.6840005000000        2.89411602709474        2.93293137583963     
   33.8520007500000        2.89567507883188        2.95946981155747     
   34.0200009930556        2.89693873513732        2.99612606804850     
   34.1880012361111        2.89283577927811        3.03212275124111     
   34.3560014791667        2.88126794554424        3.05918092466012     
   34.5239984930556        2.86731046880098        3.08373044071572     
   34.6919987361111        2.85235732395270        3.11016094891998     
   34.8599989791667        2.83431603632095        3.13101991455224     
   35.0279992222222        2.81763383946578        3.13914624969182     
   35.1959994652778        2.80531149890873        3.13512257918084     
   35.3639997152778        2.79371713022088        3.12710045099686     
   35.5319999583333        2.78154079437934        3.10719637304996     
   35.7000002013889        2.76815988554382        3.06901917109118     
   35.8680004444444        2.75606976162647        3.02359439974742     
   36.0360006875000        2.74853708455844        2.97348766296197     
   36.2040009375000        2.73957661350526        2.92416024707692     
   36.3720011805556        2.73042698832450        2.87802220012312     
   36.5400014236111        2.72916367385437        2.83802002397357     
   36.7079984375000        2.73390035135415        2.80665807205979     
   36.8759986805556        2.73767829411300        2.78733383227901     
   37.0439989236111        2.73919684064568        2.78652886536957     
   37.2119991666667        2.74089119687628        2.79446544784362     
   37.3799994097222        2.74423006219032        2.80552946381903     
   37.5479996597222        2.74704529180486        2.81629382410189     
   37.7159999027778        2.74573351003198        2.82807240010380     
   37.8840001458333        2.74408833363688        2.84155293041057     
   38.0520003888889        2.74233606727378        2.85546221638552     
   38.2200006319444        2.73826763808762        2.87662295150617     
   38.3880008819444        2.73669052765350        2.89731328258922     
   38.5560011250000        2.74419199603915        2.91043792461382     
   38.7240013680556        2.76088722932965        2.91538274199152     
   38.8920016111111        2.77908456184053        2.91442683557828     
   39.0599986250000        2.78983302292793        2.91496868761893     
   39.2279988680556        2.78911043865053        2.91892531678318     
   39.3959991111111        2.78589323278564        2.92331904002519     
   39.5639993541667        2.78591227079124        2.92723939155981     
   39.7319995972222        2.78528104861695        2.92491445974945     
   39.8999998472222        2.78586312297350        2.91706794869065     
   40.0680000902778        2.79193438197866        2.91907612048691     
   40.2360003333333        2.80461914496845        2.93002067919028     
   40.4040005763889        2.81979939967961        2.93751844555140     
   40.5720008194444        2.83146352872365        2.92849612463288     
   40.7400010694444        2.83447610006233        2.91039681564407     
   40.9080013125000        2.83382513510235        2.90168739659631     
   41.0760015555556        2.83782431701929        2.90725149499764     
   41.2439985694444        2.84611417632192        2.91818669364339     
   41.4119988125000        2.85474346556921        2.90951965646328     
   41.5799990555556        2.86398857699329        2.88546160184760     
   41.7479992986111        2.87558765951807        2.86225158959466     
   41.9159995416667        2.88745635691608        2.84490365919505     
   42.0839997916667        2.89837868454178        2.83313541746569     
   42.2520000347222        2.91101434341244        2.82862370868431     
   42.4200002777778        2.92518549813266        2.83175158894082     
   42.5880005208333        2.93775660815324        2.82954249636774     
   42.7560007638889        2.95005662071154        2.82768117618889     
   42.9240010138889        2.96105470371136        2.83529294120656     
   43.0920012569444        2.96696627337081        2.85004045397280     
   43.2600015000000        2.96765358468166        2.86127144081732     
   43.4279985138889        2.96947613952054        2.86940708704953     
   43.5959987569444        2.97816184536232        2.88892349106631     
   43.7639990000000        2.99111762097315        2.91039664616012     
   43.9319992430556        3.00044749271680        2.91797636774328     
   44.0999994861111        3.00632223092455        2.90325063785916     
   44.2679997361111        3.01530123732056        2.87488692666424     
   44.4359999791667        3.02823974663226        2.85135613685069     
   44.6040002222222        3.04304139930305        2.82805336448893     
   44.7720004652778        3.05978057850120        2.80445010721151     
   44.9400007083333        3.07239201016249        2.78781416043853     
   45.1080009513889        3.07348538653299        2.78102896777407     
   45.2760012013889        3.06828321077182        2.78086368071741     
   45.4440014444444        3.06879652567242        2.77856417867073     
   45.6119984513889        3.07966831054564        2.77938012872041     
   45.7799987013889        3.09389149966648        2.78572045055740     
   45.9479989444444        3.10349239512347        2.80262616526068     
   46.1159991875000        3.10813565896897        2.82348836638515     
   46.2839994305556        3.11328522176486        2.83687482992717     
   46.4519996736111        3.12374609435704        2.84836433869704     
   46.6199999236111        3.13267143526476        2.86336869815191     
   46.7880001666667        3.12962409065857        2.88495492459433     
   46.9560004097222        3.11191626428204        2.90332197712457     
   47.1240006527778        3.08495528799217        2.91229069488115     
   47.2920008958333        3.06113707910710        2.91760943416940     
   47.4600011458333        3.04431002474570        2.91648825649672     
   47.6280013888889        3.03081309809734        2.91669376141297     
   47.7959983958333        3.01382319165392        2.92811105568262     
   47.9639986458333        2.99376635397401        2.94362232484506     
   48.1319988888889        2.97645073913467        2.95475347437549     
   48.2999991319444        2.96785167480017        2.95389391325686     
   48.4679993750000        2.96835415051932        2.94387560325917     
   48.6359996180556        2.97144315502878        2.93400328538523     
   48.8039998680556        2.97259246731643        2.93744337858397     
   48.9720001111111        2.97069279525663        2.95168822558265     
   49.1400003541667        2.96911274939605        2.96847653686718     
   49.3080005972222        2.97250366955281        2.98544193911221     
   49.4760008402778        2.97943230298801        3.00117417716731     
   49.6440010902778        2.98267586469697        3.01891357821452     
   49.8120013333333        2.97886649743097        3.04660874910951     
   49.9800015763889        2.97002133277071        3.08214961929224     
   50.1479985833333        2.95708833561689        3.11546417121185     
   50.3159988333333        2.95105195151327        3.14607566307652     
   50.4839990763889        2.95682860930821        3.18242588027807     
   50.6519993194444        2.96697455119407        3.21930223384008     
   50.8199995625000        2.97069139945139        3.24596527154236     
   50.9879998055556        2.96894173414868        3.25047664134571     
   51.1560000555556        2.96733561298666        3.23808668158265     
   51.3240002986111        2.96687992385271        3.23095902094608     
   51.4920005416667        2.97285241163477        3.22433744254269     
   51.6600007847222        2.98729059250145        3.22236339014189     
   51.8280010277778        3.01337153557861        3.23077970265822     
   51.9960012777778        3.04681506594250        3.25734220869085     
   52.1640015208333        3.07894382618067        3.30177050976873     
   52.3319985277778        3.11516713719049        3.33393376520059     
   52.4999987777778        3.15538312374175        3.34689015643570     
   52.6679990208333        3.20096730994392        3.34969724651476     
   52.8359992638889        3.24394668645921        3.36265101127841     
   53.0039995069444        3.27625863640162        3.39720368677268     
   53.1719997500000        3.29287710978775        3.43798674186101     
   53.3400000000000        3.28937867107430        3.46587686021354     
   53.5080002430556        3.27698465448179        3.46668112423436     
   53.6760004861111        3.26961926065280        3.44499219912623     
   53.8440007291667        3.26395568691182        3.42156811199402     
   54.0120009722222        3.25450324391116        3.41509625457299     
   54.1800012222222        3.23881573850177        3.41307946227427     
   54.3480014652778        3.21815783022112        3.39522663090744     
   54.5160017083333        3.20163888885316        3.36572487073618     
   54.6840019513889        3.19223589774547        3.32527419565470     
   54.8520021944444        3.19589229268990        3.28298833121196     
   55.0200024444444        3.21600617073829        3.23807982772295     
   55.1880026875000        3.24387943601126        3.18766855583985     
   55.3560029305556        3.26702244445265        3.13490630338666     
   55.5240031736111        3.28234781525618        3.08898038460538     
   55.6919969513889        3.29805244624054        3.05837496192434     
   55.8599971944444        3.31706200882845        3.02783672885414     
   56.0279974375000        3.34229662589784        3.00006640542096     
   56.1959976875000        3.36958158284416        2.99067394101055     
   56.3639979305556        3.38992970704728        3.00156699806328     
   56.5319981736111        3.40132780208723        3.02703359826396     
   56.6999984166667        3.40123923436021        3.04708103469221     
   56.8679986597222        3.39443488253551        3.04563825518673     
   57.0359989097222        3.38761133986432        3.03054187484592     
   57.2039991527778        3.38002958386258        3.02325384516243     
   57.3719993958333        3.36526260710306        3.03396370447328     
   57.5399996388889        3.34439151334982        3.05452223802131     
   57.7079998819444        3.32485678062961        3.08156984042269     
   57.8760001319444        3.31330992417444        3.10999759846034     
   58.0440003750000        3.30681380859884        3.13779252268543     
   58.2120006180556        3.30182371629383        3.16080719687491     
   58.3800008611111        3.29788655423935        3.17300158113554     
   58.5480011041667        3.29766584672896        3.16640220287644     
   58.7160013541667        3.29570772591418        3.15107946042038     
   58.8840015972222        3.29211738953837        3.14842297746771     
   59.0520018402778        3.29149647929715        3.16290956396987     
   59.2200020833333        3.29825927242807        3.18701792090562     
   59.3880023263889        3.31496936709581        3.20329673350437     
   59.5560025763889        3.34557235914113        3.20783415870704     
   59.7240028194444        3.37944140401668        3.22193229144692     
   59.8920030625000        3.40716430562677        3.24689039008007     
   60.0599968402778                          NaN                     NaN
