  -60.0599968402778       0.999999911997295       0.999999911997295     
  -59.8920030625000      -1.128279613312902E-002 -2.364550855497108E-002
  -59.7240028194444      -9.016414026404256E-003 -1.342654508713325E-002
  -59.5560025763889      -6.436302453864472E-003 -1.030036786432433E-002
  -59.3880023263889       1.296436736486254E-003 -1.178123946605944E-002
  -59.2200020833333       9.571209131617299E-003 -1.126805441227720E-002
  -59.0520018402778      -2.848042967994161E-003 -1.031990811583848E-002
  -58.8840015972222      -1.446703243650371E-002 -1.270340986140772E-002
  -58.7160013541667      -9.321889473621493E-003 -1.187602169330878E-002
  -58.5480011041667      -1.116254907067572E-004 -1.105343349718262E-002
  -58.3800008611111       4.030470600789995E-003 -1.279467882889775E-002
  -58.2120006180556       1.463974964119680E-003 -1.402798134301904E-002
  -58.0440003750000      -2.097768586000422E-003 -1.324137011594594E-002
  -57.8760001319444      -2.531767431946337E-003 -1.271226830493250E-002
  -57.7079998819444      -2.059632130041576E-004 -1.271684237921188E-002
  -57.5399996388889       2.583688792336954E-003 -1.264942154328241E-002
  -57.3719993958333       4.107719860508736E-003 -1.405720513718066E-002
  -57.2039991527778       5.648097784252972E-003 -1.629282755880737E-002
  -57.0359989097222       7.858893886768546E-003 -1.678438916546555E-002
  -56.8679986597222       8.174714243375025E-003 -1.576517689894393E-002
  -56.6999984166667       4.958866047978101E-003 -1.550561102376061E-002
  -56.5319981736111       5.799718541920568E-004 -1.598257142033915E-002
  -56.3639979305556      -3.904700389951452E-003 -1.637744870346460E-002
  -56.1959976875000      -8.513269347286169E-003 -1.623375551327498E-002
  -56.0279974375000      -1.235353049546820E-002 -1.608783109447445E-002
  -55.8599971944444      -1.419929355272934E-002 -1.641423076943493E-002
  -55.6919969513889      -1.400588300123247E-002 -1.573499564147819E-002
  -55.5240031736111      -1.237507412221960E-002 -1.370688049467506E-002
  -55.3560029305556      -9.929551939728219E-003 -1.261116227644397E-002
  -55.1880026875000      -8.037911619035214E-003 -1.435461737441984E-002
  -55.0200024444444      -8.641695736397420E-003 -1.820639238933590E-002
  -54.8520021944444      -1.255717700636693E-002 -2.213375126112372E-002
  -54.6840019513889      -1.902613574646884E-002 -2.447352601034610E-002
  -54.5160017083333      -2.657688809553037E-002 -2.431946485844649E-002
  -54.3480014652778      -3.356991386101653E-002 -2.168093312318287E-002
  -54.1800012222222      -3.867409815677201E-002 -1.741285149245900E-002
  -54.0120009722222      -4.132304616554975E-002 -1.262385571897492E-002
  -53.8440007291667      -4.165307863756022E-002 -8.073717109262111E-003
  -53.6760004861111      -4.013836549152849E-002 -4.064461394057738E-003
  -53.5080002430556      -3.735290749878106E-002 -6.596863257075786E-004
  -53.3400000000000      -3.390111397731265E-002  2.147964665138474E-003
  -53.1719997500000      -3.038436503565196E-002  4.380787141123263E-003
  -53.0039995069444      -2.733819355559062E-002  6.015338643347121E-003
  -52.8359992638889      -2.513798240208134E-002  6.933330579349652E-003
  -52.6679990208333      -2.390856063384612E-002  6.977371407517747E-003
  -52.4999987777778      -2.350383097951918E-002  6.112101377587466E-003
  -52.3319985277778      -2.358945341853335E-002  4.593626252157890E-003
  -52.1640015208333      -2.378108457462307E-002  3.013949047225071E-003
  -51.9960012777778      -2.376536840145971E-002  2.100344930465296E-003
  -51.8280010277778      -2.338100608928175E-002  2.288269154077546E-003
  -51.6600007847222      -2.267586590440836E-002  3.329109018288074E-003
  -51.4920005416667      -2.193852075031696E-002  4.249164480164385E-003
  -51.3240002986111      -2.167949432840116E-002  3.744847223570181E-003
  -51.1560000555556      -2.255336475404708E-002  8.406820905286764E-004
  -50.9879998055556      -2.524004975836838E-002 -4.561178359157987E-003
  -50.8199995625000      -3.029635441292093E-002 -1.163510788375455E-002
  -50.6519993194444      -3.796187577114622E-002 -1.906481125204381E-002
  -50.4839990763889      -4.792165076167716E-002 -2.551424911555530E-002
  -50.3159988333333      -5.912578644939275E-002 -2.993564482110578E-002
  -50.1479985833333      -6.985975133268064E-002 -3.185343671030812E-002
  -49.9800015763889      -7.818215562482465E-002 -3.151957880801201E-002
  -49.8120013333333      -8.256887882282288E-002 -2.969357432679774E-002
  -49.6440010902778      -8.238000991747348E-002 -2.725234349226231E-002
  -49.4760008402778      -7.788059543463323E-002 -2.496972850148759E-002
  -49.3080005972222      -6.989815566578771E-002 -2.335300686599142E-002
  -49.1400003541667      -5.942433342377965E-002 -2.238737474798193E-002
  -48.9720001111111      -4.740852291710155E-002 -2.151717989967422E-002
  -48.8039998680556      -3.478277006005043E-002 -2.016449677992673E-002
  -48.6359996180556      -2.257599589075301E-002 -1.834490997251896E-002
  -48.4679993750000      -1.191604517253161E-002 -1.662697976952137E-002
  -48.2999991319444      -3.825796711506933E-003 -1.547045033354852E-002
  -48.1319988888889       1.082331241063687E-003 -1.476557105096828E-002
  -47.9639986458333       2.803676687697318E-003 -1.408342729009115E-002
  -47.7959983958333       1.899228062062849E-003 -1.330069004721216E-002
  -47.6280013888889      -7.521434769594516E-004 -1.290094590754780E-002
  -47.4600011458333      -4.272215392033624E-003 -1.361176707118527E-002
  -47.2920008958333      -8.052028302206938E-003 -1.572520465333464E-002
  -47.1240006527778      -1.192103365988243E-002 -1.879016567592903E-002
  -46.9560004097222      -1.621452685155354E-002 -2.193356646100848E-002
  -46.7880001666667      -2.173604743300769E-002 -2.439591475948506E-002
  -46.6199999236111      -2.960029357866955E-002 -2.578983034155740E-002
  -46.4519996736111      -4.096361414283909E-002 -2.602802245380142E-002
  -46.2839994305556      -5.669696109850744E-002 -2.519135403907425E-002
  -46.1159991875000      -7.708253954714996E-002 -2.356090506937674E-002
  -45.9479989444444      -0.101593990908393      -2.177766801377232E-002
  -45.7799987013889      -0.128785016442816      -2.089745660352327E-002
  -45.6119984513889      -0.156320288676470      -2.215642238821194E-002
  -45.4440014444444      -0.181227845655376      -2.649070778356189E-002
  -45.2760012013889      -0.200443652204722      -3.404369557390238E-002
  -45.1080009513889      -0.211589541061925      -4.390506750667388E-002
  -44.9400007083333      -0.213733470827450      -5.422677234057498E-002
  -44.7720004652778      -0.207802800331545      -6.276402065002769E-002
  -44.6040002222222      -0.196453072715667      -6.771768939527616E-002
  -44.4359999791667      -0.183436231582863      -6.847304048387830E-002
  -44.2679997361111      -0.172683702132516      -6.576527461919110E-002
  -44.0999994861111      -0.167365775960618      -6.120489832187226E-002
  -43.9319992430556      -0.169177015117964      -5.657595748901454E-002
  -43.7639990000000      -0.178056025294399      -5.332640367468110E-002
  -43.5959987569444      -0.192436063987260      -5.231162292713427E-002
  -43.4279985138889      -0.209917819685540      -5.369058153958989E-002
  -43.2600015000000      -0.228071910034402      -5.704259943712329E-002
  -43.0920012569444      -0.245065214485329      -6.180690426872482E-002
  -42.9240010138889      -0.259958344435241      -6.777312224779770E-002
  -42.7560007638889      -0.272676001385101      -7.510629520576226E-002
  -42.5880005208333      -0.283717293410662      -8.381447905143326E-002
  -42.4200002777778      -0.293715267168100      -9.320785605336018E-002
  -42.2520000347222      -0.302993797511256      -0.101948173139453     
  -42.0839997916667      -0.311260861616491      -0.108702904657667     
  -41.9159995416667      -0.317574470035560      -0.112850741981836     
  -41.7479992986111      -0.320784623276393      -0.114697246893171     
  -41.5799990555556      -0.320541882029368      -0.115157766932671     
  -41.4119988125000      -0.318318808315376      -0.115264258247357     
  -41.2439985694444      -0.317338336647348      -0.115826358990869     
  -41.0760015555556      -0.321140218690181      -0.117341507417971     
  -40.9080013125000      -0.331957212794124      -0.120084089603647     
  -40.7400010694444      -0.349884893017991      -0.124242290865596     
  -40.5720008194444      -0.372784255403702      -0.129980646675523     
  -40.4040005763889      -0.396901962555767      -0.137384862904878     
  -40.2360003333333      -0.418410152889854      -0.146358846567785     
  -40.0680000902778      -0.435146274496625      -0.156602513380931     
  -39.8999998472222      -0.447239768111065      -0.167749103937063     
  -39.7319995972222      -0.456411040086367      -0.179617702387527     
  -39.5639993541667      -0.464859696822597      -0.192420098663152     
  -39.3959991111111      -0.474444615774864      -0.206721362389578     
  -39.2279988680556      -0.486246419838455      -0.223064014020990     
  -39.0599986250000      -0.500446476861532      -0.241423170595261     
  -38.8920016111111      -0.516505772837541      -0.260878469434728     
  -38.7240013680556      -0.533572658121348      -0.279817152323319     
  -38.5560011250000      -0.550945434120602      -0.296617330294596     
  -38.3880008819444      -0.568392407673078      -0.310397585750579     
  -38.2200006319444      -0.586212405998574      -0.321332196063780     
  -38.0520003888889      -0.605041368772971      -0.330280885468289     
  -37.8840001458333      -0.625509731784154      -0.338001782111520     
  -37.7159999027778      -0.647898951148126      -0.344663346389914     
  -37.5479996597222      -0.671922087073641      -0.350214137979890     
  -37.3799994097222      -0.696693868227505      -0.355265161917967     
  -37.2119991666667      -0.720890571689293      -0.361355385969755     
  -37.0439989236111      -0.743043629662637      -0.369939376297517     
  -36.8759986805556      -0.761872014566257      -0.381047124634949     
  -36.7079984375000      -0.776543463010059      -0.393406091193723     
  -36.5400014236111      -0.786792286131124      -0.406156960913197     
  -36.3720011805556      -0.792890374740038      -0.419883450238152     
  -36.2040009375000      -0.795538640224415      -0.435431418761826     
  -36.0360006875000      -0.795751398650157      -0.452107893374397     
  -35.8680004444444      -0.794763271429965      -0.467596724278819     
  -35.7000002013889      -0.793930701053935      -0.479910859236876     
  -35.5319999583333      -0.794587263513731      -0.489638004450964     
  -35.3639997152778      -0.797852916821860      -0.499493819197050     
  -35.1959994652778      -0.804503677629639      -0.509636293519730     
  -35.0279992222222      -0.815072712120558      -0.513595543431057     
  -34.8599989791667      -0.830220329171582      -0.503289545936426     
  -34.6919987361111      -0.851000805270031      -0.481016033781962     
  -34.5239984930556      -0.878362758284583      -0.463257157911813     
  -34.3560014791667      -0.911880212216688      -0.467640102473384     
  -34.1880012361111      -0.949184769147853      -0.490608334171846     
  -34.0200009930556      -0.987575392895080      -0.498314408880548     
  -33.8520007500000       -1.02607678713943      -0.470866489598987     
  -33.6840005000000       -1.06418559182664      -0.446725142088452     
  -33.5160002569444       -1.09802364030102      -0.452764835251054     
  -33.3480000138889       -1.11953986162312      -0.448106875672875     
  -33.1799997708333       -1.12128323765631      -0.386939575935617     
  -33.0119995277778       -1.10281312909887      -0.281943355162493     
  -32.8439992777778       -1.07281517159605      -0.195040904060984     
  -32.6759990347222       -1.04419222761262      -0.174790413678005     
  -32.5079987916667       -1.02524726341740      -0.206609625838924     
  -32.3399985486111       -1.01411327266377      -0.236354252385034     
  -32.1720015347222       -1.00113180495301      -0.233976561781857     
  -32.0040012916667      -0.976882586402464      -0.217564940299078     
  -31.8360010486111      -0.939315871568052      -0.215523239270595     
  -31.6680008055556      -0.895206004765607      -0.228934087356824     
  -31.5000005555556      -0.855862914598865      -0.240561215737940     
  -31.3320003125000      -0.830674170425553      -0.244398188926308     
  -31.1640000694444      -0.822660926274357      -0.251363940702398     
  -30.9959998263889      -0.828045667158742      -0.265163012467673     
  -30.8279995833333      -0.838940068086742      -0.273481900286889     
  -30.6599993333333      -0.846893426105592      -0.267278167391096     
  -30.4919990902778      -0.845614147694233      -0.252748631681028     
  -30.3239988472222      -0.832369393256283      -0.243553702698752     
  -30.1559986041667      -0.808203759725777      -0.246802110751359     
  -29.9880015902778      -0.777217943810133      -0.257870906923010     
  -29.8200013472222      -0.745205167332773      -0.268731435755997     
  -29.6520011041667      -0.718032762509548      -0.278836562069659     
  -29.4840008611111      -0.700156565915524      -0.293870769884023     
  -29.3160006111111      -0.693550090032684      -0.315289943176234     
  -29.1480003680556      -0.697255507794040      -0.335768792534130     
  -28.9800001250000      -0.707682676951966      -0.344738441670922     
  -28.8119998819444      -0.719623916158133      -0.336923369134662     
  -28.6439996388889      -0.727709182217821      -0.317865975263206     
  -28.4759993958333      -0.727851967057916      -0.302771129080689     
  -28.3079991458333      -0.718246062434702      -0.306190986292953     
  -28.1399989027778      -0.699645052842543      -0.329366371127206     
  -27.9719986597222      -0.674890315687635      -0.360002511046530     
  -27.8039984166667      -0.647888122499455      -0.385364917966338     
  -27.6360014027778      -0.622413885081103      -0.402080464258387     
  -27.4680011597222      -0.601160485178025      -0.413630130386624     
  -27.3000009166667      -0.585306306006894      -0.422930219969690     
  -27.1320006736111      -0.574617046612687      -0.428983779161539     
  -26.9640004236111      -0.567874454370394      -0.428876846706220     
  -26.7960001805556      -0.563375117309016      -0.421578860128447     
  -26.6279999375000      -0.559327272733864      -0.409693221731015     
  -26.4599996944444      -0.554111664908612      -0.397421101625448     
  -26.2919994513889      -0.546448595296465      -0.386767442485703     
  -26.1239992013889      -0.535518736806919      -0.376152672845925     
  -25.9560005763889      -0.521050218765750      -0.362642250384902     
  -25.7880003333333      -0.503350152710303      -0.344853185402622     
  -25.6200000902778      -0.483252822169472      -0.323884843098447     
  -25.4519998402778      -0.461973545626130      -0.302452627037581     
  -25.2839995972222      -0.440883057495867      -0.283530578483971     
  -25.1159993541667      -0.421244818787869      -0.269222400079747     
  -24.9480007291667      -0.403974367344974      -0.260063623269799     
  -24.7800004791667      -0.389478675448298      -0.254953786313664     
  -24.6120002361111      -0.377614400208987      -0.251897313182402     
  -24.4439999930556      -0.367771109840367      -0.249359266622115     
  -24.2759997500000      -0.359048717464298      -0.247487568301825     
  -24.1079995069444      -0.350475765726866      -0.248204444185987     
  -23.9399992569444      -0.341212237215039      -0.253755334815357     
  -23.7720006319444      -0.330692621313196      -0.264572919021736     
  -23.6040003888889      -0.318691446472696      -0.278087092326955     
  -23.4360001458333      -0.305310776072384      -0.289447989754606     
  -23.2679999027778      -0.290908025015247      -0.293663695829388     
  -23.0999996527778      -0.275986934621036      -0.287778726815407     
  -22.9319994097222      -0.261078458624414      -0.271971605296122     
  -22.7640007847222      -0.246636276108950      -0.249280288068726     
  -22.5960005416667      -0.232964514803265      -0.224328107269104     
  -22.4280002916667      -0.220186287441135      -0.201664150907685     
  -22.2600000486111      -0.208251198791727      -0.184327554255978     
  -22.0919998055556      -0.196972636936965      -0.173123857849929     
  -21.9239995625000      -0.186081504479336      -0.166836616256764     
  -21.7559993194444      -0.175283949189650      -0.163204856199827     
  -21.5880006875000      -0.164312598017284      -0.160147983471450     
  -21.4200004444444      -0.152965652804625      -0.156630099327542     
  -21.2520002013889      -0.141131606101750      -0.152821805118202     
  -21.0839999583333      -0.128799642291229      -0.149664338694666     
  -20.9159997083333      -0.116056884663754      -0.148214826289279     
  -20.7479994652778      -0.103073666840387      -0.149092936223182     
  -20.5799992222222      -9.007894352631705E-002 -0.152170763760788     
  -20.4120005972222      -7.732914851647511E-002 -0.156569592908506     
  -20.2440003472222      -6.507540840497394E-002 -0.160962983632182     
  -20.0760001041667      -5.353355501557654E-002 -0.164031293650473     
  -19.9079998611111      -4.286073673453387E-002 -0.164806083919018     
  -19.7399996180556      -3.314004319700900E-002 -0.162749712176226     
  -19.5719993750000      -2.437469371357437E-002 -0.157653200017841     
  -19.4040007430556      -1.649264655175636E-002 -0.149579962753830     
  -19.2360005000000      -9.361849031730270E-003 -0.138977098411239     
  -19.0680002569444      -2.814430587107727E-003 -0.126808918439428     
  -18.9000000138889       3.323803039276691E-003 -0.114469608729201     
  -18.7319997638889       9.203288779710717E-003 -0.103436145472114     
  -18.5639995208333       1.492491039943894E-002 -9.486941775040192E-002
  -18.3959992777778       2.052301469904408E-002 -8.937772378300664E-002
  -18.2280006527778       2.596063247803869E-002 -8.698784825356898E-002
  -18.0600004097222       3.113780852449453E-002 -8.724864190122199E-002
  -17.8920001597222       3.591021957837367E-002 -8.939181695137147E-002
  -17.7239999166667       4.011195886952113E-002 -9.250889402967384E-002
  -17.5559996736111       4.357557080774224E-002 -9.571298964881832E-002
  -17.3879994305556       4.614524115177540E-002 -9.825665078441809E-002
  -17.2200007986111       4.768311462612747E-002 -9.959957115207105E-002
  -17.0520005555556       4.807207505344432E-002 -9.943908783843580E-002
  -16.8840003125000       4.721907448345973E-002 -9.770664517988267E-002
  -16.7160000694444       4.506169782597341E-002 -9.452461702259037E-002
  -16.5479998263889       4.157816500231704E-002 -9.014832937403466E-002
  -16.3799995763889       3.679876385783458E-002 -8.494410340033623E-002
  -16.2119993333333       3.081402609415202E-002 -7.941114523243684E-002
  -16.0440007083333       2.377408166774725E-002 -7.416895111036979E-002
  -15.8760004652778       1.587554916621191E-002 -6.982483483822789E-002
  -15.7080002152778       7.337223407767692E-003 -6.675865687219558E-002
  -15.5399999722222      -1.628633169409179E-003 -6.499308233675988E-002
  -15.3719997291667      -1.084026049271101E-002 -6.428292637579019E-002
  -15.2039994861111      -2.015855166256596E-002 -6.436018502255994E-002
  -15.0359992430556      -2.948561287412758E-002 -6.511340891270802E-002
  -14.8680006111111      -3.875296505989922E-002 -6.654056625424422E-002
  -14.7000003680556      -4.790543797618743E-002 -6.853953542028728E-002
  -14.5320001250000      -5.688699452100981E-002 -7.075858643536033E-002
  -14.3639998819444      -6.563328698658673E-002 -7.267073024642375E-002
  -14.1959996319444      -7.407372046191932E-002 -7.382965370703640E-002
  -14.0279993888889      -8.214179904283390E-002 -7.409906298871487E-002
  -13.8600007638889      -8.978944447039033E-002 -7.366127946949806E-002
  -13.6920005208333      -9.699791211718682E-002 -7.279621906717368E-002
  -13.5240002708333      -0.103779761626010      -7.162185716780510E-002
  -13.3560000277778      -0.110170785167858      -7.001525060517524E-002
  -13.1879997847222      -0.116216570127470      -6.775465468214396E-002
  -13.0200003472222      -0.121960139072438      -6.471989377034271E-002
  -12.8520001041667      -0.127435036085347      -6.096818845701536E-002
  -12.6839998611111      -0.132663173715704      -5.665930943954259E-002
  -12.5159996180556      -0.137654245715936      -5.194489432056864E-002
  -12.3480001805556      -0.142404281814451      -4.692942893479785E-002
  -12.1799999375000      -0.146894792865544      -4.170089829797364E-002
  -12.0119996944444      -0.151095453845857      -3.635690616392062E-002
  -11.8440002569444      -0.154972191564210      -3.099110965914078E-002
  -11.6760000138889      -0.158498221740847      -2.568041971035669E-002
  -11.5079997638889      -0.161663894481964      -2.050741536300475E-002
  -11.3400003333333      -0.164481548500847      -1.557937487113524E-002
  -11.1720000833333      -0.166984488813999      -1.099106602327249E-002
  -11.0039998402778      -0.169222172069651      -6.756937862436090E-003
  -10.8359995972222      -0.171253355962869      -2.798417262169464E-003
  -10.6680001597222      -0.173139117458200       9.762854265935441E-004
  -10.4999999166667      -0.174936272142129       4.572528929471521E-003
  -10.3319996736111      -0.176692156528497       7.896460134156749E-003
  -10.1640002361111      -0.178441408743094       1.084169638157500E-002
  -9.99599999305556      -0.180204890632061       1.337882292715873E-002
  -9.82799975000000      -0.181990636087877       1.555051115152613E-002
  -9.66000031250000      -0.183795570825037       1.738320245615304E-002
  -9.49200006944444      -0.185608981612391       1.882544314237503E-002
  -9.32399981944444      -0.187416514673893       1.979150140542583E-002
  -9.15600038888889      -0.189204627392655       2.025970236743149E-002
  -8.98800013888889      -0.190963000857650       2.030872450585434E-002
  -8.81999989583333      -0.192684357861500       2.004674673534414E-002
  -8.65199965277778      -0.194362293491234       1.950145851099862E-002
  -8.48400021527778      -0.195989195650831       1.857361909717388E-002
  -8.31599997222222      -0.197554632822988       1.710254443216720E-002
  -8.14799972916667      -0.199044006117542       1.500260542628208E-002
  -7.98000029166667      -0.200436370567914       1.236832368217987E-002
  -7.81200004861111      -0.201703038523794       9.462809079324222E-003
  -7.64399980555556      -0.202810979391696       6.593843492346534E-003
  -7.47600036805556      -0.203731923082737       3.978672510187334E-003
  -7.30800012500000      -0.204453747922043       1.713335432600013E-003
  -7.13999988194444      -0.204986693971544      -1.405395104404445E-004
  -6.97199963194444      -0.205359231511294      -1.458237553932476E-003
  -6.80400019791667      -0.205605976002342      -2.055830139071866E-003
  -6.63599995347222      -0.205754956270545      -1.793799446971798E-003
  -6.46800011388889      -0.205822131731144      -6.627632841162693E-004
  -6.29999986944444      -0.205812832004731       1.247889056230386E-003
  -6.13200002916667      -0.205726390021639       3.852630201452616E-003
  -5.96400018888889      -0.205558935176570       7.112692669111966E-003
  -5.79599994444444      -0.205304210718130       1.097504581923120E-002
  -5.62800010416667      -0.204954008415002       1.529884362185591E-002
  -5.45999985972222      -0.204499572400247       1.987482830852143E-002
  -5.29200001944444      -0.203932252723914       2.453078091962963E-002
  -5.12400017916667      -0.203243320348159       2.921732990930999E-002
  -4.95599993472222      -0.202423827213085       3.399979123115246E-002
  -4.78800009444444      -0.201466015050450       3.898562102347135E-002
  -4.61999985000000      -0.200364318266184       4.425602600136679E-002
  -4.45200000972222      -0.199113729436513       4.983425696847066E-002
  -4.28400016944444      -0.197705015829354       5.568433797020787E-002
  -4.11599992500000      -0.196121474262802       6.172412087551241E-002
  -3.94800008541667      -0.194340487916513       6.785243866797429E-002
  -3.77999984097222      -0.192339066262574       7.399305256067172E-002
  -3.61200000069444      -0.190099133962398       8.012575899723677E-002
  -3.44400016041667      -0.187607221317057       8.626523324232400E-002
  -3.27599991597222      -0.184849408465610       9.240450262591485E-002
  -3.10800007569444      -0.181806766700305       9.849032470967725E-002
  -2.94000003333333      -0.178456307565147       0.104464541451570     
  -2.77199999097222      -0.174779045336437       0.110320774037157     
  -2.60399994861111      -0.170770740414409       0.116100835069215     
  -2.43599990625000      -0.166447583635553       0.121835021134367     
  -2.26800006597222      -0.161841343664648       0.127509455126267     
  -2.10000002361111      -0.156987151390956       0.133104110668978     
  -1.93199998125000      -0.151912516683637       0.138642440031394     
  -1.76399993888889      -0.146636422672636       0.144175719545270     
  -1.59599999791667      -0.141177553744036       0.149715748605617     
  -1.42799995555556      -0.135563780543143       0.155205742195867     
  -1.26000001458333      -0.129833736666334       0.160567304466409     
  -1.09199997222222      -0.124029565941090       0.165769256540301     
 -0.924000030555556      -0.118186787324995       0.170841167307989     
 -0.755999988194444      -0.112327321070576       0.175835916118265     
 -0.587999996527778      -0.106459366193328       0.180792511899748     
 -0.420000004722222      -0.100581345339896       0.185736166571839     
 -0.251999987708333      -9.468868438307768E-002  0.190682817079514     
 -8.400000222222222E-002 -8.877912287579223E-002  0.195629898650676     
  8.400000222222222E-002 -8.285563502081390E-002  0.200547379399759     
  0.251999987708333      -7.692869474617986E-002  0.205386947768292     
  0.420000004722222      -7.100642226185490E-002  0.210118676016375     
  0.587999996527778      -6.509492406844458E-002  0.214735350562843     
  0.755999988194444      -5.918321275543367E-002  0.219257181770976     
  0.924000030555556      -5.325309809599071E-002  0.223708415619526     
   1.09199997222222      -4.728414494961994E-002  0.228118336263686     
   1.26000001458333      -4.124879926602484E-002  0.232533626889267     
   1.42799995555556      -3.513835082246639E-002  0.236976167395468     
   1.59599999791667      -2.889829015969137E-002  0.241499837286438     
   1.76399993888889      -2.249863590404663E-002  0.246131175126423     
   1.93199998125000      -1.583400018303064E-002  0.250970814936933     
   2.10000002361111      -8.766461107213391E-003  0.256208996110453     
   2.26800006597222      -1.195077028703786E-003  0.261975909894667     
   2.43599990625000       7.329836225011932E-003  0.268651715923547     
   2.60399994861111       1.686449465523674E-002  0.276372345062750     
   2.77199999097222       2.808768453062847E-002  0.285747835994813     
   2.94000003333333       4.208182241795710E-002  0.297361420959479     
   3.10800007569444       5.775437318042129E-002  0.312191409862698     
   3.27599991597222       7.464203860310600E-002  0.332145762209811     
   3.44400016041667       6.048373236263301E-002  0.359626858716012     
   3.61200000069444       6.280989927537718E-002  0.398717477539147     
   3.77999984097222       9.120733838178126E-002  0.438752498937356     
   3.94800008541667       0.128484688441187       0.481124762863693     
   4.11599992500000       0.170218484074399       0.537337683617319     
   4.28400016944444       0.187453411361208       0.500662900097617     
   4.45200000972222       7.741452195015203E-002  0.270448777010895     
   4.61999985000000      -0.126667543454877      -0.204406299948534     
   4.78800009444444      -0.516283251463776      -0.713003412726806     
   4.95599993472222       -1.05046809383460       -1.15226797931955     
   5.12400017916667       -1.44548419703375       -1.45973893442150     
   5.29200001944444       -1.65848177616866       -1.63324766735820     
   5.45999985972222       -1.76457389563651       -1.72220582757830     
   5.62800010416667       -1.79400301855631       -1.72830750017250     
   5.79599994444444       -1.73945173456217       -1.65266829829150     
   5.96400018888889       -1.62036152386767       -1.51405191003332     
   6.13200002916667       -1.46455803309048       -1.35324813101631     
   6.29999986944444       -1.29782677330175       -1.20287808225823     
   6.46800011388889       -1.13082042951593       -1.05449908381389     
   6.63599995347222      -0.973685772871763      -0.917297388941063     
   6.80400019791667      -0.841871692553210      -0.793534385047476     
   6.97199963194444      -0.711169427490398      -0.679924905661748     
   7.13999988194444      -0.585487624694440      -0.576907726867285     
   7.30800012500000      -0.481512510585426      -0.482093289312599     
   7.47600036805556      -0.387887079754025      -0.397874681411082     
   7.64399980555556      -0.298311825480698      -0.318811228545273     
   7.81200004861111      -0.219942239779609      -0.245089911824987     
   7.98000029166667      -0.154198848871046      -0.183339596245649     
   8.14799972916667      -8.946026954588097E-002 -0.120086584224231     
   8.31599997222222      -2.942439902045993E-002 -4.892644448556765E-002
   8.48400021527778       2.695122332340260E-002  1.425331531771168E-002
   8.65199965277778       8.096362380543630E-002  6.749105915366964E-002
   8.81999989583333       0.123324041647327       0.119387659203294     
   8.98800013888889       0.173156339231540       0.159479331298241     
   9.15600038888889       0.224027457891218       0.187945181835638     
   9.32399981944444       0.279627455956612       0.225156391856393     
   9.49200006944444       0.332569424985959       0.277219255096532     
   9.66000031250000       0.383958799949611       0.334041685331045     
   9.82799975000000       0.453914172645246       0.406153108327649     
   9.99599999305556       0.541355351081127       0.486264273577565     
   10.1640002361111       0.631482972664955       0.565542991933315     
   10.3319996736111       0.712613995884180       0.642546187344333     
   10.4999999166667       0.803047879531759       0.711814234512886     
   10.6680001597222       0.908505873122852       0.788226037186186     
   10.8359995972222        1.00534600040192       0.877759529982723     
   11.0039998402778        1.09951200317526       0.965133041714407     
   11.1720000833333        1.21297681679587        1.03835024453615     
   11.3400003333333        1.35965381854007        1.13136693308231     
   11.5079997638889        1.47718923987505        1.25585324006843     
   11.6760000138889        1.55663836254470        1.36397858140683     
   11.8440002569444        1.61044768198285        1.43465721418674     
   12.0119996944444        1.60150159730278        1.44630242898527     
   12.1799999375000        1.54447031706300        1.37873819097113     
   12.3480001805556        1.47613710494887        1.30774086739681     
   12.5159996180556        1.38938081691012        1.18261948548867     
   12.6839998611111        1.23491514081376        1.02108103278409     
   12.8520001041667       0.904747603190814       0.764420469980816     
   13.0200003472222       0.471001577815569       0.450416847569346     
   13.1879997847222       0.172379867853868       7.877607846773087E-002
   13.3560000277778      -5.300795800070882E-002 -0.130306521824675     
   13.5240002708333      -0.217298426647602      -0.265226990379425     
   13.6920005208333      -0.264700661866178      -0.279298392337681     
   13.8600007638889      -0.315570128228188      -0.287989151974433     
   14.0279993888889      -0.310578197085948      -0.293900627970352     
   14.1959996319444      -0.267400197301622      -0.259797403604141     
   14.3639998819444      -0.245251901669200      -0.243372783062632     
   14.5320001250000      -0.229855448702941      -0.228995823732472     
   14.7000003680556      -0.221332534773178      -0.208031388219229     
   14.8680006111111      -0.216030888030604      -0.185333205334383     
   15.0359992430556      -0.213414623099327      -0.165461763902670     
   15.2039994861111      -0.213302233395238      -0.152266495182864     
   15.3719997291667      -0.213864191929831      -0.143150931867000     
   15.5399999722222      -0.214535442788922      -0.136511555373973     
   15.7080002152778      -0.215407457452772      -0.131537387463278     
   15.8760004652778      -0.216611490005412      -0.127832413680048     
   16.0440007083333      -0.218301119931149      -0.124989816667658     
   16.2119993333333      -0.220611409508801      -0.122692065008478     
   16.3799995763889      -0.223407854934994      -0.120755939251496     
   16.5479998263889      -0.226320475405096      -0.119170650213712     
   16.7160000694444      -0.228996700251046      -0.118076245306618     
   16.8840003125000      -0.231356440507455      -0.117615655300380     
   17.0520005555556      -0.233625757612060      -0.117836761435488     
   17.2200007986111      -0.236124085957715      -0.118597425960714     
   17.3879994305556      -0.239015935179694      -0.119556419985054     
   17.5559996736111      -0.242194687593321      -0.120334939861156     
   17.7239999166667      -0.245356301115182      -0.120793214337254     
   17.8920001597222      -0.248187680868497      -0.121158161932457     
   18.0600004097222      -0.250539567469334      -0.121835248008645     
   18.2280006527778      -0.252477830213166      -0.123069959138111     
   18.3959992777778      -0.254210918278090      -0.124783746211799     
   18.5639995208333      -0.255944324801662      -0.126724303790442     
   18.7319997638889      -0.257737318672163      -0.128711652261168     
   18.9000000138889      -0.259469112663573      -0.130696535430353     
   19.0680002569444      -0.260940029137940      -0.132661895076799     
   19.2360005000000      -0.261995053001887      -0.134599735887636     
   19.4040007430556      -0.262602962005529      -0.136595242309773     
   19.5719993750000      -0.262882843906439      -0.138834816177279     
   19.7399996180556      -0.263019486471490      -0.141477161951381     
   19.9079998611111      -0.263134550179360      -0.144522868397078     
   20.0760001041667      -0.263273527930663      -0.147801103746320     
   20.2440003472222      -0.263483937259372      -0.151079220288806     
   20.4120005972222      -0.263836588936593      -0.154215314783221     
   20.5799992222222      -0.264282351557340      -0.157222025500390     
   20.7479994652778      -0.264450196454767      -0.160191893052612     
   20.9159997083333      -0.263727099356810      -0.163172891926348     
   21.0839999583333      -0.261709249329484      -0.166046234630496     
   21.2520002013889      -0.258655633248155      -0.168479793893529     
   21.4200004444444      -0.255497194983929      -0.170149644294500     
   21.5880006875000      -0.253295249310878      -0.171078046032848     
   21.7559993194444      -0.252501536538835      -0.171681424722270     
   21.9239995625000      -0.252573906221207      -0.172545083191130     
   22.0919998055556      -0.252303494216148      -0.174035336456874     
   22.2600000486111      -0.250604228770842      -0.175863662879427     
   22.4280002916667      -0.247077158850042      -0.177318956524899     
   22.5960005416667      -0.242139454149970      -0.178180594638045     
   22.7640007847222      -0.236892245304064      -0.178956870569883     
   22.9319994097222      -0.232597317343749      -0.180172936982882     
   23.0999996527778      -0.229874661626680      -0.181813833753208     
   23.2679999027778      -0.228275094186541      -0.183394033516312     
   23.4360001458333      -0.226547816442802      -0.184451660119409     
   23.6040003888889      -0.223418131787818      -0.185105218116215     
   23.7720006319444      -0.218562508792552      -0.185973129244652     
   23.9399992569444      -0.212970642619816      -0.187455947401332     
   24.1079995069444      -0.208143981678227      -0.189274655332756     
   24.2759997500000      -0.204935394519022      -0.190680499238233     
   24.4439999930556      -0.202934717518158      -0.190975976060324     
   24.6120002361111      -0.200750372780120      -0.189944589529715     
   24.7800004791667      -0.197185673880496      -0.187978763897331     
   24.9480007291667      -0.192198682659733      -0.185814709234030     
   25.1159993541667      -0.186718182166443      -0.184027025649562     
   25.2839995972222      -0.181882690504254      -0.182637292107480     
   25.4519998402778      -0.178262854202317      -0.181174469156709     
   25.6200000902778      -0.175412642938569      -0.179229992811674     
   25.7880003333333      -0.172262037267547      -0.176847578610823     
   25.9560005763889      -0.167937480339152      -0.174283794921658     
   26.1239992013889      -0.162277395238567      -0.171806268419825     
   26.2919994513889      -0.155926118725219      -0.169894445617741     
   26.4599996944444      -0.149853112304574      -0.169208477418509     
   26.6279999375000      -0.144468202792955      -0.169905697286334     
   26.7960001805556      -0.139363204325816      -0.171004070051995     
   26.9640004236111      -0.133997804374191      -0.170953869502828     
   27.1320006736111      -0.128352036358664      -0.168911741089866     
   27.3000009166667      -0.122719298008705      -0.165289067389115     
   27.4680011597222      -0.116840888867927      -0.161699284289724     
   27.6360014027778      -0.109828167519447      -0.160176960086819     
   27.8039984166667      -0.101449716852276      -0.161080722501888     
   27.9719986597222      -9.283098874623268E-002 -0.162626396794533     
   28.1399989027778      -8.554944472879598E-002 -0.163073285496827     
   28.3079991458333      -8.047386010793918E-002 -0.161327548215772     
   28.4759993958333      -7.694429445752630E-002 -0.157491226575871     
   28.6439996388889      -7.273833374978533E-002 -0.153784914794581     
   28.8119998819444      -6.553823952558060E-002 -0.151330779362147     
   28.9800001250000      -5.500546385639596E-002 -0.148891102865290     
   29.1480003680556      -4.361410323767848E-002 -0.145584504407105     
   29.3160006111111      -3.464091705216713E-002 -0.140748956089061     
   29.4840008611111      -2.884946009075679E-002 -0.134120876806132     
   29.6520011041667      -2.422280713163236E-002 -0.127419783568206     
   29.8200013472222      -1.824097135738323E-002 -0.122271127042176     
   29.9880015902778      -9.396562640623237E-003 -0.118418053007486     
   30.1559986041667       2.219935007145338E-003 -0.114817563917206     
   30.3239988472222       1.476383811383110E-002 -0.110256509307265     
   30.4919990902778       2.593688958132889E-002 -0.103575392811961     
   30.6599993333333       3.475942953316731E-002 -9.489893933964226E-002
   30.8279995833333       4.194832615937037E-002 -8.597932522687121E-002
   30.9959998263889       4.993796207112374E-002 -7.854903086475670E-002
   31.1640000694444       6.131364320841951E-002 -7.275469900386602E-002
   31.3320003125000       7.530749934023694E-002 -6.749588513045787E-002
   31.5000005555556       8.785122931374868E-002 -6.131976371469924E-002
   31.6680008055556       9.627638454283473E-002 -5.381264244955153E-002
   31.8360010486111       0.102193031497266      -4.660142325896405E-002
   32.0040012916667       0.109395790258526      -4.124492721864124E-002
   32.1720015347222       0.120687196711572      -3.736265060688112E-002
   32.3399985486111       0.135531010560417      -3.410741409735489E-002
   32.5079987916667       0.150087269628717      -3.073999688133762E-002
   32.6759990347222       0.160991797301386      -2.471231376115322E-002
   32.8439992777778       0.168703976657504      -1.305231935565933E-002
   33.0119995277778       0.176384652941159       3.874525520194751E-003
   33.1799997708333       0.186470926563430       2.160929375842970E-002
   33.3480000138889       0.198512919688535       3.455775133781958E-002
   33.5160002569444       0.210611270107544       4.099787292199820E-002
   33.6840005000000       0.221536579506512       4.336840131318703E-002
   33.8520007500000       0.230665995052915       4.320073529413668E-002
   34.0200009930556       0.237072231715804       4.283949998189857E-002
   34.1880012361111       0.242004878284675       4.599886572848415E-002
   34.3560014791667       0.250026292598799       5.305635687600870E-002
   34.5239984930556       0.263106187163166       6.216903594266464E-002
   34.6919987361111       0.277266720027922       7.197787833860332E-002
   34.8599989791667       0.288833936233768       7.823164731798558E-002
   35.0279992222222       0.299891399741525       7.759436726916387E-002
   35.1959994652778       0.312599309342990       7.317326206558222E-002
   35.3639997152778       0.322724557285520       7.190722436047749E-002
   35.5319999583333       0.325233756871871       7.802377219084147E-002
   35.7000002013889       0.324057778689865       9.004076919366036E-002
   35.8680004444444       0.326880780508871       0.100838279309153     
   36.0360006875000       0.338160457038511       0.105968481780742     
   36.2040009375000       0.356598888354081       0.108430809457728     
   36.3720011805556       0.373151843987978       0.111642772004776     
   36.5400014236111       0.380496572504643       0.115168828654908     
   36.7079984375000       0.379564249523425       0.118966020797247     
   36.8759986805556       0.379918969629879       0.124983378634020     
   37.0439989236111       0.388419366839127       0.133594887672993     
   37.2119991666667       0.401361351709354       0.142085577648211     
   37.3799994097222       0.412957741197495       0.146952168623809     
   37.5479996597222       0.405043300898153       0.147933376299054     
   37.7159999027778       0.401226402790386       0.141401194994428     
   37.8840001458333       0.343979601678413       0.110534896933201     
   38.0520003888889       7.205660782907676E-002 -0.293316448838682     
   38.2200006319444       9.377893640399775E-002 -0.380969002361407     
   38.3880008819444       0.172709547141212      -0.232437999346052     
   38.5560011250000       0.350640283762834       0.257105020062255     
   38.7240013680556       0.400456921834752      -0.281585217157106     
   38.8920016111111      -4.225051706098798E-002 -9.115969737966437E-002
   39.0599986250000       4.247435748700228E-002  1.630410550962570E-002
   39.2279988680556       0.392717482742246       0.269119879416606     
   39.3959991111111       0.265432528633359       8.781843870029472E-002
   39.5639993541667      -0.461126774624493      -0.115181384538391     
   39.7319995972222       1.635820642279183E-002  0.337291953562197     
   39.8999998472222      -0.216843170141103      -0.365895495077131     
   40.0680000902778      -0.235650447182121      -0.277953374902328     
   40.2360003333333       0.313374335232223       3.024677205906377E-002
   40.4040005763889       0.291499222446582       0.484077046693182     
   40.5720008194444      -9.136034038610767E-002  3.100861566224198E-002
   40.7400010694444      -0.420398848242170      -0.309200001901529     
   40.9080013125000      -0.389909231012421      -0.416150915187307     
   41.0760015555556      -1.493149958889548E-002 -0.405441467609958     
   41.2439985694444       0.308505985622132      -9.327491636932837E-002
   41.4119988125000       0.302273969349620       0.306989565405526     
   41.5799990555556      -0.160160566312295       0.130419402100340     
   41.7479992986111      -0.346080611386633      -6.767236716235878E-002
   41.9159995416667      -0.307995428513698      -0.456090165684026     
   42.0839997916667      -2.813018448293399E-002 -0.461737618472998     
   42.2520000347222       0.335962118285202       0.136255517576466     
   42.4200002777778       0.220809926234627       0.435903457407707     
   42.5880005208333      -0.173132625185187      -2.293495528161343E-002
   42.7560007638889      -0.244115212229588      -0.279495815317170     
   42.9240010138889      -0.252712004661023      -0.355992516274494     
   43.0920012569444       2.146089638362951E-002 -0.433761004263084     
   43.2600015000000       0.242712152634083       0.117997371127031     
   43.4279985138889       0.264747000718207       0.297707826550121     
   43.5959987569444      -0.104082533181954       3.308820477567569E-002
   43.7639990000000      -0.302183589889159      -0.215561967946079     
   43.9319992430556      -0.183240485112409      -0.412252531617039     
   44.0999994861111       4.818977391991260E-002 -0.401397727836944     
   44.2679997361111       0.201190474990660       6.364587963607930E-002
   44.4359999791667       0.170566160302515       0.313347739004765     
   44.6040002222222      -0.121825125691575       2.505752711732342E-003
   44.7720004652778      -0.189776879136895      -0.271970264347627     
   44.9400007083333      -0.175621058792893      -0.360681162974498     
   45.1080009513889      -1.129775799077321E-003 -0.416016973053142     
   45.2760012013889       0.132332853989359       2.963133452716705E-002
   45.4440014444444       0.196459385847957       0.235729578131419     
   45.6119984513889      -8.097894501597232E-002 -8.566054988474719E-002
   45.7799987013889      -0.186277116438037      -0.220299588700039     
   45.9479989444444      -0.110859757725302      -0.413180027727250     
   46.1159991875000       5.692610670139041E-002 -0.395365864302802     
   46.2839994305556       0.166714990810256      -2.349914856384507E-002
   46.4519996736111       0.139280816576163       0.139061540425312     
   46.6199999236111      -0.134758999401559      -4.664072426539463E-002
   46.7880001666667      -0.143483861370001      -0.318548732707170     
   46.9560004097222      -0.130230170551553      -0.442221635235667     
   47.1240006527778       4.412557881758121E-003 -0.445989168925156     
   47.2920008958333       0.101812874993876      -9.796970404539035E-002
   47.4600011458333       0.150723916142822       0.101506270820651     
   47.6280013888889      -4.859797842766926E-002 -0.147120432535390     
   47.7959983958333      -0.162170101948091      -0.253868827285643     
   47.9639986458333      -9.626890883749729E-002 -0.429282130299880     
   48.1319988888889       4.123836445543375E-002 -0.437404952417320     
   48.2999991319444       0.110831657163720      -0.170322801014528     
   48.4679993750000       0.147263841150201      -2.451342673881397E-002
   48.6359996180556      -9.035987353680021E-002 -0.125945169346116     
   48.8039998680556      -7.761680736318313E-002 -0.247896372973179     
   48.9720001111111      -7.462850773599573E-002 -0.350122211218255     
   49.1400003541667       8.965688716746740E-003 -0.357148375210770     
   49.3080005972222       7.677307000639995E-002 -0.176974663219353     
   49.4760008402778       0.121752756397571      -5.250818013251790E-003
   49.6440010902778       1.726789275368267E-002 -0.167108817193711     
   49.8120013333333      -7.998973387393192E-002 -0.237129507713340     
   49.9800015763889      -5.375626688951266E-002 -0.397343767843202     
   50.1479985833333       2.696994578483287E-002 -0.421861551352655     
   50.3159988333333       2.993315150201548E-002 -0.266661623542400     
   50.4839990763889       7.008929891227389E-002 -0.125700048377120     
   50.6519993194444      -7.387682561174901E-002 -0.201340307664621     
   50.8199995625000      -2.852588307131472E-002 -0.268298371676339     
   50.9879998055556      -2.072846564271443E-002 -0.336869477931728     
   51.1560000555556      -1.587305763484818E-002 -0.399046479299872     
   51.3240002986111       8.255775639606189E-003 -0.315964425117022     
   51.4920005416667       6.664305537102114E-002 -0.101730111682483     
   51.6600007847222       2.198947628718647E-002 -0.234414671282059     
   51.8280010277778      -7.118241892824172E-002 -0.263947300152752     
   51.9960012777778      -4.942454387434882E-002 -0.373347836700632     
   52.1640015208333      -1.037967569873863E-002 -0.444240644498074     
   52.3319985277778       4.597534050293822E-002 -0.392032006536822     
   52.4999987777778       9.105869105272293E-002 -0.209073644347284     
   52.6679990208333      -6.342320022370765E-002 -0.252987587605720     
   52.8359992638889      -1.827825270138794E-002 -0.281686326941668     
   53.0039995069444      -4.916906308694604E-002 -0.385637083016367     
   53.1719997500000      -4.821900069488053E-002 -0.423133669720643     
   53.3400000000000       7.836134445322456E-003 -0.391955834961437     
   53.5080002430556       1.987149285646101E-002 -0.224568668328021     
   53.6760004861111       1.787338918878767E-002 -0.218738982241620     
   53.8440007291667      -0.118680824845777      -0.264448925153749     
   54.0120009722222      -8.806895858220794E-002 -0.294859816030234     
   54.1800012222222      -4.589072964582230E-002 -0.362718928836657     
   54.3480014652778      -4.171579293243638E-004 -0.361733539950903     
   54.5160017083333       1.005962207758397E-002 -0.228167135273193     
   54.6840019513889      -6.231721452942002E-002 -0.202804991413013     
   54.8520021944444      -8.425163597728771E-002 -0.270345664741630     
   55.0200024444444      -1.447070283117685E-002 -0.355826271079642     
   55.1880026875000      -9.758949762296435E-003 -0.390047502306722     
   55.3560029305556       3.515772268269314E-002 -0.413901685772345     
   55.5240031736111      -5.554913957488728E-002 -0.273630622839398     
   55.6919969513889      -3.856802187695428E-002 -0.231898173049250     
   55.8599971944444      -0.178914944414187      -0.292887623124410     
   56.0279974375000      -3.852619970522211E-002 -0.340010494841434     
   56.1959976875000       3.701795578586236E-002 -0.349824307487321     
   56.3639979305556       6.789708572770779E-002 -0.414358663772702     
   56.5319981736111      -3.066353812502576E-003 -0.382658662123197     
   56.6999984166667      -2.578109011659402E-002 -0.296314607589382     
   56.8679986597222      -0.140359680320645      -0.320441233357193     
   57.0359989097222      -6.169636830105723E-002 -0.374341120603292     
   57.2039991527778      -2.008629334836013E-003 -0.448143511879209     
   57.3719993958333       6.259922722501536E-002 -0.471314251458284     
   57.5399996388889       4.438418258427913E-002 -0.435354473305150     
   57.7079998819444      -2.394215067217026E-002 -0.359253713713569     
   57.8760001319444      -0.142130890742371      -0.365231602747332     
   58.0440003750000      -0.236831124957397      -0.363377576370576     
   58.2120006180556      -7.471117936841204E-002 -0.384025668983144     
   58.3800008611111      -3.439971482922811E-002 -0.410191902926865     
   58.5480011041667       2.921384672876066E-002 -0.438264837581371     
   58.7160013541667       4.494121267775411E-002 -0.382742635194109     
   58.8840015972222      -5.880723904793166E-002 -0.363117973649264     
   59.0520018402778      -0.150973428813730      -0.347367576781748     
   59.2200020833333      -0.172234585347334      -0.384276195371402     
   59.3880023263889      -0.117833831415169      -0.436605602859808     
   59.5560025763889      -0.126475670504293      -0.470040896689639     
   59.7240028194444      -0.121739677600526      -0.541166757291853     
   59.8920030625000      -0.192002274979779      -0.494215601408207     
   60.0599968402778      -8.003935521348408E-002 -0.484962118191478     
