  -60.0599968402778      -0.999999987672142      -0.999999987672142     
  -59.8920030625000       -1.00981400902909      -0.366656902519993     
  -59.7240028194444      -0.987149662390582      -0.333630096616034     
  -59.5560025763889      -0.971716750418099      -0.326259859869036     
  -59.3880023263889      -0.956867792550081      -0.330753357198802     
  -59.2200020833333      -0.945671865193599      -0.324736156240451     
  -59.0520018402778      -0.933497958074902      -0.311144522220025     
  -58.8840015972222      -0.922483168012320      -0.303982447079540     
  -58.7160013541667      -0.909980834795938      -0.310470499521654     
  -58.5480011041667      -0.897942304080348      -0.324857260816890     
  -58.3800008611111      -0.884290433842554      -0.331514513364371     
  -58.2120006180556      -0.869905146749997      -0.322374954833785     
  -58.0440003750000      -0.853224348375271      -0.301354758845857     
  -57.8760001319444      -0.834917951887402      -0.279162418915967     
  -57.7079998819444      -0.814482849007639      -0.264867134254637     
  -57.5399996388889      -0.792723593027630      -0.261882329006150     
  -57.3719993958333      -0.769548203273738      -0.266996556132430     
  -57.2039991527778      -0.745305360272097      -0.273067712642315     
  -57.0359989097222      -0.719761582641225      -0.274640935313954     
  -56.8679986597222      -0.692947010507754      -0.271356360794180     
  -56.6999984166667      -0.664714124408644      -0.266098332345997     
  -56.5319981736111      -0.635144733232192      -0.261721631771701     
  -56.3639979305556      -0.604358813865061      -0.260092899624801     
  -56.1959976875000      -0.572692832564838      -0.262084158444922     
  -56.0279974375000      -0.540496430879333      -0.266655724222491     
  -55.8599971944444      -0.508059304529332      -0.270730371122143     
  -55.6919969513889      -0.475503651673457      -0.271342887307283     
  -55.5240031736111      -0.442885449340500      -0.267943393008248     
  -55.3560029305556      -0.410249628353690      -0.262287820698451     
  -55.1880026875000      -0.377635454638761      -0.256769375344716     
  -55.0200024444444      -0.345018970585903      -0.253299185892126     
  -54.8520021944444      -0.312321336890012      -0.252999932561664     
  -54.6840019513889      -0.279450854759637      -0.255849449530854     
  -54.5160017083333      -0.246342505901304      -0.260178052582295     
  -54.3480014652778      -0.212968263370296      -0.263008438024326     
  -54.1800012222222      -0.179349336815293      -0.261844637499225     
  -54.0120009722222      -0.145566907907814      -0.256746984225684     
  -53.8440007291667      -0.111756763901474      -0.250666276042364     
  -53.6760004861111      -7.808031936107497E-002 -0.247427208466268     
  -53.5080002430556      -4.469110748410970E-002 -0.248956597186698     
  -53.3400000000000      -1.171991086002269E-002 -0.253953506930653     
  -53.1719997500000       2.071203936084786E-002 -0.258810458793543     
  -53.0039995069444       5.247202375307840E-002 -0.259933943012924     
  -52.8359992638889       8.341384643072260E-002 -0.255846260559495     
  -52.6679990208333       0.113397016628060      -0.247647561242664     
  -52.4999987777778       0.142309677551564      -0.237664774266790     
  -52.3319985277778       0.170084595414667      -0.227621501029266     
  -52.1640015208333       0.196708204962164      -0.217873634083732     
  -51.9960012777778       0.222226604685606      -0.208065188562630     
  -51.8280010277778       0.246754015444166      -0.198330787275492     
  -51.6600007847222       0.270481837924449      -0.189906073972606     
  -51.4920005416667       0.293670220552297      -0.184591945260232     
  -51.3240002986111       0.316603492691698      -0.183465675492665     
  -51.1560000555556       0.339517247561957      -0.185948738116356     
  -50.9879998055556       0.362530651536961      -0.190096402646699     
  -50.8199995625000       0.385612783903790      -0.193818106277252     
  -50.6519993194444       0.408586012623424      -0.195895963823649     
  -50.4839990763889       0.431153821016470      -0.196055020692572     
  -50.3159988333333       0.452944006465687      -0.194388305323434     
  -50.1479985833333       0.473565027040343      -0.190957900367859     
  -49.9800015763889       0.492669082503787      -0.185989154170315     
  -49.8120013333333       0.510004893029071      -0.180333233258638     
  -49.6440010902778       0.525444831890937      -0.175552023680551     
  -49.4760008402778       0.538979577115640      -0.173338599785819     
  -49.3080005972222       0.550688817810874      -0.174632144831040     
  -49.1400003541667       0.560703077093651      -0.179091397740475     
  -48.9720001111111       0.569169776359204      -0.185289011179420     
  -48.8039998680556       0.576231191924501      -0.191415705895664     
  -48.6359996180556       0.582011866832818      -0.195985778335167     
  -48.4679993750000       0.586603812710330      -0.198222118413917     
  -48.2999991319444       0.590044285413284      -0.198163965485637     
  -48.1319988888889       0.592289276503459      -0.196646874394679     
  -47.9639986458333       0.593201133093863      -0.195125715601480     
  -47.7959983958333       0.592564846979047      -0.195218190045248     
  -47.6280013888889       0.590129729981089      -0.198051693092603     
  -47.4600011458333       0.585659212601307      -0.203740193637184     
  -47.2920008958333       0.578965417396189      -0.211307543863524     
  -47.1240006527778       0.569922491130952      -0.219123754349018     
  -46.9560004097222       0.558470988508161      -0.225635176337908     
  -46.7880001666667       0.544630634072678      -0.229999994988437     
  -46.6199999236111       0.528526990378950      -0.232289734197497     
  -46.4519996736111       0.510420874112404      -0.233240956867508     
  -46.2839994305556       0.490715741787602      -0.233888109454000     
  -46.1159991875000       0.469929487823341      -0.235368822329281     
  -45.9479989444444       0.448633896771673      -0.238831434553053     
  -45.7799987013889       0.427379771270387      -0.245207825889880     
  -45.6119984513889       0.406631801872485      -0.254852996731279     
  -45.4440014444444       0.386727101014896      -0.267322168268744     
  -45.2760012013889       0.367861210411317      -0.281460496957065     
  -45.1080009513889       0.350098776795824      -0.295674229661540     
  -44.9400007083333       0.333400614579937      -0.308183658834433     
  -44.7720004652778       0.317660352561985      -0.317273224266151     
  -44.6040002222222       0.302745053050134      -0.321636233362044     
  -44.4359999791667       0.288534015333215      -0.320688583328677     
  -44.2679997361111       0.274950374431029      -0.314614739835921     
  -44.0999994861111       0.261981207696880      -0.304159111534273     
  -43.9319992430556       0.249683638871118      -0.290436559682150     
  -43.7639990000000       0.238177206331516      -0.274915429396362     
  -43.5959987569444       0.227624101651742      -0.259384011559483     
  -43.4279985138889       0.218201963149536      -0.245621287652934     
  -43.2600015000000       0.210074973669554      -0.234831970537747     
  -43.0920012569444       0.203368558751335      -0.227249776458645     
  -42.9240010138889       0.198153188943478      -0.222202698874868     
  -42.7560007638889       0.194439382676971      -0.218522744764317     
  -42.5880005208333       0.192184237467343      -0.214972708032079     
  -42.4200002777778       0.191305855666550      -0.210509391820624     
  -42.2520000347222       0.191701858279856      -0.204431537931612     
  -42.0839997916667       0.193266354079491      -0.196514484405826     
  -41.9159995416667       0.195902008064492      -0.187116931890523     
  -41.7479992986111       0.199524980910451      -0.177163547811533     
  -41.5799990555556       0.204063216898872      -0.167961489286325     
  -41.4119988125000       0.209449960553931      -0.160908108481566     
  -41.2439985694444       0.215615198252020      -0.157183989737088     
  -41.0760015555556       0.222477680887532      -0.157521164340593     
  -40.9080013125000       0.229939625106022      -0.162128389182239     
  -40.7400010694444       0.237884414986962      -0.170802093065467     
  -40.5720008194444       0.246176594613678      -0.183129282800345     
  -40.4040005763889       0.254663704085568      -0.198620376352148     
  -40.2360003333333       0.263177857937676      -0.216705417679181     
  -40.0680000902778       0.271537276858227      -0.236674273297506     
  -39.8999998472222       0.279548154109328      -0.257655083030649     
  -39.7319995972222       0.287007126607838      -0.278621001682982     
  -39.5639993541667       0.293706262493650      -0.298386772972780     
  -39.3959991111111       0.299441002005669      -0.315627923095513     
  -39.2279988680556       0.304021258421764      -0.328979912039148     
  -39.0599986250000       0.307284776963540      -0.337214831528494     
  -38.8920016111111       0.309110744994888      -0.339454138470085     
  -38.7240013680556       0.309430329231395      -0.335371081719422     
  -38.5560011250000       0.308232234074347      -0.325315795127546     
  -38.3880008819444       0.305561609235355      -0.310277483106323     
  -38.2200006319444       0.301511452000022      -0.291650897580388     
  -38.0520003888889       0.296209638728449      -0.270883050369030     
  -37.8840001458333       0.289803432555509      -0.249161101524559     
  -37.7159999027778       0.282445422255201      -0.227300312835167     
  -37.5479996597222       0.274282996800743      -0.205893832072805     
  -37.3799994097222       0.265452687310155      -0.185617143493021     
  -37.2119991666667       0.256078321983321      -0.167429180317661     
  -37.0439989236111       0.246269994560272      -0.152437501490698     
  -36.8759986805556       0.236122514376712      -0.141452819416689     
  -36.7079984375000       0.225711332867699      -0.134545066892237     
  -36.5400014236111       0.215086064586468      -0.130938449646528     
  -36.3720011805556       0.204263482727371      -0.129315270308537     
  -36.2040009375000       0.193222567450876      -0.128304688402191     
  -36.0360006875000       0.181904311014634      -0.126857429215022     
  -35.8680004444444       0.170218410784174      -0.124350886169691     
  -35.7000002013889       0.158059033313322      -0.120474068758843     
  -35.5319999583333       0.145329174343471      -0.115067433032086     
  -35.3639997152778       0.131971052574395      -0.108056928880558     
  -35.1959994652778       0.117996702384037      -9.948053150021478E-002
  -35.0279992222222       0.103510308776161      -8.953363853872420E-002
  -34.8599989791667       8.871469556297956E-002 -7.859495255213422E-002
  -34.6919987361111       7.389764586972533E-002 -6.721747091016797E-002
  -34.5239984930556       5.939998295567624E-002 -5.606623648014809E-002
  -34.3560014791667       4.557305550460659E-002 -4.583135082773019E-002
  -34.1880012361111       3.273638442774858E-002 -3.717814509545039E-002
  -34.0200009930556       2.114560361635557E-002 -3.070980790653951E-002
  -33.8520007500000       1.097636985500644E-002 -2.682722631713080E-002
  -33.6840005000000       2.324516272263206E-003 -2.547188812093907E-002
  -33.5160002569444      -4.781681071431599E-003 -2.595228826827576E-002
  -33.3480000138889      -1.036312148844543E-002 -2.709291581838280E-002
  -33.1799997708333      -1.447084063997611E-002 -2.770595263234525E-002
  -33.0119995277778      -1.717004731119349E-002 -2.710080535730654E-002
  -32.8439992777778      -1.852914992640940E-002 -2.529025483607476E-002
  -32.6759990347222      -1.861451115641261E-002 -2.276073512074543E-002
  -32.5079987916667      -1.749087577974303E-002 -1.998727985814215E-002
  -32.3399985486111      -1.522686016657810E-002 -1.705859654047543E-002
  -32.1720015347222      -1.190441990172332E-002 -1.365753859334496E-002
  -32.0040012916667      -7.630435486093986E-003 -9.311289717877138E-003
  -31.8360010486111      -2.548123395472423E-003 -3.623691407933186E-003
  -31.6680008055556       3.154310227496216E-003  3.679926360979896E-003
  -31.5000005555556       9.239918520441610E-003  1.281785780747509E-002
  -31.3320003125000       1.542540997230034E-002  2.396032063188232E-002
  -31.1640000694444       2.138979397008425E-002  3.712442797732167E-002
  -30.9959998263889       2.678849053722997E-002  5.204572839460194E-002
  -30.8279995833333       3.127184561448330E-002  6.815927814417116E-002
  -30.6599993333333       3.450708084452649E-002  8.474422082842832E-002
  -30.4919990902778       3.620294822425782E-002  0.101153660196325     
  -30.3239988472222       3.613596369580060E-002  0.116976912378593     
  -30.1559986041667       3.417615717353641E-002  0.132030908455791     
  -29.9880015902778       3.030842978548390E-002  0.146206759756549     
  -29.8200013472222       2.464434600658096E-002  0.159299721955709     
  -29.6520011041667       1.741874539613598E-002  0.170945648270625     
  -29.4840008611111       8.967212471576932E-003  0.180683022918961     
  -29.3160006111111      -3.156073120504061E-004  0.188054360260501     
  -29.1480003680556      -1.003154115335869E-002  0.192654543247159     
  -28.9800001250000      -1.983780503373141E-002  0.194129467356184     
  -28.8119998819444      -2.949620085269579E-002  0.192211789060173     
  -28.6439996388889      -3.890084473617932E-002  0.186840346735141     
  -28.4759993958333      -4.807800093361217E-002  0.178282673025223     
  -28.3079991458333      -5.715868972600901E-002  0.167121510244631     
  -28.1399989027778      -6.633099529089828E-002  0.154056463106429     
  -27.9719986597222      -7.578233819589433E-002  0.139639342999894     
  -27.8039984166667      -8.564249156496857E-002  0.124146946810959     
  -27.6360014027778      -9.593660283191330E-002  0.107712581791036     
  -27.4680011597222      -0.106555105491627       9.064735317067327E-002
  -27.3000009166667      -0.117244965598072       7.374035982057488E-002
  -27.1320006736111      -0.127623339538890       5.834062630744034E-002
  -26.9640004236111      -0.137211420542196       4.616272785079440E-002
  -26.7960001805556      -0.145482557099860       3.890040056508547E-002
  -26.6279999375000      -0.151915627404412       3.780107102338333E-002
  -26.4599996944444      -0.156044129637870       4.336290053074682E-002
  -26.2919994513889      -0.157492951008557       5.527495034229319E-002
  -26.1239992013889      -0.155999928109527       7.260163826462157E-002
  -25.9560005763889      -0.151423574369989       9.406943960656829E-002
  -25.7880003333333      -0.143743007752822       0.118287478745624     
  -25.6200000902778      -0.133054454885670       0.143841712928255     
  -25.4519998402778      -0.119567287547572       0.169314129691456     
  -25.2839995972222      -0.103598878254382       0.193305403334937     
  -25.1159993541667      -8.556575494452764E-002  0.214503231399973     
  -24.9480007291667      -6.596940028131394E-002  0.231792992545949     
  -24.7800004791667      -4.537614938165519E-002  0.244372795954258     
  -24.6120002361111      -2.439170748939659E-002  0.251826587814074     
  -24.4439999930556      -3.631055020489812E-003  0.254137198460020     
  -24.2759997500000       1.631524927956094E-002  0.251670596567646     
  -24.1079995069444       3.491603765990680E-002  0.245163784719392     
  -23.9399992569444       5.173133284735359E-002  0.235665969055531     
  -23.7720006319444       6.643520102728401E-002  0.224344707203213     
  -23.6040003888889       7.882498614491611E-002  0.212188001368897     
  -23.4360001458333       8.881631207156584E-002  0.199784803831923     
  -23.2679999027778       9.642718140142156E-002  0.187330617369690     
  -23.0999996527778       0.101757029257740       0.174819553701446     
  -22.9319994097222       0.104965502130384       0.162251822755891     
  -22.7640007847222       0.106254012743493       0.149713463116371     
  -22.5960005416667       0.105850492680421       0.137324828351790     
  -22.4280002916667       0.103997947626548       0.125160401986614     
  -22.2600000486111       0.100946412801620       0.113226379917675     
  -22.0919998055556       9.694746930127848E-002  0.101505912226892     
  -21.9239995625000       9.224938885328807E-002  9.002453818089345E-002
  -21.7559993194444       8.708961842244006E-002  7.885314787588636E-002
  -21.5880006875000       8.168354449655200E-002  6.801840336986513E-002
  -21.4200004444444       7.621023911229573E-002  5.742865739817594E-002
  -21.2520002013889       7.079961540017995E-002  4.693447320224400E-002
  -21.0839999583333       6.552563894576212E-002  3.645165792085845E-002
  -20.9159997083333       6.040893293735402E-002  2.595817474259383E-002
  -20.7479994652778       5.542878774785964E-002  1.532576664101677E-002
  -20.5799992222222       5.054216498057943E-002  4.172932322597978E-003
  -20.4120005972222       4.570569493478410E-002 -8.071228177484157E-003
  -20.2440003472222       4.089625045662187E-002 -2.192123791580118E-002
  -20.0760001041667       3.612600851317744E-002 -3.759719912425866E-002
  -19.9079998611111       3.144894443170962E-002 -5.494356245451722E-002
  -19.7399996180556       2.695765935700319E-002 -7.351806380752778E-002
  -19.5719993750000       2.277199527902845E-002 -9.275755591322744E-002
  -19.4040007430556       1.902221667286376E-002 -0.112109941013721     
  -19.2360005000000       1.582990128292256E-002 -0.131094768220560     
  -19.0680002569444       1.328850855608207E-002 -0.149333367057697     
  -18.9000000138889       1.144517621709457E-002 -0.166592187613164     
  -18.7319997638889       1.028571141093270E-002 -0.182827562900769     
  -18.5639995208333       9.725952352258996E-003 -0.198172073376925     
  -18.3959992777778       9.613294865926167E-003 -0.212826501260761     
  -18.2280006527778       9.740791591653801E-003 -0.226917582427426     
  -18.0600004097222       9.872669099391504E-003 -0.240434543482426     
  -17.8920001597222       9.775763004831290E-003 -0.253272334810170     
  -17.7239999166667       9.248825461196148E-003 -0.265297600744853     
  -17.5559996736111       8.142592159531789E-003 -0.276373091124394     
  -17.3879994305556       6.367721585612885E-003 -0.286382688961019     
  -17.2200007986111       3.892676978152257E-003 -0.295335747098945     
  -17.0520005555556       7.365226554999034E-004 -0.303513725450145     
  -16.8840003125000      -3.039058239048035E-003 -0.311501117044850     
  -16.7160000694444      -7.337098684053466E-003 -0.320016152692502     
  -16.5479998263889      -1.203347467047509E-002 -0.329651961313533     
  -16.3799995763889      -1.698776305920326E-002 -0.340702443548851     
  -16.2119993333333      -2.205679946863065E-002 -0.353129129697565     
  -16.0440007083333      -2.710800435511651E-002 -0.366602592343146     
  -15.8760004652778      -3.202810615726873E-002 -0.380535820077775     
  -15.7080002152778      -3.672411981016005E-002 -0.394101259013374     
  -15.5399999722222      -4.111677329855313E-002 -0.406298039772115     
  -15.3719997291667      -4.512985666669640E-002 -0.416120766573419     
  -15.2039994861111      -4.868021903147148E-002 -0.422788231103180     
  -15.0359992430556      -5.167216130263354E-002 -0.425924300457964     
  -14.8680006111111      -5.399793258802818E-002 -0.425586810570258     
  -14.7000003680556      -5.554363535064720E-002 -0.422112549719229     
  -14.5320001250000      -5.619988440339571E-002 -0.415889800346503     
  -14.3639998819444      -5.587611224853822E-002 -0.407279766922202     
  -14.1959996319444      -5.451951104201613E-002 -0.396757746423723     
  -14.0279993888889      -5.213384705009828E-002 -0.385067131588006     
  -13.8600007638889      -4.879215526915227E-002 -0.373151092031266     
  -13.6920005208333      -4.462288428511554E-002 -0.361906505552828     
  -13.5240002708333      -3.979210213632636E-002 -0.351968627133791     
  -13.3560000277778      -3.452014375785839E-002 -0.343566922792238     
  -13.1879997847222      -2.907092461737096E-002 -0.336427065799353     
  -13.0200003472222      -2.349950212018417E-002 -0.330380319472050     
  -12.8520001041667      -1.784151000631409E-002 -0.326456747073009     
  -12.6839998611111      -1.307601783273321E-002 -0.329142332035577     
  -12.5159996180556      -1.255127070561515E-002 -0.377361261651411     
  -12.3480001805556      -3.598778498050384E-002  -1.90446709524471     
  -12.1799999375000      -0.672272038813821       -9.41206326807122     
  -12.0119996944444       -5.22926653243746       -8.14869037259257     
  -11.8440002569444       -3.86052912986696       -5.17924834689707     
  -11.6760000138889       -2.22570994811078       -2.67296953195855     
  -11.5079997638889       -1.07526670116629       -1.15598566304084     
  -11.3400003333333      -0.178285950425702      -6.366936021953873E-002
  -11.1720000833333       0.654748764540330        1.08675793857984     
  -11.0039998402778        1.75064118565982        2.56588023889143     
  -10.8359995972222        3.33111454060813        4.08286428432903     
  -10.6680001597222        2.03630931709828        2.61034959765258     
  -10.4999999166667      -0.118172186310227      -6.513689245882133E-002
  -10.3319996736111      -0.171920972957659      -0.107678994366572     
  -10.1640002361111      -0.164471945250780      -0.119441913868734     
  -9.99599999305556      -0.148162305955990      -0.142213074086330     
  -9.82799975000000      -0.134413334817625      -0.149104617388787     
  -9.66000031250000      -0.127840006450824      -0.156032709658588     
  -9.49200006944444      -0.125869479028384      -0.171855251004594     
  -9.32399981944444      -0.124753126758938      -0.190521038912379     
  -9.15600038888889      -0.117830765605956      -0.191589404269458     
  -8.98800013888889      -0.104297633316247      -0.179938201595592     
  -8.81999989583333      -8.560389719089881E-002 -0.173819265741343     
  -8.65199965277778      -6.782706165038226E-002 -0.170726187712051     
  -8.48400021527778      -5.351597982177055E-002 -0.165415248992907     
  -8.31599997222222      -4.284096545438218E-002 -0.164475562594532     
  -8.14799972916667      -4.099310119185529E-002 -0.172828628832179     
  -7.98000029166667      -4.948605407860236E-002 -0.184594243683001     
  -7.81200004861111      -6.298524020774948E-002 -0.200463092819894     
  -7.64399980555556      -8.159573256371477E-002 -0.218155577281344     
  -7.47600036805556      -0.106083042085414      -0.240035596822250     
  -7.30800012500000      -0.131052338398653      -0.276513555143386     
  -7.13999988194444      -0.153881177378662      -0.312434484779741     
  -6.97199963194444      -0.175757288285797      -0.324587943413789     
  -6.80400019791667      -0.195290008066030      -0.319183004956299     
  -6.63599995347222      -0.207900651751073      -0.314692205590429     
  -6.46800011388889      -0.211324418642250      -0.317153321345737     
  -6.29999986944444      -0.204540314710670      -0.322967480635352     
  -6.13200002916667      -0.188408001591685      -0.324620948280087     
  -5.96400018888889      -0.167586996702420      -0.323215456909723     
  -5.79599994444444      -0.149243085930213      -0.326277020570259     
  -5.62800010416667      -0.135227899078306      -0.331107592056403     
  -5.45999985972222      -0.122418301194913      -0.327604560315822     
  -5.29200001944444      -0.108903764664659      -0.316064233720300     
  -5.12400017916667      -9.761222991644826E-002 -0.302928489651067     
  -4.95599993472222      -9.148162910848927E-002 -0.289046838575225     
  -4.78800009444444      -8.877602961074992E-002 -0.272086102601210     
  -4.61999985000000      -8.646062463928281E-002 -0.257500648688655     
  -4.45200000972222      -8.402858650972501E-002 -0.251192101555686     
  -4.28400016944444      -8.278677193535418E-002 -0.248799137281722     
  -4.11599992500000      -8.352153837555526E-002 -0.244590458293791     
  -3.94800008541667      -8.521474079655682E-002 -0.237580269669678     
  -3.77999984097222      -8.557190616537917E-002 -0.228238109912500     
  -3.61200000069444      -8.403918309512962E-002 -0.217170630787453     
  -3.44400016041667      -8.277176387124684E-002 -0.206586074713542     
  -3.27599991597222      -8.400978269851073E-002 -0.199038174185425     
  -3.10800007569444      -8.753370829808420E-002 -0.192191460019931     
  -2.94000003333333      -9.118976922928639E-002 -0.180695752987439     
  -2.77199999097222      -9.334285234698717E-002 -0.164617189159062     
  -2.60399994861111      -9.418609112954557E-002 -0.150286990440846     
  -2.43599990625000      -9.477182366228350E-002 -0.141998343551671     
  -2.26800006597222      -9.545335470493520E-002 -0.137522497702819     
  -2.10000002361111      -9.555564576241775E-002 -0.131925930923358     
  -1.93199998125000      -9.417688757829608E-002 -0.124419931507915     
  -1.76399993888889      -9.128446603408226E-002 -0.119233841436979     
  -1.59599999791667      -8.776186482268691E-002 -0.119052328004003     
  -1.42799995555556      -8.437311044138779E-002 -0.120702916728148     
  -1.26000001458333      -8.094662367396639E-002 -0.119107430030177     
  -1.09199997222222      -7.686150313639142E-002 -0.113642490197966     
 -0.924000030555556      -7.221615693074493E-002 -0.108791785172487     
 -0.755999988194444      -6.820241085931437E-002 -0.107675881864393     
 -0.587999996527778      -6.604502849601114E-002 -0.107955244418840     
 -0.420000004722222      -6.563781714561964E-002 -0.106072493109943     
 -0.251999987708333      -6.557156724974517E-002 -0.101972088922379     
 -8.400000222222222E-002 -6.455360672882278E-002 -9.799724251403155E-002
  8.400000222222222E-002 -6.242831535658164E-002 -9.487740791831806E-002
  0.251999987708333      -5.994278939528319E-002 -9.097491863177468E-002
  0.420000004722222      -5.783647319810721E-002 -8.519755814993485E-002
  0.587999996527778      -5.624856485771575E-002 -7.880134147818324E-002
  0.755999988194444      -5.494782290768811E-002 -7.400918713834347E-002
  0.924000030555556      -5.379777183849863E-002 -7.152934488172567E-002
   1.09199997222222      -5.285897607705389E-002 -7.002724771112734E-002
   1.26000001458333      -5.222206346377201E-002 -6.820826961594263E-002
   1.42799995555556      -5.181945242216288E-002 -6.657160485063804E-002
   1.59599999791667      -5.166038450964083E-002 -6.698116782248981E-002
   1.76399993888889      -5.208808702834627E-002 -7.092578197702447E-002
   1.93199998125000      -5.371750080576034E-002 -7.881807739225098E-002
   2.10000002361111      -5.709535677574010E-002 -9.259000718845173E-002
   2.26800006597222      -6.262336500305873E-002 -0.115551096636240     
   2.43599990625000      -7.082959332607369E-002 -0.156616171357064     
   2.60399994861111      -8.340217224633602E-002 -0.226543647292662     
   2.77199999097222      -0.102453254778072      -0.312771178798964     
   2.94000003333333      -0.134514767037710      -0.387281962165350     
   3.10800007569444      -0.187908974576053      -0.450993110865912     
   3.27599991597222      -0.263660876289576      -0.496082195366779     
   3.44400016041667      -0.364749235411320      -0.522009254033559     
   3.61200000069444      -0.488205886724837      -0.541984007292823     
   3.77999984097222      -0.614447848371497      -0.587146478971348     
   3.94800008541667      -0.710816906774943      -0.668979836479429     
   4.11599992500000      -0.761026479164905      -0.748079323385195     
   4.28400016944444      -0.785313842927998      -0.803282784822257     
   4.45200000972222      -0.803816583709293      -0.854802601471758     
   4.61999985000000      -0.828011082176295      -0.912627208373689     
   4.78800009444444      -0.855626064871268      -0.954746573994817     
   4.95599993472222      -0.875560780155100      -0.995469092395693     
   5.12400017916667      -0.894429561333137       -1.03946178832812     
   5.29200001944444      -0.930965981994556       -1.07902336647458     
   5.45999985972222      -0.980549657150294       -1.09397284382549     
   5.62800010416667       -1.00971050013415       -1.08321234492717     
   5.79599994444444       -1.01027802267853       -1.04544189249882     
   5.96400018888889      -0.999051265093463      -0.984930387465804     
   6.13200002916667      -0.991649402189008      -0.922757534984283     
   6.29999986944444      -0.990093077028079      -0.873951240106703     
   6.46800011388889      -0.986731046001420      -0.838060346921182     
   6.63599995347222      -0.976069964450399      -0.811867367980121     
   6.80400019791667      -0.956228997134094      -0.793716277939368     
   6.97199963194444      -0.922897945079977      -0.770166684748003     
   7.13999988194444      -0.881226817991398      -0.742621692702683     
   7.30800012500000      -0.840307242657401      -0.709062892652334     
   7.47600036805556      -0.796770653356984      -0.670698611147763     
   7.64399980555556      -0.750821557175362      -0.624407363422715     
   7.81200004861111      -0.705014756949750      -0.577141323402419     
   7.98000029166667      -0.660850577551932      -0.532269098093967     
   8.14799972916667      -0.612813904599481      -0.491723040832347     
   8.31599997222222      -0.562597841599370      -0.459606158652688     
   8.48400021527778      -0.515590343482962      -0.432367388380686     
   8.65199965277778      -0.475075605183596      -0.402287088910258     
   8.81999989583333      -0.437139226990711      -0.360885075086176     
   8.98800013888889      -0.391974537419014      -0.316197311438466     
   9.15600038888889      -0.339270835539686      -0.274720361859529     
   9.32399981944444      -0.292133484780885      -0.236077507233439     
   9.49200006944444      -0.248792951408028      -0.202918258432856     
   9.66000031250000      -0.205140757495217      -0.175652271143990     
   9.82799975000000      -0.165347739031720      -0.147538025818130     
   9.99599999305556      -0.126252649914147      -0.113638191004885     
   10.1640002361111      -8.636789284246772E-002 -7.423392812893560E-002
   10.3319996736111      -4.689557251193827E-002 -3.227727902003045E-002
   10.4999999166667      -6.480226368533425E-003  5.302120637046792E-003
   10.6680001597222       3.625099914191585E-002  3.845179358295180E-002
   10.8359995972222       8.270300169772074E-002  7.348336139822727E-002
   11.0039998402778       0.129008697349477       0.108811874627963     
   11.1720000833333       0.172866704565372       0.145520494107830     
   11.3400003333333       0.216871708751495       0.177809889770561     
   11.5079997638889       0.258269852837406       0.211572052358159     
   11.6760000138889       0.297733557018618       0.250307369708996     
   11.8440002569444       0.334155225268414       0.293782963460431     
   12.0119996944444       0.367095260669885       0.341109320346578     
   12.1799999375000       0.397321083202710       0.383890778658188     
   12.3480001805556       0.428272294224578       0.422314134267490     
   12.5159996180556       0.461494543541535       0.456073624152210     
   12.6839998611111       0.500128694628023       0.485567986515692     
   12.8520001041667       0.540265788383952       0.520375373591157     
   13.0200003472222       0.585857952311657       0.556634535948495     
   13.1879997847222       0.633492623647892       0.595689106133114     
   13.3560000277778       0.675014219509477       0.639909568976451     
   13.5240002708333       0.720081342334742       0.688382069196166     
   13.6920005208333       0.773028900599424       0.742852552888506     
   13.8600007638889       0.824237683709974       0.793973821573639     
   14.0279993888889       0.873677490688187       0.839244727387979     
   14.1959996319444       0.917292145481699       0.879418486394896     
   14.3639998819444       0.964630089400477       0.915367790067317     
   14.5320001250000        1.01206345158622       0.956476572789800     
   14.7000003680556        1.05162182583653        1.01107839341179     
   14.8680006111111        1.09003508358373        1.07047234860612     
   15.0359992430556        1.13429528329417        1.12084806751786     
   15.2039994861111        1.18166188145569        1.16368909065521     
   15.3719997291667        1.22928361382817        1.19942977068258     
   15.5399999722222        1.27963218691053        1.22286799893200     
   15.7080002152778        1.33685010971950        1.25055788046400     
   15.8760004652778        1.38812476532978        1.27755020854864     
   16.0440007083333        1.43243141092965        1.30675612225526     
   16.2119993333333        1.46800857848122        1.33861406353457     
   16.3799995763889        1.49056434618217        1.37578231500931     
   16.5479998263889        1.50763529479748        1.42529118060561     
   16.7160000694444        1.53373136196041        1.47832323865259     
   16.8840003125000        1.59308795203144        1.52101891973112     
   17.0520005555556        1.67629057778711        1.52666678215597     
   17.2200007986111        1.72657840221634        1.48654968061246     
   17.3879994305556        1.74083866076530        1.43084122095199     
   17.5559996736111        1.74219208764258        1.37604785339283     
   17.7239999166667        1.72504627892856        1.34626339781352     
   17.8920001597222        1.66356100444343        1.35595536864780     
   18.0600004097222        1.60461090789191        1.37669322705159     
   18.2280006527778        1.59710903286487        1.33787862081255     
   18.3959992777778        1.54763159688485        1.26216159287238     
   18.5639995208333        1.43174156942301        1.21590513441596     
   18.7319997638889        1.29371101729584        1.14097021181121     
   18.9000000138889        1.18213525401776       0.962813738818138     
   19.0680002569444        1.08735190847936       0.744142032204197     
   19.2360005000000        1.00523162768557       0.557503864728411     
   19.4040007430556       0.943232273434756       0.421103171673521     
   19.5719993750000       0.848313174141475       0.340524781181086     
   19.7399996180556       0.752207913952098       0.284994962459571     
   19.9079998611111       0.666649125606453       0.241226503231351     
   20.0760001041667       0.575878293214096       0.211724600551090     
   20.2440003472222       0.511516126473774       0.197471496339170     
   20.4120005972222       0.484786549916433       0.188373412041330     
   20.5799992222222       0.469686103756797       0.179976776904844     
   20.7479994652778       0.453610318380159       0.174108115141981     
   20.9159997083333       0.437235723999899       0.172857751697760     
   21.0839999583333       0.424838379448866       0.173063282444778     
   21.2520002013889       0.416983244880270       0.172863927803253     
   21.4200004444444       0.411486466740210       0.172243752332101     
   21.5880006875000       0.406981962469656       0.171347081235609     
   21.7559993194444       0.403020983972814       0.170178666767005     
   21.9239995625000       0.399300026189618       0.168881090036443     
   22.0919998055556       0.395454458235884       0.167954662253205     
   22.2600000486111       0.391197233582779       0.167996279013136     
   22.4280002916667       0.386535192718923       0.169103455435410     
   22.5960005416667       0.381691058016568       0.170700191819123     
   22.7640007847222       0.376859226658632       0.171853574266489     
   22.9319994097222       0.372152843538154       0.171859040295377     
   23.0999996527778       0.367749255024512       0.170680840537620     
   23.2679999027778       0.363923236083017       0.168773559571706     
   23.4360001458333       0.360859289941298       0.166750036511749     
   23.6040003888889       0.358488450078191       0.165122103991114     
   23.7720006319444       0.356483454193422       0.163977973972494     
   23.9399992569444       0.354353425569483       0.162821851666016     
   24.1079995069444       0.351576677426979       0.160904347603118     
   24.2759997500000       0.347817140335593       0.157793165119771     
   24.4439999930556       0.343000229953030       0.153321425285394     
   24.6120002361111       0.337060632480081       0.147137356323932     
   24.7800004791667       0.329721880985816       0.138558356206878     
   24.9480007291667       0.320776276136534       0.127118559157791     
   25.1159993541667       0.310488383169829       0.113603559885338     
   25.2839995972222       0.299549737240980       9.991818778031238E-002
   25.4519998402778       0.288596641215356       8.767666654191289E-002
   25.6200000902778       0.277847233096336       7.777371312629161E-002
   25.7880003333333       0.267040200992273       7.075043630484552E-002
   25.9560005763889       0.255739546812941       6.608149988071735E-002
   26.1239992013889       0.243935077580521       6.194364448534642E-002
   26.2919994513889       0.232231546634000       5.649402108632652E-002
   26.4599996944444       0.221339167166242       4.858525036145569E-002
   26.6279999375000       0.211343497147929       3.799743217971434E-002
   26.7960001805556       0.201752815177724       2.617519519040839E-002
   26.9640004236111       0.192100438991711       1.592208873839722E-002
   27.1320006736111       0.182413078306443       9.212708243787353E-003
   27.3000009166667       0.172881561423680       6.309917460384934E-003
   27.4680011597222       0.163499841535893       6.309897148695171E-003
   27.6360014027778       0.153775471531336       7.271050915337495E-003
   27.8039984166667       0.143515377470623       6.736933962647322E-003
   27.9719986597222       0.133077479353335       2.897306415521126E-003
   28.1399989027778       0.123161874112195      -3.734186586637278E-003
   28.3079991458333       0.114308101259565      -1.043735963567884E-002
   28.4759993958333       0.106680300927490      -1.548072056794459E-002
   28.6439996388889       0.100147159428898      -1.960965822770080E-002
   28.8119998819444       9.411867213268078E-002 -2.569555373031559E-002
   28.9800001250000       8.781586756856950E-002 -3.681828935409812E-002
   29.1480003680556       8.053340770540895E-002 -5.324265578801672E-002
   29.3160006111111       7.169619071924707E-002 -7.276522345849541E-002
   29.4840008611111       6.116800198032003E-002 -9.334650779205410E-002
   29.6520011041667       4.964136437360230E-002 -0.113535844328969     
   29.8200013472222       3.837383875085140E-002 -0.131121984803782     
   29.9880015902778       2.861707775795807E-002 -0.143223550870540     
   30.1559986041667       2.119880158106610E-002 -0.148967884968925     
   30.3239988472222       1.638094963452139E-002 -0.150899586470180     
   30.4919990902778       1.374707532276305E-002 -0.153288440393906     
   30.6599993333333       1.270393239267463E-002 -0.158637689446943     
   30.8279995833333       1.306159301055667E-002 -0.164176138666226     
   30.9959998263889       1.472835060703596E-002 -0.164740986734810     
   31.1640000694444       1.694614072490573E-002 -0.159552001884355     
   31.3320003125000       1.827615989194963E-002 -0.152102913632733     
   31.5000005555556       1.740365146279681E-002 -0.145448553329273     
   31.6680008055556       1.391451183464058E-002 -0.140948153204726     
   31.8360010486111       8.693275641470178E-003 -0.139456488140314     
   32.0040012916667       3.115923792897123E-003 -0.140520046020076     
   32.1720015347222      -2.296819938065900E-003 -0.141223235843578     
   32.3399985486111      -8.063132114898432E-003 -0.138449699673733     
   32.5079987916667      -1.471262736355499E-002 -0.131199926495050     
   32.6759990347222      -2.171942807090533E-002 -0.120227239828665     
   32.8439992777778      -2.790935465438916E-002 -0.109026049044081     
   33.0119995277778      -3.195870491034749E-002 -0.103328022443296     
   33.1799997708333      -3.232271235800976E-002 -0.104869940941142     
   33.3480000138889      -2.764444950796908E-002 -0.108553917777231     
   33.5160002569444      -1.740315170419666E-002 -0.110030419466874     
   33.6840005000000      -2.112416396013415E-003 -0.111021818793662     
   33.8520007500000       1.628515332908550E-002 -0.114049810667529     
   34.0200009930556       3.453947265002279E-002 -0.117541473723169     
   34.1880012361111       4.911984960839198E-002 -0.118088350178023     
   34.3560014791667       5.744744907126781E-002 -0.114493191897567     
   34.5239984930556       5.864252070488537E-002 -0.108678914090197     
   34.6919987361111       5.328616509287761E-002 -0.103412456340902     
   34.8599989791667       4.276339642472933E-002 -0.100000828420171     
   35.0279992222222       2.907553160728052E-002 -9.883612847212740E-002
   35.1959994652778       1.518001606858651E-002 -0.100144790150930     
   35.3639997152778       4.481813906907279E-003 -0.102436601979136     
   35.5319999583333      -9.086706328047618E-004 -0.102069790277163     
   35.7000002013889      -1.221759735239378E-003 -9.653702061361731E-002
   35.8680004444444       1.628682398727928E-003 -8.654517564396019E-002
   36.0360006875000       5.934733752118607E-003 -7.407081201031235E-002
   36.2040009375000       1.144322647786594E-002 -6.105237700139972E-002
   36.3720011805556       1.913540010957297E-002 -5.101729174039275E-002
   36.5400014236111       3.026761244954530E-002 -4.785062808513604E-002
   36.7079984375000       4.511858093003049E-002 -5.072557510349159E-002
   36.8759986805556       6.265103500031594E-002 -5.339517668001385E-002
   37.0439989236111       8.105681987538949E-002 -5.059393308182128E-002
   37.2119991666667       9.787410842056801E-002 -4.415314440646203E-002
   37.3799994097222       0.109686710269531      -3.969223119687119E-002
   37.5479996597222       0.112948702465610      -3.938760967391106E-002
   37.7159999027778       0.105955032263048      -4.139730179204204E-002
   37.8840001458333       9.018154551283472E-002 -4.415504364016247E-002
   38.0520003888889       6.962765086370405E-002 -4.748966785968049E-002
   38.2200006319444       4.894034973403907E-002 -4.829635408667893E-002
   38.3880008819444       3.201506024104050E-002 -4.158680727631475E-002
   38.5560011250000       2.134955271122407E-002 -2.656770158226501E-002
   38.7240013680556       1.747700063766244E-002 -7.387253880557428E-003
   38.8920016111111       1.933480353353824E-002  1.018084651524897E-002
   39.0599986250000       2.571754477960602E-002  2.069037936029558E-002
   39.2279988680556       3.627035335933537E-002  2.113453551335003E-002
   39.3959991111111       5.061019711605740E-002  1.317040622809490E-002
   39.5639993541667       6.720482514051061E-002  1.347987203320280E-003
   39.7319995972222       8.365211347477435E-002 -9.588293449655814E-003
   39.8999998472222       9.770195095916367E-002 -1.772317143763607E-002
   40.0680000902778       0.107721634156092      -2.503939212557844E-002
   40.2360003333333       0.112650100470226      -3.352955759707023E-002
   40.4040005763889       0.111883791838133      -4.195912600074531E-002
   40.5720008194444       0.105511102401509      -4.728173911323469E-002
   40.7400010694444       9.418327604117727E-002 -4.697273048178798E-002
   40.9080013125000       7.930018737457178E-002 -4.028611121977153E-002
   41.0760015555556       6.325685626405068E-002 -2.921473003725518E-002
   41.2439985694444       4.900277345705814E-002 -1.778041569932915E-002
   41.4119988125000       3.910044973734292E-002 -1.003567782535371E-002
   41.5799990555556       3.470593533271878E-002 -8.191727349235969E-003
   41.7479992986111       3.528563637359450E-002 -1.314134567702010E-002
   41.9159995416667       3.952426580136573E-002 -2.474222922733092E-002
   42.0839997916667       4.640987404723484E-002 -3.928587003604541E-002
   42.2520000347222       5.524908255818472E-002 -5.031448424067108E-002
   42.4200002777778       6.502528729931015E-002 -5.302309749801501E-002
   42.5880005208333       7.417218321818198E-002 -4.709163106538763E-002
   42.7560007638889       8.090210997409482E-002 -3.636343994940969E-002
   42.9240010138889       8.395692902830310E-002 -2.624603424595131E-002
   43.0920012569444       8.276513204933930E-002 -1.867452124844006E-002
   43.2600015000000       7.739946086713781E-002 -1.209468840846395E-002
   43.4279985138889       6.866271847370112E-002 -6.995302028689268E-003
   43.5959987569444       5.823636972393095E-002 -6.394709140267330E-003
   43.7639990000000       4.819202332671239E-002 -1.218947345643187E-002
   43.9319992430556       3.997281331628754E-002 -2.225895964017573E-002
   44.0999994861111       3.393831332200248E-002 -3.244253131512733E-002
   44.2679997361111       2.973822197685274E-002 -4.053276241129462E-002
   44.4359999791667       2.641028760088285E-002 -4.560267466167398E-002
   44.6040002222222       2.233585743177812E-002 -4.575638545037419E-002
   44.7720004652778       1.588049619348774E-002 -3.939482684831361E-002
   44.9400007083333       6.722458876475791E-003 -2.750359204142739E-002
   45.1080009513889      -3.364307017096998E-003 -1.308451025811912E-002
   45.2760012013889      -1.121460893895536E-002  2.719789856517173E-004
   45.4440014444444      -1.414744521541450E-002  1.024364758310442E-002
   45.6119984513889      -1.143220462862284E-002  1.648100611216658E-002
   45.7799987013889      -4.729962591680146E-003  1.880977054383854E-002
   45.9479989444444       3.044979650905385E-003  1.639010996892705E-002
   46.1159991875000       9.521841505146981E-003  9.328571497658832E-003
   46.2839994305556       1.359366285240535E-002 -3.739532723556160E-004
   46.4519996736111       1.499628122300290E-002 -9.541769131105139E-003
   46.6199999236111       1.327767702777830E-002 -1.472674862972876E-002
   46.7880001666667       7.962914586338439E-003 -1.393932936809074E-002
   46.9560004097222      -2.642705606159824E-004 -7.516768394608357E-003
   47.1240006527778      -9.258208872781767E-003  9.068953881323344E-004
   47.2920008958333      -1.635024743038565E-002  6.845156555767781E-003
   47.4600011458333      -2.007799621323384E-002  9.245619757651074E-003
   47.6280013888889      -2.044564230333873E-002  1.083706797826971E-002
   47.7959983958333      -1.854637962382783E-002  1.493575067603542E-002
   47.9639986458333      -1.591851680167812E-002  2.249385715708518E-002
   48.1319988888889      -1.416211030032403E-002  3.151091087988445E-002
   48.2999991319444      -1.474718228936413E-002  3.962163594336912E-002
   48.4679993750000      -1.841385569601083E-002  4.614205280769813E-002
   48.6359996180556      -2.548971222845582E-002  5.131425235915889E-002
   48.8039998680556      -3.545868643324821E-002  5.424398624918275E-002
   48.9720001111111      -4.681316605034468E-002  5.314850974390625E-002
   49.1400003541667      -5.697563037161352E-002  4.806182863022447E-002
   49.3080005972222      -6.279755501962644E-002  4.108833595952272E-002
   49.4760008402778      -6.195998325743060E-002  3.381944761242116E-002
   49.6440010902778      -5.384706712942332E-002  2.628741202037944E-002
   49.8120013333333      -4.050706961980775E-002  1.795412830534764E-002
   49.9800015763889      -2.614784069806486E-002  1.020132380631527E-002
   50.1479985833333      -1.609970858116395E-002  6.443299948928249E-003
   50.3159988333333      -1.525397594107222E-002  8.371899779233241E-003
   50.4839990763889      -2.591755480069139E-002  1.268530851136799E-002
   50.6519993194444      -4.690608949103534E-002  1.487129706907930E-002
   50.8199995625000      -7.374971719070735E-002  1.424330160665627E-002
   50.9879998055556      -0.100438928060958       1.390950935268016E-002
   51.1560000555556      -0.120995830928140       1.690249590289764E-002
   51.3240002986111      -0.131429049327100       2.243095134498691E-002
   51.4920005416667      -0.130871324774784       2.513784284281633E-002
   51.6600007847222      -0.121608885769950       2.059048945116722E-002
   51.8280010277778      -0.108083795523444       1.129044222789225E-002
   51.9960012777778      -9.505317524266467E-002  4.662982060118984E-003
   52.1640015208333      -8.657905500262388E-002  6.711468369908751E-003
   52.3319985277778      -8.491654506631556E-002  1.930322988802871E-002
   52.4999987777778      -9.013419542128373E-002  4.243037656447485E-002
   52.6679990208333      -0.100233496723105       7.416431214271586E-002
   52.8359992638889      -0.112189144622455       0.107563181268312     
   53.0039995069444      -0.123305575165443       0.130788075042413     
   53.1719997500000      -0.131920942718849       0.134546758082459     
   53.3400000000000      -0.137655544381745       0.119644022388664     
   53.5080002430556      -0.140821987819595       9.502737509401291E-002
   53.6760004861111      -0.142588647884078       7.121344297563038E-002
   53.8440007291667      -0.143898636718009       5.600427981314064E-002
   54.0120009722222      -0.144494503181846       5.410830997818481E-002
   54.1800012222222      -0.143211763713924       6.473174179759376E-002
   54.3480014652778      -0.139227629047009       8.179283859013767E-002
   54.5160017083333      -0.133762779637933       9.887263947603019E-002
   54.6840019513889      -0.128792568555757       0.111742568903375     
   54.8520021944444      -0.126243720991292       0.118456528746276     
   55.0200024444444      -0.126432188564040       0.118324037521587     
   55.1880026875000      -0.128423791910531       0.113290869472185     
   55.3560029305556      -0.130696253946791       0.108522888684795     
   55.5240031736111      -0.131374507946320       0.109546974492044     
   55.6919969513889      -0.129144871237830       0.118200337016471     
   55.8599971944444      -0.123169849135600       0.131192028481935     
   56.0279974375000      -0.113444090440838       0.143256599950547     
   56.1959976875000      -9.980326062223881E-002  0.150229655619846     
   56.3639979305556      -8.194513434064506E-002  0.151917591537482     
   56.5319981736111      -6.030161214716109E-002  0.153071239754664     
   56.6999984166667      -3.605603452876695E-002  0.158450277494191     
   56.8679986597222      -1.111042528972848E-002  0.169708052796972     
   57.0359989097222       1.327889266857868E-002  0.183680976443904     
   57.2039991527778       3.645780675558417E-002  0.196519485875023     
   57.3719993958333       5.828763230465608E-002  0.205560272869147     
   57.5399996388889       7.901484877097047E-002  0.210077443127885     
   57.7079998819444       9.897701296805812E-002  0.211190952536032     
   57.8760001319444       0.118213288132245       0.210863243681457     
   58.0440003750000       0.135765252428267       0.210252412199772     
   58.2120006180556       0.150312834565650       0.209369177604842     
   58.3800008611111       0.160590340216662       0.207530021519184     
   58.5480011041667       0.166651302813669       0.205123505338067     
   58.7160013541667       0.168953001550373       0.202664546769385     
   58.8840015972222       0.169142158233312       0.200631636959342     
   59.0520018402778       0.168257166277156       0.198218068740187     
   59.2200020833333       0.167549823252719       0.196343289514650     
   59.3880023263889       0.167802747738810       0.194007636027078     
   59.5560025763889       0.168116025090088       0.195976433558770     
   59.7240028194444       0.171732533121103       0.198582561194466     
   59.8920030625000       0.168394504254019       0.200584231096342     
   60.0599968402778                          NaN                     NaN
