  -60.0599968402778                          NaN                     NaN
  -59.8920030625000       8.719502555685111E-003  2.177644924009475E-002
  -59.7240028194444      -5.159400518440305E-002 -8.479689059757944E-002
  -59.5560025763889      -6.472234035488438E-002 -7.739918637144858E-002
  -59.3880023263889      -4.399211208723005E-002 -6.208299724772035E-002
  -59.2200020833333      -3.606588519037770E-002 -6.240148928395346E-002
  -59.0520018402778      -5.416859440769964E-002 -6.378299728576518E-002
  -58.8840015972222      -4.740167655983225E-002 -7.827614103509663E-002
  -58.7160013541667      -3.585175612991540E-002 -6.945519442831048E-002
  -58.5480011041667      -5.373669038797969E-002 -7.760124239474117E-002
  -58.3800008611111      -6.753309722227531E-002 -9.838161458331535E-002
  -58.2120006180556      -5.956587681247726E-002 -0.111375502685721     
  -58.0440003750000      -7.934193636370157E-002 -0.114785173555806     
  -57.8760001319444      -9.431111935430507E-002 -0.150993440004915     
  -57.7079998819444      -8.191103920175181E-002 -0.138061461445735     
  -57.5399996388889      -9.899663798186585E-002 -0.123427772228822     
  -57.3719993958333      -0.135355046360228      -0.192710285703050     
  -57.2039991527778      -0.160601324100312      -0.246712534715706     
  -57.0359989097222      -0.152409166480815      -0.171854096777965     
  -56.8679986597222      -0.188201299890080      -0.259349603523046     
  -56.6999984166667      -0.159039180428203      -0.251522753479120     
  -56.5319981736111      -9.488875627853889E-002 -0.169854752250462     
  -56.3639979305556      -7.979196493211800E-002 -0.172482768882247     
  -56.1959976875000      -7.782696119702814E-002 -0.165199898071217     
  -56.0279974375000      -1.560847777037519E-002 -8.697041352259854E-002
  -55.8599971944444       8.603499309835536E-003 -6.845215142905148E-002
  -55.6919969513889       8.100467325745986E-003 -7.492364413370492E-002
  -55.5240031736111       1.299311064463313E-002 -3.993493984976680E-002
  -55.3560029305556       1.080864777075690E-002 -1.749635485942470E-002
  -55.1880026875000       4.580968136168547E-003 -1.834840175694549E-002
  -55.0200024444444      -8.163706360719998E-004 -2.256682287912383E-002
  -54.8520021944444      -1.427083711473551E-003 -2.351525052161296E-002
  -54.6840019513889       1.681297491201424E-003 -1.988590238397804E-002
  -54.5160017083333       3.366976103832727E-003 -1.237124890766166E-002
  -54.3480014652778       1.342081299529837E-003 -3.712501515941120E-003
  -54.1800012222222      -2.798419006872296E-003  6.698732582310406E-004
  -54.0120009722222      -6.576541706530399E-003 -2.442122604095045E-003
  -53.8440007291667      -8.664271665110204E-003 -9.950094962750754E-003
  -53.6760004861111      -9.024153239123181E-003  7.327452379810959E-002
  -53.5080002430556      -7.655553231610487E-003  0.686089242433426     
  -53.3400000000000       0.280505141383675       0.927702125234220     
  -53.1719997500000       0.902838904954320       0.932093872049695     
  -53.0039995069444       0.926945436990982       0.958080045902376     
  -52.8359992638889       0.913069247262752        1.00155775383632     
  -52.6679990208333       0.955472233828394        1.04868689192413     
  -52.4999987777778        1.02852122922687        1.05561900409775     
  -52.3319985277778        1.08999049765672        1.03265496711065     
  -52.1640015208333        1.10483564907586        1.01715711542989     
  -51.9960012777778        1.07536131943736        1.00276228469435     
  -51.8280010277778        1.01329864175302        1.00695968668997     
  -51.6600007847222       0.963975957523211       0.981702328340352     
  -51.4920005416667       0.938108977119941       0.973618592926919     
  -51.3240002986111       0.944944947257027       0.988186456769934     
  -51.1560000555556       0.985441574822899        1.02691539845709     
  -50.9879998055556        1.01365768425929        1.06848801192274     
  -50.8199995625000        1.01053872062671        1.08928930685434     
  -50.6519993194444        1.00357286137104        1.11481540415931     
  -50.4839990763889       0.986003229536372        1.13236972830593     
  -50.3159988333333       0.967926773709452        1.13434144006223     
  -50.1479985833333       0.961017507301328        1.10463616909903     
  -49.9800015763889       0.961445898077758        1.02600903741499     
  -49.8120013333333       0.951774418467641       0.925282233520913     
  -49.6440010902778       0.934461098843263       0.895028922592947     
  -49.4760008402778       0.931137225273741       0.931843338643391     
  -49.3080005972222       0.935456692474402       0.952441306128291     
  -49.1400003541667       0.960233404674189       0.938270108147252     
  -48.9720001111111       0.993933919547071       0.946684114893547     
  -48.8039998680556        1.01580724602356        1.00237252570938     
  -48.6359996180556        1.00273032883562        1.08325344271573     
  -48.4679993750000       0.976688570647364        1.12151390188994     
  -48.2999991319444       0.980364657472775        1.09756812467674     
  -48.1319988888889        1.00706511685586        1.05202629172109     
  -47.9639986458333        1.03541973024420        1.03024264935607     
  -47.7959983958333        1.04104178742246        1.03284850708288     
  -47.6280013888889        1.01589109931459        1.04926621919434     
  -47.4600011458333       0.983733349067346        1.06860606004617     
  -47.2920008958333       0.957059724184453        1.06613883737528     
  -47.1240006527778       0.952349367863778        1.02525453332936     
  -46.9560004097222       0.974246949499489       0.992938065862723     
  -46.7880001666667       0.997435048076945       0.989675263609887     
  -46.6199999236111        1.00812405791668       0.989336963176659     
  -46.4519996736111        1.00144271726763       0.970737451408208     
  -46.2839994305556       0.998528715828294       0.949914168817423     
  -46.1159991875000        1.00067097896991       0.948964994779227     
  -45.9479989444444       0.986866170460072       0.968110718789231     
  -45.7799987013889       0.963906906478809       0.994788127174717     
  -45.6119984513889       0.953093234725697        1.00245649951918     
  -45.4440014444444       0.957295429588500       0.984992030634992     
  -45.2760012013889       0.975800555849721       0.966503141518082     
  -45.1080009513889        1.01798167513399       0.961792529379917     
  -44.9400007083333        1.03562650651730       0.985568963170390     
  -44.7720004652778       0.618830140236894        1.01237732216962     
  -44.6040002222222       9.983431284319480E-002  0.675548266031473     
  -44.4359999791667      -2.185479492624325E-002  0.159876352537603     
  -44.2679997361111      -2.429891107816949E-002 -3.152324384506681E-003
  -44.0999994861111      -2.419843430619314E-002 -4.955491372194819E-003
  -43.9319992430556      -2.125788202979681E-002 -1.759632269219089E-003
  -43.7639990000000      -1.515951974485438E-002  5.804508679320923E-004
  -43.5959987569444      -6.289686517736140E-003 -9.587027395386531E-003
  -43.4279985138889       4.032673093243154E-003 -5.936091431728623E-002
  -43.2600015000000       1.638261348111012E-002 -0.159268894760969     
  -43.0920012569444       3.546602987405685E-002 -0.256575073710358     
  -42.9240010138889       6.051671057628474E-002 -0.307278110615078     
  -42.7560007638889       8.481867191974300E-002 -0.316342356456802     
  -42.5880005208333       0.105819831352854      -0.300826020901129     
  -42.4200002777778       0.127501260450053      -0.272843425983078     
  -42.2520000347222       0.158139341353110      -0.240080538989170     
  -42.0839997916667       0.206019725853641      -0.207865592956412     
  -41.9159995416667       0.270520537047370      -0.179748148386867     
  -41.7479992986111       0.329676320188333      -0.157110368618857     
  -41.5799990555556       0.343797000850025      -0.138670244867341     
  -41.4119988125000       0.295392480076680      -0.120607863145738     
  -41.2439985694444       0.212643463376939      -9.779072085237062E-002
  -41.0760015555556       0.129204897082590      -6.621930232666866E-002
  -40.9080013125000       5.178787400394327E-002 -2.616140803309125E-002
  -40.7400010694444      -3.211603912136104E-002  1.581494605146970E-002
  -40.5720008194444      -0.140231485708096       4.840084497441208E-002
  -40.4040005763889      -0.284224090823912       6.066035641430922E-002
  -40.2360003333333      -0.446891219931813       4.679277912320639E-002
  -40.0680000902778      -0.556025290923167       7.555494454566726E-003
  -39.8999998472222      -0.536476630831652      -5.060542827875004E-002
  -39.7319995972222      -0.423743554706769      -6.811904425092889E-002
  -39.5639993541667      -0.309354058669889       0.279532697260359     
  -39.3959991111111      -0.155070395869098       0.606331805490345     
  -39.2279988680556       0.136230991730146       0.750070056797630     
  -39.0599986250000       0.434770624901326       0.846544303331595     
  -38.8920016111111       0.636920341690683       0.917711349622072     
  -38.7240013680556       0.830381490556704       0.946574659479411     
  -38.5560011250000        1.07402272076684       0.930982183328809     
  -38.3880008819444        1.30598846058353       0.912411032219440     
  -38.2200006319444        1.33187972989214       0.914246610661305     
  -38.0520003888889        1.18307662065251       0.939739797239606     
  -37.8840001458333        1.02465064722604       0.974496113249712     
  -37.7159999027778       0.906193418758414       0.994752238149402     
  -37.5479996597222       0.828177135987520       0.989360924319163     
  -37.3799994097222       0.777687895791787       0.972133916193690     
  -37.2119991666667       0.749928328997910       0.955140952890094     
  -37.0439989236111       0.747033623459934       0.940786149097058     
  -36.8759986805556       0.754750160717725       0.929856481300333     
  -36.7079984375000       0.721850836316480       0.925512169411239     
  -36.5400014236111       0.617399808856285       0.922347258010828     
  -36.3720011805556       0.504907131532611       0.911066332622938     
  -36.2040009375000       0.444138746961319       0.886720408817969     
  -36.0360006875000       0.412861127926602       0.849468278379588     
  -35.8680004444444       0.410515658792742       0.807507611932738     
  -35.7000002013889       0.441832510236630       0.777719247039213     
  -35.5319999583333       0.517526642640888       0.781843734848818     
  -35.3639997152778       0.670021651554916       0.827760042123958     
  -35.1959994652778       0.957413536479265       0.902125413603513     
  -35.0279992222222        1.41105429223048       0.972464949097612     
  -34.8599989791667        1.83995145593175        1.00800403344746     
  -34.6919987361111        1.90974577605252        1.05620051494036     
  -34.5239984930556        1.81519383628180        1.15861973850826     
  -34.3560014791667        1.63298432765544        1.27216098035817     
  -34.1880012361111        1.44625822869135        1.36793873719002     
  -34.0200009930556        1.35927797936532        1.44291622597470     
  -33.8520007500000        1.41729521508725        1.49012371943315     
  -33.6840005000000        1.59555534737646        1.49712749418821     
  -33.5160002569444        1.85426922633643        1.46485168841494     
  -33.3480000138889        2.13434126114148        1.39982673478007     
  -33.1799997708333        2.33784191035070        1.32727303612046     
  -33.0119995277778        2.41208541995473        1.27288940127940     
  -32.8439992777778        2.30593252576185        1.25297638054701     
  -32.6759990347222        2.03733720844372        1.25505552002956     
  -32.5079987916667        1.72770557504155        1.26621543656699     
  -32.3399985486111        1.47603491876029        1.28364829420129     
  -32.1720015347222        1.36132217765377        1.30363197305899     
  -32.0040012916667        1.43984175106252        1.31113684428142     
  -31.8360010486111        1.72196381017705        1.28165451541413     
  -31.6680008055556        2.10277770922184        1.22093329792886     
  -31.5000005555556        2.42430011001138        1.14528066497040     
  -31.3320003125000        2.53106435077470        1.09222682175887     
  -31.1640000694444        2.34339697054928        1.09125336264891     
  -30.9959998263889        1.93462376236155        1.14356093748047     
  -30.8279995833333        1.57095966596219        1.20888057581684     
  -30.6599993333333        1.34591245372537        1.26138633267024     
  -30.4919990902778        1.25555022640252        1.30600157915397     
  -30.3239988472222        1.33157630075930        1.35077141554364     
  -30.1559986041667        1.59478354088079        1.38264317880181     
  -29.9880015902778        1.98559712031936        1.38330913504375     
  -29.8200013472222        2.33130580969354        1.34933930292397     
  -29.6520011041667        2.44953758973242        1.29569144788140     
  -29.4840008611111        2.28303369643210        1.26872658492347     
  -29.3160006111111        1.91527950201466        1.29527765482775     
  -29.1480003680556        1.57059791370308        1.35036137491049     
  -28.9800001250000        1.33449805540741        1.40260823717811     
  -28.8119998819444        1.20426668823510        1.44439599978547     
  -28.6439996388889        1.23425635946342        1.48223794085783     
  -28.4759993958333        1.45855233803831        1.50720798664889     
  -28.3079991458333        1.82929337555557        1.50075769686273     
  -28.1399989027778        2.21119678934235        1.45084640051849     
  -27.9719986597222        2.42018407098963        1.38134285458388     
  -27.8039984166667        2.36232240234435        1.32999185907067     
  -27.6360014027778        2.09045292290985        1.33014476277988     
  -27.4680011597222        1.80534849315753        1.36915546681522     
  -27.3000009166667        1.62192966788146        1.41308100444462     
  -27.1320006736111        1.45052852010662        1.44607517265967     
  -26.9640004236111        1.35697443037031        1.46640309570779     
  -26.7960001805556        1.42191536037861        1.47441379143890     
  -26.6279999375000        1.66564458117514        1.46898585629186     
  -26.4599996944444        2.04080203195019        1.43730867378070     
  -26.2919994513889        2.44918960866085        1.37707089509804     
  -26.1239992013889        2.70454538864491        1.30434000768425     
  -25.9560005763889        2.58997704238024        1.25562685042100     
  -25.7880003333333        2.12345882484307        1.26077549715901     
  -25.6200000902778        1.65014676379489        1.30226206695300     
  -25.4519998402778        1.34813418504907        1.35017014023424     
  -25.2839995972222        1.16642979974825        1.39407228489793     
  -25.1159993541667        1.10444053361130        1.42693750506222     
  -24.9480007291667        1.21414647475427        1.43173901310354     
  -24.7800004791667        1.49709879879149        1.39518986834018     
  -24.6120002361111        1.88424953077387        1.30215015723439     
  -24.4439999930556        2.24830063384841        1.17940931934971     
  -24.2759997500000        2.40016817667230        1.11601821404549     
  -24.1079995069444        2.21460782737497        1.14115858771366     
  -23.9399992569444        1.76100909572493        1.19925068728227     
  -23.7720006319444        1.31528746167096        1.24061065346060     
  -23.6040003888889        1.00919560250664        1.28184215341904     
  -23.4360001458333       0.839103323039072        1.33608780769070     
  -23.2679999027778       0.846253072811796        1.38785857122059     
  -23.0999996527778        1.06594116896601        1.42274093977849     
  -22.9319994097222        1.47304004147801        1.41828018397525     
  -22.7640007847222        1.96037486477512        1.36153291020128     
  -22.5960005416667        2.33458079687297        1.27693986844726     
  -22.4280002916667        2.41550970048866        1.22181147148409     
  -22.2600000486111        2.14596299346404        1.23167981516617     
  -22.0919998055556        1.62864689667368        1.25470009099256     
  -21.9239995625000        1.24192368202994        1.27180058083406     
  -21.7559993194444        1.05337739986528        1.29182370005876     
  -21.5880006875000        1.04619258307274        1.32062030084564     
  -21.4200004444444        1.23428755076421        1.34485710961322     
  -21.2520002013889        1.61992705260264        1.34411867236732     
  -21.0839999583333        2.10225520059997        1.31129446351598     
  -20.9159997083333        2.42630369382930        1.24745691117833     
  -20.7479994652778        2.42169705000609        1.18873547645609     
  -20.5799992222222        2.15469589690948        1.19006100276020     
  -20.4120005972222        1.77316746702169        1.23985270553272     
  -20.2440003472222        1.44648527664816        1.29725156386716     
  -20.0760001041667        1.20972235339403        1.33969665289842     
  -19.9079998611111        1.12061631942979        1.37349638892405     
  -19.7399996180556        1.24805843933682        1.40185062076776     
  -19.5719993750000        1.59566281085892        1.41541472503576     
  -19.4040007430556        2.09548148443650        1.39315668084444     
  -19.2360005000000        2.62279488992337        1.31753961594317     
  -19.0680002569444        2.95065645857762        1.23416650744660     
  -18.9000000138889        2.74124520165178        1.19737259253311     
  -18.7319997638889        2.04285334047362        1.22342376622181     
  -18.5639995208333        1.38276044790705        1.26528847210755     
  -18.3959992777778        1.03265820622450        1.30342530375044     
  -18.2280006527778       0.879293212510343        1.34127066930022     
  -18.0600004097222       0.887199399926253        1.38386468525554     
  -17.8920001597222        1.05149502233727        1.40948275269675     
  -17.7239999166667        1.34710000288056        1.39526309941632     
  -17.5559996736111        1.75708441550352        1.31667397213225     
  -17.3879994305556        2.22967804543842        1.20211727324880     
  -17.2200007986111        2.59064986267883        1.14724840246515     
  -17.0520005555556        2.43506069739289        1.19370523501584     
  -16.8840003125000        1.79120214693682        1.25410316694473     
  -16.7160000694444        1.21026941063654        1.28096200252446     
  -16.5479998263889       0.898806929772962        1.29753765045467     
  -16.3799995763889       0.760314419159568        1.31685573005956     
  -16.2119993333333       0.778001635356581        1.33505183522670     
  -16.0440007083333       0.969748011692398        1.33093462098649     
  -15.8760004652778        1.30814237063069        1.27619391505390     
  -15.7080002152778        1.72366160488415        1.16269290103225     
  -15.5399999722222        2.12001153382928        1.04941046734731     
  -15.3719997291667        2.29999168472799        1.04193113614977     
  -15.2039994861111        2.07766185848336        1.13341934085451     
  -15.0359992430556        1.50413483679650        1.20851443266696     
  -14.8680006111111        1.03885212301209        1.24575732447916     
  -14.7000003680556       0.831864140785125        1.27269087931501     
  -14.5320001250000       0.841110359347640        1.30283011802040     
  -14.3639998819444        1.08070649324016        1.32280418134704     
  -14.1959996319444        1.55795563869101        1.30958864553480     
  -14.0279993888889        2.15455740134821        1.25458087853550     
  -13.8600007638889        2.59892258060090        1.18311952831032     
  -13.6920005208333        2.66933102880873        1.17542661634160     
  -13.5240002708333        2.28675266426019        1.24607458986745     
  -13.3560000277778        1.63911212863925        1.31012104215730     
  -13.1879997847222        1.16826454339949        1.33277554992628     
  -13.0200003472222       0.890291683626097        1.35010052851393     
  -12.8520001041667       0.780760643731319        1.37504257885823     
  -12.6839998611111       0.842435893601735        1.40914769464433     
  -12.5159996180556        1.07896310158118        1.42820883844718     
  -12.3480001805556        1.49078250937778        1.40458470987941     
  -12.1799999375000        2.04261574014011        1.33728523205118     
  -12.0119996944444        2.52993989773048        1.27001522038469     
  -11.8440002569444        2.51462423908929        1.26307556808881     
  -11.6760000138889        1.77994523911844        1.28444950258035     
  -11.5079997638889        1.09428400329549        1.29184304591721     
  -11.3400003333333       0.749502846305468        1.29539935719895     
  -11.1720000833333       0.599869977046437        1.30555732327900     
  -11.0039998402778       0.603320353096026        1.32214957523418     
  -10.8359995972222       0.765791077132193        1.33165030529321     
  -10.6680001597222        1.08985111532255        1.31087609139455     
  -10.4999999166667        1.60304800287027        1.23873651916300     
  -10.3319996736111        2.32344126873445        1.14256550556553     
  -10.1640002361111        2.79850609374404        1.13547861140617     
  -9.99599999305556        2.32003185760384        1.21577129701634     
  -9.82799975000000        1.36144017353930        1.25771193721182     
  -9.66000031250000       0.760405829172326        1.27140294707705     
  -9.49200006944444       0.508086005777030        1.28983125463866     
  -9.32399981944444       0.437777091021317        1.31537880992732     
  -9.15600038888889       0.520015539014801        1.33077153892181     
  -8.98800013888889       0.745732914336218        1.32063624554424     
  -8.81999989583333        1.09500119429870        1.26492679526951     
  -8.65199965277778        1.56987621977635        1.17940168906607     
  -8.48400021527778        2.11005399988636        1.15411829801788     
  -8.31599997222222        2.43664496134369        1.24645869548809     
  -8.14799972916667        1.90895872526642        1.32667077626907     
  -7.98000029166667        1.08546683867704        1.32669590497845     
  -7.81200004861111       0.711253859619439        1.31570255265148     
  -7.64399980555556       0.628402388883491        1.32189991520972     
  -7.47600036805556       0.745045027181390        1.33791380771154     
  -7.30800012500000        1.07128724049773        1.34278876223738     
  -7.13999988194444        1.56177462956225        1.31925035705066     
  -6.97199963194444        2.04925317043042        1.25558241498451     
  -6.80400019791667        2.35771207500990        1.18943777317893     
  -6.63599995347222        2.32293339985924        1.21389411589651     
  -6.46800011388889        1.80109572381273        1.31404811256709     
  -6.29999986944444        1.22918711637766        1.35822475886169     
  -6.13200002916667       0.891818794036891        1.36090149566378     
  -5.96400018888889       0.714926723418834        1.36062766689271     
  -5.79599994444444       0.675218340089225        1.36745608987679     
  -5.62800010416667       0.773223749736848        1.36628486003426     
  -5.45999985972222        1.01463156247775        1.33023652925354     
  -5.29200001944444        1.43560362846380        1.25217288301666     
  -5.12400017916667        2.06469845364833        1.17779198004626     
  -4.95599993472222        2.61796827081638        1.19028169538256     
  -4.78800009444444        2.19988655129755        1.29929646471321     
  -4.61999985000000        1.24539227645175        1.35749949582009     
  -4.45200000972222       0.693798453061377        1.34769159251983     
  -4.28400016944444       0.473670501301795        1.33284634852913     
  -4.11599992500000       0.416444755289949        1.32900559131921     
  -3.94800008541667       0.497202519628544        1.32705865263576     
  -3.77999984097222       0.706325668888146        1.30153984636175     
  -3.61200000069444        1.00049035896137        1.22308210931854     
  -3.44400016041667        1.38904636433121        1.10927347207365     
  -3.27599991597222        1.93050372474711        1.04927358493643     
  -3.10800007569444        2.28546134239118        1.17260721726834     
  -2.94000003333333        1.74943288696080        1.30951442097238     
  -2.77199999097222       0.980019417426024        1.33415506302240     
  -2.60399994861111       0.618259853908327        1.32962239119983     
  -2.43599990625000       0.499946738421264        1.34050017269976     
  -2.26800006597222       0.543303263450418        1.35866039200996     
  -2.10000002361111       0.743120297914089        1.35516139913130     
  -1.93199998125000        1.06599273672843        1.30960621237527     
  -1.76399993888889        1.42076539022166        1.22236184119297     
  -1.59599999791667        1.74153961806120        1.12294375878749     
  -1.42799995555556        1.95835291322502        1.14749538663544     
  -1.26000001458333        1.71844317084144        1.31632059042841     
  -1.09199997222222        1.17339524196006        1.40281946107513     
 -0.924000030555556       0.820806538757661        1.38980739048872     
 -0.755999988194444       0.626140748833297        1.37117697962960     
 -0.587999996527778       0.596706326384363        1.39261766115016     
 -0.420000004722222       0.648421451150172        1.40199986872804     
 -0.251999987708333       0.974148527003535        1.41737850516620     
 -8.400000222222222E-002   1.60296553401782        1.36462230760027     
  8.400000222222222E-002   3.60052734275703        1.54174279737814     
  0.251999987708333        8.10450378800333        2.08931165791465     
  0.420000004722222        12.4831869642950        3.68290763661162     
  0.587999996527778        15.6714291156953        5.75369404031395     
  0.755999988194444        17.5649239472151        7.30263696822369     
  0.924000030555556        20.3320375938715        10.2531024225645     
   1.09199997222222        21.8848113691151        12.6284018980693     
   1.26000001458333        23.7816457655729        15.3892245073517     
   1.42799995555556        22.8618483833046        16.7174852979853     
   1.59599999791667        20.1236716085272        18.0844895250978     
   1.76399993888889        17.4535953107634        18.7019303341537     
   1.93199998125000        17.9535766626163        19.1663994313840     
   2.10000002361111        21.1503899572555        18.4883948220262     
   2.26800006597222        24.0900540941258        16.0939494077832     
   2.43599990625000        26.0997567958069        17.0499604704092     
   2.60399994861111        22.5861114913790        19.9693431649823     
   2.77199999097222        24.1689064231595        22.6206012925870     
   2.94000003333333        43.7587971374623        21.8226425262912     
   3.10800007569444        81.1885725912808        20.3999329508306     
   3.27599991597222        117.522763922834        55.7653339094903     
   3.44400016041667        115.203914806329        75.7175603693237     
   3.61200000069444        83.4698377624903        54.9753062024931     
   3.77999984097222        59.4211649445927        35.2296356885080     
   3.94800008541667        38.4249540181391        23.5414358848999     
   4.11599992500000        24.4714307567769        18.7290947137070     
   4.28400016944444        17.3449046280249        13.8272341359978     
   4.45200000972222        13.0877418516849        10.7947364204753     
   4.61999985000000        10.4349032975123        8.61299958953284     
   4.78800009444444        8.10888930419697        6.93027491674996     
   4.95599993472222        6.49363894171674        6.00963605666585     
   5.12400017916667        5.49314509713632        5.14850922133812     
   5.29200001944444        4.57050581822439        4.33526719813016     
   5.45999985972222        3.77429656210591        3.58904121087286     
   5.62800010416667        3.18663770070282        3.00773002951492     
   5.79599994444444        2.72496990610414        2.54893850247998     
   5.96400018888889        2.33383452971634        2.17921819079663     
   6.13200002916667        2.02153149626807        1.85183531358832     
   6.29999986944444        1.71633471593641        1.58281407855333     
   6.46800011388889        1.48222117697105        1.36446737069476     
   6.63599995347222        1.26422882135983        1.18037794279064     
   6.80400019791667        1.06979823829767        1.01816247323786     
   6.97199963194444       0.910970185929263       0.877080424849941     
   7.13999988194444       0.769037621162729       0.754395217580029     
   7.30800012500000       0.637669124364416       0.630490031661005     
   7.47600036805556       0.516992378479674       0.513078108938525     
   7.64399980555556       0.413613033668821       0.419512181344069     
   7.81200004861111       0.332040189709488       0.336062388593343     
   7.98000029166667       0.252084239322993       0.244675178762552     
   8.14799972916667       0.173350970054214       0.164164248202368     
   8.31599997222222       9.499771809097642E-002  8.742234499517185E-002
   8.48400021527778       1.428549740232506E-002  5.261315353478494E-003
   8.65199965277778      -5.882751361357034E-002 -5.564529883107533E-002
   8.81999989583333      -0.123029677358008      -0.107955758739038     
   8.98800013888889      -0.179408176567480      -0.168788231438959     
   9.15600038888889      -0.234400265834783      -0.235370033741873     
   9.32399981944444      -0.306918341898199      -0.310632587257718     
   9.49200006944444      -0.380817361071878      -0.374732020385154     
   9.66000031250000      -0.453261784355621      -0.444873991728210     
   9.82799975000000      -0.532474124370728      -0.515249791420823     
   9.99599999305556      -0.612485955115361      -0.594318489078394     
   10.1640002361111      -0.702247064139975      -0.689640954225934     
   10.3319996736111      -0.807523651807515      -0.794183715762269     
   10.4999999166667      -0.928763892526835      -0.890336899161327     
   10.6680001597222       -1.06092919420173       -1.00184427304692     
   10.8359995972222       -1.20009657771669       -1.11758258380820     
   11.0039998402778       -1.35559696578565       -1.25366100022352     
   11.1720000833333       -1.52572516683841       -1.40381144058306     
   11.3400003333333       -1.72528756027560       -1.60488674651067     
   11.5079997638889       -1.97335654450065       -1.82683832787309     
   11.6760000138889       -2.26031462737833       -2.08858473259097     
   11.8440002569444       -2.63235429749687       -2.38174147785866     
   12.0119996944444       -3.00160902670649       -2.72778013823799     
   12.1799999375000       -3.38479973998463       -3.16852048671733     
   12.3480001805556       -3.98579600799784       -3.73054106986333     
   12.5159996180556       -4.59782303227203       -4.44210734487726     
   12.6839998611111       -5.26888828172405       -5.24072398025184     
   12.8520001041667       -6.18067885271808       -6.24264413806256     
   13.0200003472222       -7.31284594015328       -7.55655941200929     
   13.1879997847222       -8.74921548322239       -9.06107800381803     
   13.3560000277778       -10.8582873607939       -11.3240994436566     
   13.5240002708333       -13.1825220450791       -13.6261864545818     
   13.6920005208333       -15.8354342329011       -16.6106335896303     
   13.8600007638889       -21.4263687584104       -24.7828056082249     
   14.0279993888889       -28.7262978393891       -31.1486727410708     
   14.1959996319444       -45.8986168957020       -31.4570824515413     
   14.3639998819444       -70.9768885316630       -40.7553994666787     
   14.5320001250000       -89.6087555594857       -55.3634168301357     
   14.7000003680556       -103.449808337352       -73.3317891035609     
   14.8680006111111       -143.557777199551       -90.6798115053236     
   15.0359992430556       -63.3174617191599       -46.7880165998533     
   15.2039994861111       -79.1789125757542       -64.4397828069677     
   15.3719997291667       -138.537050348448       -73.0185168242997     
   15.5399999722222       -52.7191760966220       -71.5373354208821     
   15.7080002152778       -70.4656208282731       -56.5548364714655     
   15.8760004652778       -101.966175244872       -57.6997974641791     
   16.0440007083333       -92.1714519954219       -71.6182605786261     
   16.2119993333333       -59.4086293764754       -87.4150676167908     
   16.3799995763889       -72.5790778276140       -60.8956952562434     
   16.5479998263889       -69.4814242507960       -65.7097298877155     
   16.7160000694444       -42.3563109170198       -52.9967914510022     
   16.8840003125000       -55.0655442536044       -61.3982893964128     
   17.0520005555556       -105.511477009088       -62.3542271605379     
   17.2200007986111       -45.0082253076257       -62.5325787842180     
   17.3879994305556       -57.9307838935178       -99.9738172224894     
   17.5559996736111       -76.5548469225625       -61.9333690477527     
   17.7239999166667       -84.0209611774375       -58.7167211319640     
   17.8920001597222       -46.6121824322831       -51.7835667087664     
   18.0600004097222       -76.2029432277009       -49.9344693543818     
   18.2280006527778       -69.5474213168816       -25.8850434885858     
   18.3959992777778       -2.73900120740703       -4.08924600625206     
   18.5639995208333       -2.55058200702334       -1.27742663884655     
   18.7319997638889       -1.21279538671530       -1.00445353396664     
   18.9000000138889       -1.00148621074992       -1.00049547493853     
   19.0680002569444       -1.00045953281473       -1.00035296279225     
   19.2360005000000       -1.00044509221695       -1.00075180642501     
   19.4040007430556       -1.00049365477108       -1.00037920463789     
   19.5719993750000      -0.999956664665702       -1.00023894346464     
   19.7399996180556       -1.00081164011586      -0.999975840396699     
   19.9079998611111       -1.00034627772366       -1.00080647030889     
   20.0760001041667       -1.00005145042758       -1.00048244133791     
   20.2440003472222       -1.00068564571452       -1.00011474105793     
   20.4120005972222       -1.00046233656397       -1.00083788090024     
   20.5799992222222       -1.00005302296300       -1.00037019514518     
   20.7479994652778      -0.999823143810599       -1.00011140899527     
   20.9159997083333       -1.00063465551223       -1.00078845006699     
   21.0839999583333       -1.00015257824583       -1.00061666680978     
   21.2520002013889       -1.00001459657694       -1.00029419010022     
   21.4200004444444      -0.999816540432590      -0.999834261962584     
   21.5880006875000       -1.00040245999903       -1.00066948743563     
   21.7559993194444       -1.00016172947368       -1.00026764391397     
   21.9239995625000       -1.00080330315789      -0.999921043308962     
   22.0919998055556       -1.00013550637216      -0.999757558766732     
   22.2600000486111      -0.999875640769417       -1.00067185394863     
   22.4280002916667       -1.00081170679448       -1.00040275997708     
   22.5960005416667       -1.00051398643243       -1.00013869545849     
   22.7640007847222       -1.00031100689910      -0.999883612411440     
   22.9319994097222       -1.00021941255000      -0.999753341790243     
   23.0999996527778      -0.999790526667131       -1.00046932792038     
   23.2679999027778      -0.999734355041991       -1.00021429989437     
   23.4360001458333       -1.00058989324160       -1.00005114522791     
   23.6040003888889       -1.00023964541122      -0.999816540432590     
   23.7720006319444      -0.999873044588872       -1.00039692302143     
   23.9399992569444       -1.00071385647795       -1.00032431488036     
   24.1079995069444       -1.00030545617459       -1.00021612993261     
   24.2759997500000       -1.00013974514371      -0.999701099221497     
   24.4439999930556      -0.999854156578184       -1.00046599161712     
   24.6120002361111       -1.00079353848215      -0.999721354003051     
   24.7800004791667       -1.00058746024902       -1.00054985030550     
   24.9480007291667       -1.00037735621224       -1.00009988796108     
   25.1159993541667       -1.00010069320712       -1.00069836998197     
   25.2839995972222      -0.999873910820476       -1.00025037654486     
   25.4519998402778       -1.00075968563642      -0.999872255908838     
   25.6200000902778       -1.00053723656770       -1.00069602537105     
   25.7880003333333       -1.00029660684575       -1.00018152290602     
   25.9560005763889       -1.00012863298522       -1.00066802307946     
   26.1239992013889      -0.999821614843492       -1.00022278119692     
   26.2919994513889      -0.999715744186204      -0.999877846929306     
   26.4599996944444       -1.00059730925451       -1.00052384885341     
   26.6279999375000       -1.00044039320071       -1.00023977021988     
   26.7960001805556       -1.00026888763859       -1.00000193462937     
   26.9640004236111      -0.999938917456954       -1.00069144718771     
   27.1320006736111      -0.999744920598252       -1.00042686093257     
   27.3000009166667       -1.00062162717136       -1.00020486208254     
   27.4680011597222       -1.00043840734060       -1.00003200759717     
   27.6360014027778       -1.00020714033479       -1.00074181376899     
   27.8039984166667       -1.00004038889427       -1.00050759996111     
   27.9719986597222       -1.00073665258216       -1.00020604080621     
   28.1399989027778       -1.00040802467046       -1.00005343220453     
   28.3079991458333       -1.00037031698648      -0.999838809136122     
   28.4759993958333       -1.00014192215633      -0.999693674758288     
   28.6439996388889      -0.999984891851381       -1.00071260015469     
   28.8119998819444      -0.999743774437630       -1.00040943831415     
   28.9800001250000       -1.00074300642031       -1.00022532195334     
   29.1480003680556       -1.00062645790461      -0.999981595687268     
   29.3160006111111       -1.00054259455306      -0.999842188569412     
   29.4840008611111       -1.00035229698704      -0.999898073253597     
   29.6520011041667       -1.00020773026568      -0.999642552763491     
   29.8200013472222      -0.999945839469773      -0.999625605711765     
   29.9880015902778      -0.999976903361478       -1.00056285282404     
   30.1559986041667      -0.999958390475142       -1.00050161043544     
   30.3239988472222      -0.999798547043852       -1.00038887680112     
   30.4919990902778      -0.999967176335124       -1.00007606468401     
   30.6599993333333      -0.999755260674308      -0.999977844400667     
   30.8279995833333       -1.00066542055554      -0.999999965763631     
   30.9959998263889       -1.00067860430083      -0.999817525392337     
   31.1640000694444       -1.00040070382692      -0.999732207677128     
   31.3320003125000       -1.00045592900325      -0.999689082424598     
   31.5000005555556       -1.00018660132820       -1.00056654973709     
   31.6680008055556       -1.00015852953564       -1.00052669258638     
   31.8360010486111       -1.00005425576525       -1.00049389917795     
   32.0040012916667       -1.00004531896823       -1.00053736252974     
   32.1720015347222      -0.999760032742803       -1.00022706261272     
   32.3399985486111      -0.999719289198398       -1.00018816865546     
   32.5079987916667      -0.999675100110239       -1.00026878274073     
   32.6759990347222      -0.999721639011285       -1.00013359602700     
   32.8439992777778       -1.00061466011382      -0.999959718204466     
   33.0119995277778       -1.00056573574867      -0.999980097796877     
   33.1799997708333       -1.00057498619303       -1.00002023256236     
   33.3480000138889       -1.00051336484623      -0.999728534886515     
   33.5160002569444       -1.00068476223999      -0.999615404123184     
   33.6840005000000       -1.00041851251025       -1.00071534572657     
   33.8520007500000       -1.00068037003095       -1.00063786980435     
   34.0200009930556       -1.00060289862162       -1.00061293521951     
   34.1880012361111       -1.00034734500349       -1.00058376779871     
   34.3560014791667       -1.00054770293759       -1.00039076623270     
   34.5239984930556       -1.00046632949940       -1.00046052832482     
   34.6919987361111       -1.00038669002774       -1.00035863138203     
   34.8599989791667       -1.00039844728455       -1.00054535036200     
   35.0279992222222       -1.00055742466970       -1.00055036815894     
   35.1959994652778       -1.00041239923290       -1.00054205859535     
   35.3639997152778       -1.00051618622454       -1.00049063017922     
   35.5319999583333       -1.00046899435951       -1.00043560110468     
   35.7000002013889       -1.00042807586383       -1.00031270455639     
   35.8680004444444       -1.00033402221918       -1.00046272297004     
   36.0360006875000       -1.00064680867330       -1.00049768598780     
   36.2040009375000       -1.00037007424415       -1.00036709597965     
   36.3720011805556       -1.00043591498403       -1.00032869240696     
   36.5400014236111       -1.00032571434778       -1.00034468068342     
   36.7079984375000       -1.00047463801480       -1.00037367891462     
   36.8759986805556       -1.00060180169314       -1.00048702350385     
   37.0439989236111       -1.00036646829308       -1.00035392902407     
   37.2119991666667       -1.00033496239620       -1.00035596701185     
   37.3799994097222       -1.00047902871893       -1.00033214056739     
   37.5479996597222       -1.00038449566049       -1.00043340655862     
   37.7159999027778       -1.00024107957826       -1.00021741522777     
   37.8840001458333      -0.999942161417679       -1.00022188737694     
   38.0520003888889      -0.999752277499043       -1.00000050225648     
   38.2200006319444      -0.999930792246917       -1.00064396407891     
   38.3880008819444       -1.00001634331895       -1.00043211048016     
   38.5560011250000       -1.00079801712529       -1.00040810632541     
   38.7240013680556       -1.00037705540001      -0.999833687865355     
   38.8920016111111       -1.00063651112764       -1.00025269879479     
   39.0599986250000       -1.00055639681376      -0.999589761758989     
   39.2279988680556      -0.999787689516855       -1.00056264190468     
   39.3959991111111      -0.999751055332995       -1.00063546945113     
   39.5639993541667      -0.999907129489256      -0.999597603281346     
   39.7319995972222      -0.999656171347305      -0.999574693134552     
   39.8999998472222      -0.999618738275764       -1.00064418997728     
   40.0680000902778      -0.999802537429349       -1.00063902338565     
   40.2360003333333      -0.999889051191402       -1.00070814482013     
   40.4040005763889      -0.999904224802042      -0.999654880466620     
   40.5720008194444      -0.999841919563176       -1.00063175588707     
   40.7400010694444      -0.999678600675152       -1.00062820333716     
   40.9080013125000      -0.999981388851665       -1.00047610066994     
   41.0760015555556      -0.999919398796459       -1.00065420263912     
   41.2439985694444      -0.999883240665102       -1.00058282699593     
   41.4119988125000      -0.999922949955475      -0.999580823687735     
   41.5799990555556      -0.999935379177562       -1.00072300378786     
   41.7479992986111      -0.999874846143059      -0.999595989503398     
   41.9159995416667      -0.999844663040584       -1.00066857592395     
   42.0839997916667      -0.999679891606889       -1.00066744622739     
   42.2520000347222      -0.999749603365434       -1.00057636774655     
   42.4200002777778      -0.999776392263441       -1.00068020440870     
   42.5880005208333      -0.999857736968914      -0.999642940957323     
   42.7560007638889      -0.999938124423502       -1.00071492885803     
   42.9240010138889      -0.999673920903333       -1.00053067205133     
   43.0920012569444      -0.999934895039254       -1.00056054254391     
   43.2600015000000      -0.999729269485390       -1.00041378389942     
   43.4279985138889       -1.00000738200124       -1.00070604495051     
   43.5959987569444      -0.999935218245117       -1.00047287094006     
   43.7639990000000      -0.999870972097339       -1.00062400416442     
   43.9319992430556      -0.999878397038369       -1.00054439582085     
   44.0999994861111      -0.999813512034686       -1.00048497983416     
   44.2679997361111      -0.999973478466483       -1.00048288074496     
   44.4359999791667      -0.999966374230127      -0.999575660830299     
   44.6040002222222      -0.999794952532342       -1.00067535951478     
   44.7720004652778       -1.00003579736974      -0.999589051916094     
   44.9400007083333      -0.999747342968637       -1.00061366868991     
   45.1080009513889      -0.999660688781337       -1.00051936972783     
   45.2760012013889      -0.999851764494920       -1.00057200796019     
   45.4440014444444       -1.00002288051665       -1.00056425700895     
   45.6119984513889       -1.00002853143799       -1.00049402142622     
   45.7799987013889      -0.999875653406687       -1.00059186872031     
   45.9479989444444      -0.999713455466676       -1.00044494147600     
   46.1159991875000      -0.999830782192835       -1.00046366871945     
   46.2839994305556      -0.999850151373953       -1.00047335513018     
   46.4519996736111      -0.999930213267626       -1.00055117800869     
   46.6199999236111      -0.999827876534390       -1.00050386928460     
   46.7880001666667       -1.00004500029421       -1.00055989731054     
   46.9560004097222      -0.999778651428952       -1.00041281561566     
   47.1240006527778      -0.999887436629174       -1.00029240118756     
   47.2920008958333      -0.999827715630780       -1.00062529611125     
   47.4600011458333      -0.999725719472704       -1.00064483664288     
   47.6280013888889      -0.999877267937203       -1.00063224020536     
   47.7959983958333      -0.999947809998279       -1.00042960523359     
   47.9639986458333      -0.999869035754338       -1.00047771420014     
   48.1319988888889      -0.999859673275446       -1.00045365923490     
   48.2999991319444      -0.999782363987076       -1.00047545418607     
   48.4679993750000      -0.999884853875046       -1.00053357747767     
   48.6359996180556      -0.999966858393838       -1.00065597898837     
   48.8039998680556      -0.999801569367508       -1.00043121997997     
   48.9720001111111      -0.999637454519505       -1.00032758728357     
   49.1400003541667      -0.999608251107818       -1.00029320837566     
   49.3080005972222      -0.999813190235216       -1.00035502719241     
   49.4760008402778      -0.999829651840415       -1.00054762593557     
   49.6440010902778      -0.999951522262240       -1.00049886485694     
   49.8120013333333      -0.999841273252143       -1.00056974759110     
   49.9800015763889      -0.999616640559426       -1.00043896787247     
   50.1479985833333      -0.999626483134838       -1.00045365923490     
   50.3159988333333      -0.999773165090432       -1.00052824953208     
   50.4839990763889      -0.999896476356188       -1.00049838064624     
   50.6519993194444      -0.999719748312955       -1.00064887362291     
   50.8199995625000      -0.999886952529553       -1.00043961431704     
   50.9879998055556      -0.999950393023446       -1.00023155681051     
   51.1560000555556      -0.999850635443879       -1.00036745555197     
   51.3240002986111      -0.999870327095964       -1.00030805707616     
   51.4920005416667      -0.999835463188578       -1.00055876647701     
   51.6600007847222      -0.999813351134930       -1.00051953068988     
   51.8280010277778      -0.999797050872369       -1.00055166226198     
   51.9960012777778      -0.999657946145223       -1.00034308183430     
   52.1640015208333      -0.999899059160354       -1.00032952357769     
   52.3319985277778      -0.999823357841096       -1.00048885478551     
   52.4999987777778      -0.999703450593694       -1.00053325554608     
   52.6679990208333      -0.999843048597814       -1.00053228706959     
   52.8359992638889      -0.999850312283580       -1.00059671294053     
   53.0039995069444      -0.999829974989585       -1.00043606290400     
   53.1719997500000      -0.999804474898533       -1.00043751538648     
   53.3400000000000      -0.999901157864554       -1.00037246022519     
   53.5080002430556      -0.999948939232212       -1.00030515140033     
   53.6760004861111      -0.999958948200228       -1.00033000765220     
   53.8440007291667       -1.00000189222936       -1.00057846716266     
   54.0120009722222      -0.999767516573897       -1.00049143810030     
   54.1800012222222      -0.999856768817991       -1.00035518811040     
   54.3480014652778      -0.999738467708905       -1.00040845701697     
   54.5160017083333      -0.999753476627437       -1.00041830481283     
   54.6840019513889      -0.999953944365921       -1.00050629170547     
   54.8520021944444      -0.999926017004367       -1.00056990856666     
   55.0200024444444      -0.999789626938083       -1.00049192230541     
   55.1880026875000      -0.999832396602594       -1.00039231438420     
   55.3560029305556      -0.999746214114112       -1.00040490578826     
   55.5240031736111      -0.999770098822898       -1.00019363342409     
   55.6919969513889      -0.999831105342613       -1.00053729177588     
   55.8599971944444      -0.999786237460619       -1.00049353721942     
   56.0279974375000      -0.999712809294037       -1.00047319418051     
   56.1959976875000      -0.999857252893258       -1.00038924737328     
   56.3639979305556      -0.999892118067000       -1.00052308259677     
   56.5319981736111      -0.999990106758784       -1.00044171325495     
   56.6999984166667      -0.999703127512677       -1.00046851190528     
   56.8679986597222      -0.999710711248674       -1.00041136319295     
   57.0359989097222      -0.999726848288659       -1.00049321396801     
   57.2039991527778      -0.999883401583605       -1.00038618037804     
   57.3719993958333      -0.999740081870240       -1.00031354397446     
   57.5399996388889      -0.999777199394593       -1.00042621481680     
   57.7079998819444      -0.999759609008246       -1.00043977525771     
   57.8760001319444      -0.999697156577821       -1.00035664039719     
   58.0440003750000      -0.999709582463086       -1.00034840813659     
   58.2120006180556       -1.00070879155461       -1.00034631086590     
   58.3800008611111      -0.999645037425194       -1.00026076750922     
   58.5480011041667       -1.00066776823094       -1.00036083770008     
   58.7160013541667      -0.999638422316520       -1.00030434419616     
   58.8840015972222       -1.00070039211117      -0.999959205689926     
   59.0520018402778       -1.00060607952760      -0.999915493258606     
   59.2200020833333       -1.00050338506986      -0.999870008642349     
   59.3880023263889       -1.00033791649263      -0.999841946441381     
   59.5560025763889       -1.00032209891598       -1.00067749112332     
   59.7240028194444      -0.999689410806128       -1.00005438571761     
   59.8920030625000      -0.999987684509113       -1.00023333190947     
   60.0599968402778       -1.00048177857445       -1.00052282785011     
