  -60.0599968402778       2.031547487168718E-018  2.052039619695091E-018
  -59.8920030625000      -1.008519182694815E-012 -5.347885602554838E-012
  -59.7240028194444       1.376512112953065E-014  4.992355378403748E-014
  -59.5560025763889       4.114438938415331E-015  2.555774232958445E-014
  -59.3880023263889      -3.073081506857455E-015 -1.456439158133183E-016
  -59.2200020833333      -1.756533667914060E-015 -1.081762455497001E-014
  -59.0520018402778      -1.291750460854609E-015 -2.229004762070081E-014
  -58.8840015972222      -1.145173728351911E-015 -3.233929576954068E-014
  -58.7160013541667      -2.957574187134257E-016 -3.806628424270870E-014
  -58.5480011041667       4.131073165300099E-016 -3.876596474736267E-014
  -58.3800008611111       1.484705873820902E-015 -3.294454529062443E-014
  -58.2120006180556       2.340685992719475E-015 -2.247556650296566E-014
  -58.0440003750000       3.217102390311281E-015 -9.694702986990846E-015
  -57.8760001319444       3.960165304593385E-015  1.661591655199820E-015
  -57.7079998819444       4.730970902026989E-015  9.861941233140522E-015
  -57.5399996388889       5.205304449443675E-015  1.477569442133121E-014
  -57.3719993958333       5.196915310818449E-015  1.790002951576232E-014
  -57.2039991527778       4.606590396151452E-015  2.106509455216370E-014
  -57.0359989097222       3.676595233914995E-015  2.555479124749746E-014
  -56.8679986597222       2.558780973316442E-015  3.108563249856452E-014
  -56.6999984166667       1.335030942411725E-015  3.583959911198472E-014
  -56.5319981736111       5.294372464389673E-017  3.699045150281303E-014
  -56.3639979305556      -1.132573839881884E-015  3.258802996942673E-014
  -56.1959976875000      -2.091072800647881E-015  2.283479438002105E-014
  -56.0279974375000      -2.761210339776506E-015  9.561288485816687E-015
  -55.8599971944444      -3.136700844410890E-015 -4.845305056976771E-015
  -55.6919969513889      -3.211164859670251E-015 -1.794297739528513E-014
  -55.5240031736111      -3.000042184503930E-015 -2.780429180218301E-014
  -55.3560029305556      -2.544228487869923E-015 -3.354658116513388E-014
  -55.1880026875000      -1.899624594898658E-015 -3.524110232126341E-014
  -55.0200024444444      -1.122926652594393E-015 -3.340680038222303E-014
  -54.8520021944444      -2.768021142162772E-016 -2.870578686469437E-014
  -54.6840019513889       5.691363060007874E-016 -2.198311272802518E-014
  -54.5160017083333       1.341653892487324E-015 -1.440006084761621E-014
  -54.3480014652778       1.969473496906399E-015 -7.317375756489971E-015
  -54.1800012222222       2.384823508905674E-015 -1.767654894288221E-015
  -54.0120009722222       2.530430877185746E-015  2.229475345591667E-015
  -53.8440007291667       2.373344375552517E-015  5.852354520820267E-015
  -53.6760004861111       1.917389110802020E-015  1.071667936726664E-014
  -53.5080002430556       1.202730377490325E-015  1.753968850803113E-014
  -53.3400000000000       2.934062361485447E-016  2.518340031961116E-014
  -53.1719997500000      -7.372178939564106E-016  3.081572667860317E-014
  -53.0039995069444      -1.813996131057618E-015  3.126791184460940E-014
  -52.8359992638889      -2.860829293154600E-015  2.490113914275459E-014
  -52.6679990208333      -3.799862842895863E-015  1.267937194060195E-014
  -52.4999987777778      -4.553659029991459E-015 -2.438960686801385E-015
  -52.3319985277778      -5.051756107890179E-015 -1.716665746910680E-014
  -52.1640015208333      -5.241278643184910E-015 -2.916555868461695E-014
  -51.9960012777778      -5.098539844169636E-015 -3.731350271976673E-014
  -51.8280010277778      -4.637514369776376E-015 -4.138649381956681E-014
  -51.6600007847222      -3.911143754402871E-015 -4.167761563830780E-014
  -51.4920005416667      -3.004344692692956E-015 -3.875404577196040E-014
  -51.3240002986111      -2.020419908003628E-015 -3.338600596872589E-014
  -51.1560000555556      -1.064842215035005E-015 -2.655452633251446E-014
  -50.9879998055556      -2.302651092877091E-016 -1.936874838448231E-014
  -50.8199995625000       4.139249721940275E-016 -1.282123659677674E-014
  -50.6519993194444       8.258141405920156E-016 -7.480783700045867E-015
  -50.4839990763889       9.887851278810016E-016 -3.318426860827244E-015
  -50.3159988333333       9.049093905694661E-016  1.730716105756975E-016
  -50.1479985833333       5.872041819410512E-016  3.575494498381360E-015
  -49.9800015763889       5.449480309648854E-017  7.064171477981159E-015
  -49.8120013333333      -6.690367770126595E-016  1.011939555310150E-014
  -49.6440010902778      -1.550521766640725E-015  1.159950180080123E-014
  -49.4760008402778      -2.544619561986617E-015  1.019530552790316E-014
  -49.3080005972222      -3.592946756171175E-015  5.113344264259691E-015
  -49.1400003541667      -4.628054630273840E-015 -3.376675401315291E-015
  -48.9720001111111      -5.580124906620602E-015 -1.392278777116838E-014
  -48.8039998680556      -6.383519545223755E-015 -2.463739990284213E-014
  -48.6359996180556      -6.981617870672054E-015 -3.382242613731357E-014
  -48.4679993750000      -7.330099067988750E-015 -4.044112634518243E-014
  -48.2999991319444      -7.400855737609897E-015 -4.417766431595957E-014
  -48.1319988888889      -7.186967347936317E-015 -4.518727147626876E-014
  -47.9639986458333      -6.708200241386312E-015 -4.377860975073523E-014
  -47.7959983958333      -6.014252253245450E-015 -4.026649837220452E-014
  -47.6280013888889      -5.183429267327826E-015 -3.505664849315826E-014
  -47.4600011458333      -4.315330820273637E-015 -2.881570733637300E-014
  -47.2920008958333      -3.518883291353565E-015 -2.251305229265569E-014
  -47.1240006527778      -2.897925858130158E-015 -1.718363914585678E-014
  -46.9560004097222      -2.538155514574769E-015 -1.345305696993255E-014
  -46.7880001666667      -2.498076200842302E-015 -1.116076662338030E-014
  -46.6199999236111      -2.805131054997822E-015 -9.492428014345966E-015
  -46.4519996736111      -3.456291794572302E-015 -7.630550272164183E-015
  -46.2839994305556      -4.420956412175138E-015 -5.452345384109298E-015
  -46.1159991875000      -5.644420069648464E-015 -3.792084351966490E-015
  -45.9479989444444      -7.051097306192406E-015 -4.138349928198754E-015
  -45.7799987013889      -8.548626689801384E-015 -7.923069049726635E-015
  -45.6119984513889      -1.003389640794127E-014 -1.570754256199233E-014
  -45.4440014444444      -1.140159983053489E-014 -2.668350866135879E-014
  -45.2760012013889      -1.255423840837359E-014 -3.883989715726518E-014
  -45.1080009513889      -1.341148847842106E-014 -4.976981266985014E-014
  -44.9400007083333      -1.391727020423254E-014 -5.765395087469516E-014
  -44.7720004652778      -1.404380623951821E-014 -6.183593611207111E-014
  -44.6040002222222      -1.379280233271531E-014 -6.270947906325742E-014
  -44.4359999791667      -1.319374990234992E-014 -6.112281301941882E-014
  -44.2679997361111      -1.229923222839538E-014 -5.777866560616773E-014
  -44.0999994861111      -1.117678032221480E-014 -5.300145274641938E-014
  -43.9319992430556      -9.897961652010216E-015 -4.692329640972261E-014
  -43.7639990000000      -8.526225450535344E-015 -3.983966737893893E-014
  -43.5959987569444      -7.104732700466137E-015 -3.238187199168469E-014
  -43.4279985138889      -5.644048873875694E-015 -2.532584373047602E-014
  -43.2600015000000      -4.108109640752213E-015 -1.917888793868394E-014
  -43.0920012569444      -2.396672452220812E-015 -1.387685644750151E-014
  -42.9240010138889      -3.240846907588431E-016 -8.825564447247048E-015
  -42.7560007638889       2.401808881978341E-015 -3.240330848924096E-015
  -42.5880005208333       6.193962339841804E-015  3.489714759295757E-015
  -42.4200002777778       1.158663888574151E-014  1.169952893352931E-014
  -42.2520000347222       1.921913620717188E-014  2.169888785926785E-014
  -42.0839997916667       2.980743234073055E-014  3.423468291788285E-014
  -41.9159995416667       4.411598000655789E-014  5.092550218061971E-014
  -41.7479992986111       6.294481137589179E-014  7.445917827343407E-014
  -41.5799990555556       8.713760349977889E-014  1.084133048148680E-013
  -41.4119988125000       1.176027798940849E-013  1.566755796981698E-013
  -41.2439985694444       1.553225780305146E-013  2.226705690557242E-013
  -41.0760015555556       2.013303284674341E-013  3.088378798595030E-013
  -40.9080013125000       2.566570391899933E-013  4.167425776218527E-013
  -40.7400010694444       3.222623671934776E-013  5.477235076951297E-013
  -40.5720008194444       3.989828817788631E-013  7.035241610634433E-013
  -40.4040005763889       4.875092401200937E-013  8.863768004530909E-013
  -40.2360003333333       5.883978137301652E-013  1.098461824423101E-012
  -40.0680000902778       7.021188243407341E-013  1.341044162047320E-012
  -39.8999998472222       8.291566035403417E-013  1.613626550464748E-012
  -39.7319995972222       9.701903003668224E-013  1.913324236403945E-012
  -39.5639993541667       1.126367154210689E-012  2.234647345319998E-012
  -39.3959991111111       1.299655027806524E-012  2.569935426390370E-012
  -39.2279988680556       1.493214879123057E-012  2.910723676316448E-012
  -39.0599986250000       1.711723591743826E-012  3.250086885891293E-012
  -38.8920016111111       1.961600356887089E-012  3.585709156821439E-012
  -38.7240013680556       2.251120871759255E-012  3.923127343233119E-012
  -38.5560011250000       2.590465620071050E-012  4.278545631893016E-012
  -38.3880008819444       2.991792180388356E-012  4.680611101856625E-012
  -38.2200006319444       3.469421724398534E-012  5.170679753482526E-012
  -38.0520003888889       4.040203861381309E-012  5.801065082837739E-012
  -37.8840001458333       4.723994725061907E-012  6.630408427856177E-012
  -37.7159999027778       5.543953770900737E-012  7.714981489294918E-012
  -37.5479996597222       6.526049345905085E-012  9.095918030019890E-012
  -37.3799994097222       7.696788493799658E-012  1.078701261510818E-011
  -37.2119991666667       9.078105616286653E-012  1.277361437548165E-011
  -37.0439989236111       1.067856468155209E-011  1.503020086066637E-011
  -36.8759986805556       1.248126543419328E-011  1.754316495734101E-011
  -36.7079984375000       1.443051366741275E-011  2.030349395173393E-011
  -36.5400014236111       1.642133966397232E-011  2.325110561510093E-011
  -36.3720011805556       1.829740219708476E-011  2.621177813317091E-011
  -36.2040009375000       1.986218152362032E-011  2.889969300441578E-011
  -36.0360006875000       2.090580070460272E-011  3.100507039864203E-011
  -35.8680004444444       2.124427542482025E-011  3.229682321021294E-011
  -35.7000002013889       2.076184533048965E-011  3.264556598427931E-011
  -35.5319999583333       1.944219287184882E-011  3.193595871642750E-011
  -35.3639997152778       1.737507974850799E-011  2.992688102595442E-011
  -35.1959994652778       1.473299528293237E-011  2.618639863662426E-011
  -35.0279992222222       1.172636928410613E-011  2.023888075207921E-011
  -34.8599989791667       8.556843222516359E-012  1.191565614222385E-011
  -34.6919987361111       5.387492308151751E-012  1.666157320518738E-012
  -34.5239984930556       2.335002535000229E-012 -9.394591018575066E-012
  -34.3560014791667      -5.248496652570403E-013 -1.975672520413865E-011
  -34.1880012361111      -3.146214892110897E-012 -2.818207843546771E-011
  -34.0200009930556      -5.493865521148382E-012 -3.438401991347451E-011
  -33.8520007500000      -7.514363885797345E-012 -3.864902896098026E-011
  -33.6840005000000      -9.116354738552716E-012 -4.053754078036954E-011
  -33.5160002569444      -1.018834881731103E-011 -3.874344281549235E-011
  -33.3480000138889      -1.065601964456281E-011 -3.288983323255119E-011
  -33.1799997708333      -1.054023183762961E-011 -2.484467639170013E-011
  -33.0119995277778      -9.970182461502291E-012 -1.765598860334974E-011
  -32.8439992777778      -9.143139155383952E-012 -1.365713766098269E-011
  -32.6759990347222      -8.262098153821303E-012 -1.365478602644098E-011
  -32.5079987916667      -7.487674137910068E-012 -1.702361422850673E-011
  -32.3399985486111      -6.917849127130299E-012 -2.222241799937024E-011
  -32.1720015347222      -6.589236326872329E-012 -2.749943546189323E-011
  -32.0040012916667      -6.489899091653642E-012 -3.127251130693489E-011
  -31.8360010486111      -6.577859669064877E-012 -3.248620758136337E-011
  -31.6680008055556      -6.801123604775787E-012 -3.131897222176800E-011
  -31.5000005555556      -7.114334324260478E-012 -2.919547851820935E-011
  -31.3320003125000      -7.488183944542642E-012 -2.770224422979366E-011
  -31.1640000694444      -7.910866941069483E-012 -2.767012034653763E-011
  -30.9959998263889      -8.383706351172273E-012 -2.910100218308768E-011
  -30.8279995833333      -8.914067605318904E-012 -3.148390487485472E-011
  -30.6599993333333      -9.508349069346822E-012 -3.411669829311382E-011
  -30.4919990902778      -1.016710172216827E-011 -3.638539514151658E-011
  -30.3239988472222      -1.088346852534880E-011 -3.797649878279675E-011
  -30.1559986041667      -1.164511948054376E-011 -3.894566840621916E-011
  -29.9880015902778      -1.243863965640849E-011 -3.961366193524164E-011
  -29.8200013472222      -1.325440476081817E-011 -4.037352454926474E-011
  -29.6520011041667      -1.408970245630936E-011 -4.153847075492798E-011
  -29.4840008611111      -1.494863486193775E-011 -4.327879160255357E-011
  -29.3160006111111      -1.583879366461443E-011 -4.559312761771499E-011
  -29.1480003680556      -1.676620469922107E-011 -4.827396675350136E-011
  -28.9800001250000      -1.773092098096190E-011 -5.092728303682500E-011
  -28.8119998819444      -1.872532052072359E-011 -5.311630067384278E-011
  -28.6439996388889      -1.973585016841864E-011 -5.456993012293970E-011
  -28.4759993958333      -2.074722996536769E-011 -5.529661232188632E-011
  -28.3079991458333      -2.174705796224763E-011 -5.551989661789756E-011
  -28.1399989027778      -2.272870716918559E-011 -5.551546599418151E-011
  -27.9719986597222      -2.369145996749290E-011 -5.548357313729765E-011
  -27.8039984166667      -2.463809591539054E-011 -5.550452955465691E-011
  -27.6360014027778      -2.557124308986943E-011 -5.554572675112550E-011
  -27.4680011597222      -2.649004565846156E-011 -5.549846305873667E-011
  -27.3000009166667      -2.738833483732152E-011 -5.525352551880286E-011
  -27.1320006736111      -2.825481254590037E-011 -5.480403724383037E-011
  -26.9640004236111      -2.907505465798675E-011 -5.431732044263110E-011
  -26.7960001805556      -2.983470899338423E-011 -5.411142539171229E-011
  -26.6279999375000      -3.052310608961207E-011 -5.452518466516094E-011
  -26.4599996944444      -3.113654998135790E-011 -5.573771271896402E-011
  -26.2919994513889      -3.168067171618807E-011 -5.762394861712734E-011
  -26.1239992013889      -3.217144803467373E-011 -5.972313072238779E-011
  -25.9560005763889      -3.263461818825369E-011 -6.136219108553827E-011
  -25.7880003333333      -3.310350270184296E-011 -6.190693767113583E-011
  -25.6200000902778      -3.361548161764291E-011 -6.102832305947403E-011
  -25.4519998402778      -3.420757901011758E-011 -5.884597786315070E-011
  -25.2839995972222      -3.491174836040930E-011 -5.588030669281038E-011
  -25.1159993541667      -3.575036617959878E-011 -5.284401828765066E-011
  -24.9480007291667      -3.673239975049009E-011 -5.037283076257288E-011
  -24.7800004791667      -3.785062374749036E-011 -4.882114447907471E-011
  -24.6120002361111      -3.908025321269110E-011 -4.821773575349091E-011
  -24.4439999930556      -4.037959108985652E-011 -4.838161566191203E-011
  -24.2759997500000      -4.169308423005728E-011 -4.909893675365937E-011
  -24.1079995069444      -4.295717028224507E-011 -5.024105956397092E-011
  -23.9399992569444      -4.410843079732845E-011 -5.176666957399417E-011
  -23.7720006319444      -4.509293718178931E-011 -5.363438400178289E-011
  -23.6040003888889      -4.587480141827212E-011 -5.570556230577010E-011
  -23.4360001458333      -4.644186770266428E-011 -5.771989993241636E-011
  -23.2679999027778      -4.680713631008190E-011 -5.937154779562302E-011
  -23.0999996527778      -4.700550309776526E-011 -6.043295005602006E-011
  -22.9319994097222      -4.708673490861951E-011 -6.083615914995663E-011
  -22.7640007847222      -4.710646063467079E-011 -6.066024084418643E-011
  -22.5960005416667      -4.711719636491595E-011 -6.004931519201419E-011
  -22.4280002916667      -4.716117310471500E-011 -5.913190433085449E-011
  -22.2600000486111      -4.726614092093050E-011 -5.799801409034479E-011
  -22.0919998055556      -4.744429726645128E-011 -5.673645007481245E-011
  -21.9239995625000      -4.769389262464694E-011 -5.548850363567140E-011
  -21.7559993194444      -4.800244551097927E-011 -5.446748818016952E-011
  -21.5880006875000      -4.835046121087865E-011 -5.392207132276407E-011
  -21.4200004444444      -4.871487399079176E-011 -5.405725443517498E-011
  -21.2520002013889      -4.907176985900694E-011 -5.495039539148424E-011
  -21.0839999583333      -4.939834817784605E-011 -5.650567917426899E-011
  -20.9159997083333      -4.967404629478299E-011 -5.847441171358664E-011
  -20.7479994652778      -4.988075555917463E-011 -6.053194980759660E-011
  -20.5799992222222      -5.000202199434155E-011 -6.236734719730550E-011
  -20.4120005972222      -5.002159245200794E-011 -6.373887008715999E-011
  -20.2440003472222      -4.992204740969667E-011 -6.448176761246911E-011
  -20.0760001041667      -4.968479342620071E-011 -6.449600617305688E-011
  -19.9079998611111      -4.929253967778190E-011 -6.375235886057874E-011
  -19.7399996180556      -4.873466030139345E-011 -6.232491929960192E-011
  -19.5719993750000      -4.801469220184449E-011 -6.041721569335859E-011
  -19.4040007430556      -4.715788611738068E-011 -5.833932707712855E-011
  -19.2360005000000      -4.621588717080204E-011 -5.642141408567358E-011
  -19.0680002569444      -4.526598506243994E-011 -5.489917062301731E-011
  -18.9000000138889      -4.440367289162895E-011 -5.384231260098149E-011
  -18.7319997638889      -4.372951815307071E-011 -5.317410322895073E-011
  -18.5639995208333      -4.333325035804110E-011 -5.275924955213323E-011
  -18.3959992777778      -4.327888248930620E-011 -5.249118192679485E-011
  -18.2280006527778      -4.359434260007896E-011 -5.232831307455508E-011
  -18.0600004097222      -4.426763772397786E-011 -5.228065175572570E-011
  -17.8920001597222      -4.524969022567985E-011 -5.237845103381689E-011
  -17.7239999166667      -4.646244546906522E-011 -5.264797663931564E-011
  -17.5559996736111      -4.780977036533967E-011 -5.310182351753667E-011
  -17.3879994305556      -4.918882531551144E-011 -5.374161637279634E-011
  -17.2200007986111      -5.050020915937213E-011 -5.456222770518023E-011
  -17.0520005555556      -5.165648347038170E-011 -5.554027369487307E-011
  -16.8840003125000      -5.258940156418265E-011 -5.660649283899869E-011
  -16.7160000694444      -5.325630066998227E-011 -5.763245010966729E-011
  -16.5479998263889      -5.364540372893292E-011 -5.846347909596141E-011
  -16.3799995763889      -5.377894337497595E-011 -5.899038957204958E-011
  -16.2119993333333      -5.371267719887645E-011 -5.921079205665920E-011
  -16.0440007083333      -5.353106346887114E-011 -5.923029813765682E-011
  -15.8760004652778      -5.333827470362288E-011 -5.920161274778269E-011
  -15.7080002152778      -5.324608374024199E-011 -5.925423484237051E-011
  -15.5399999722222      -5.335995445266582E-011 -5.946941527228234E-011
  -15.3719997291667      -5.376488280570211E-011 -5.990187023515518E-011
  -15.2039994861111      -5.451323338726367E-011 -6.060480885939439E-011
  -15.0359992430556      -5.561738920097237E-011 -6.162322274302571E-011
  -14.8680006111111      -5.704976685448665E-011 -6.296164475798235E-011
  -14.7000003680556      -5.875105657456174E-011 -6.456246547916265E-011
  -14.5320001250000      -6.064455949176570E-011 -6.632641250962266E-011
  -14.3639998819444      -6.265200122069150E-011 -6.817608633146772E-011
  -14.1959996319444      -6.470567671457618E-011 -7.012356707520272E-011
  -14.0279993888889      -6.675335003957431E-011 -7.227320520116938E-011
  -13.8600007638889      -6.875562649630738E-011 -7.471096991837047E-011
  -13.6920005208333      -7.067884105782123E-011 -7.732489158669517E-011
  -13.5240002708333      -7.248823037262333E-011 -7.970478559985525E-011
  -13.3560000277778      -7.414560775934918E-011 -8.126550730020008E-011
  -13.1879997847222      -7.561297589437617E-011 -8.157419655388764E-011
  -13.0200003472222      -7.685988099002416E-011 -8.064323626526971E-011
  -12.8520001041667      -7.787045610839480E-011 -7.891518863348373E-011
  -12.6839998611111      -7.864804119246459E-011 -7.693250531763803E-011
  -12.5159996180556      -7.921919730130887E-011 -7.501076764724124E-011
  -12.3480001805556      -7.964112858979000E-011 -7.324453333409074E-011
  -12.1799999375000      -8.001294465186537E-011 -7.182644725140496E-011
  -12.0119996944444      -8.048427170660299E-011 -7.130503529728131E-011
  -11.8440002569444      -8.124993579016019E-011 -7.242661068310220E-011
  -11.6760000138889      -8.252449247671792E-011 -7.562763863615989E-011
  -11.5079997638889      -8.450264669289475E-011 -8.064782591970797E-011
  -11.3400003333333      -8.732248991725864E-011 -8.666977253990666E-011
  -11.1720000833333      -9.104770179346076E-011 -9.288890067752129E-011
  -11.0039998402778      -9.567034517955773E-011 -9.897843505684359E-011
  -10.8359995972222      -1.011201359415968E-010 -1.050257081633482E-010
  -10.6680001597222      -1.072638829709041E-010 -1.110978836245978E-010
  -10.4999999166667      -1.138949451023862E-010 -1.169909484021248E-010
  -10.3319996736111      -1.207330194210120E-010 -1.224545309596048E-010
  -10.1640002361111      -1.274585787095222E-010 -1.275641259207200E-010
  -9.99599999305556      -1.337837160118089E-010 -1.326734709196888E-010
  -9.82799975000000      -1.395300856692809E-010 -1.378713980163239E-010
  -9.66000031250000      -1.446738001655660E-010 -1.425484660437339E-010
  -9.49200006944444      -1.493414616548091E-010 -1.456886922930075E-010
  -9.32399981944444      -1.537792610613999E-010 -1.467266236240645E-010
  -9.15600038888889      -1.583328625301123E-010 -1.460933252181854E-010
  -8.98800013888889      -1.634529470663351E-010 -1.447876027290568E-010
  -8.81999989583333      -1.697040286652381E-010 -1.433028528934660E-010
  -8.65199965277778      -1.777407029443598E-010 -1.409563513115278E-010
  -8.48400021527778      -1.882377570623723E-010 -1.363567623173737E-010
  -8.31599997222222      -2.017959376132559E-010 -1.287472906690423E-010
  -8.14799972916667      -2.188622296767950E-010 -1.192516171225615E-010
  -7.98000029166667      -2.396914734334838E-010 -1.112178208825769E-010
  -7.81200004861111      -2.643541195428909E-010 -1.095820740069176E-010
  -7.64399980555556      -2.927787932895940E-010 -1.197508987405959E-010
  -7.47600036805556      -3.248057955657199E-010 -1.465994004360881E-010
  -7.30800012500000      -3.602163067486222E-010 -1.938626444218152E-010
  -7.13999988194444      -3.986969569987512E-010 -2.637047194252945E-010
  -6.97199963194444      -4.397275840734449E-010 -3.560012652086295E-010
  -6.80400019791667      -4.824378173965415E-010 -4.672224790940588E-010
  -6.63599995347222      -5.255267966298128E-010 -5.895856486409880E-010
  -6.46800011388889      -5.673262762944816E-010 -7.116136052007173E-010
  -6.29999986944444      -6.060045397877512E-010 -8.205722497401123E-010
  -6.13200002916667      -6.398161807583029E-010 -9.055822816193306E-010
  -5.96400018888889      -6.672868091996151E-010 -9.592785428669447E-010
  -5.79599994444444      -6.872887920649868E-010 -9.772872468705166E-010
  -5.62800010416667      -6.990545787912546E-010 -9.572569685482776E-010
  -5.45999985972222      -7.022054836755676E-010 -8.996927843118807E-010
  -5.29200001944444      -6.968245153943267E-010 -8.102852144528131E-010
  -5.12400017916667      -6.835416242206503E-010 -7.007782941263721E-010
  -4.95599993472222      -6.635603024440496E-010 -5.863387088559503E-010
  -4.78800009444444      -6.385677305233347E-010 -4.808427337434090E-010
  -4.61999985000000      -6.105118054914628E-010 -3.933498581416288E-010
  -4.45200000972222      -5.813009803944007E-010 -3.275474477915723E-010
  -4.28400016944444      -5.525300976092697E-010 -2.831982336703214E-010
  -4.11599992500000      -5.253192769242126E-010 -2.575984926274431E-010
  -3.94800008541667      -5.002757794351536E-010 -2.463706664810683E-010
  -3.77999984097222      -4.775243284604300E-010 -2.443386101814572E-010
  -3.61200000069444      -4.567516148641664E-010 -2.468801953062278E-010
  -3.44400016041667      -4.372474368746173E-010 -2.509679530538396E-010
  -3.27599991597222      -4.179482337020327E-010 -2.549692038958777E-010
  -3.10800007569444      -3.975005231121368E-010 -2.572952716183353E-010
  -2.94000003333333      -3.743735070402227E-010 -2.551276156192810E-010
  -2.77199999097222      -3.470355089307117E-010 -2.448540464718147E-010
  -2.60399994861111      -3.141720057010827E-010 -2.245910888803658E-010
  -2.43599990625000      -2.749232299152914E-010 -1.962450756301770E-010
  -2.26800006597222      -2.291767877023963E-010 -1.630559180829640E-010
  -2.10000002361111      -1.779120808336682E-010 -1.225028360451217E-010
  -1.93199998125000      -1.233770238053318E-010 -6.210154789406589E-011
  -1.76399993888889      -6.872489996398977E-011  3.273277345393623E-011
  -1.59599999791667      -1.705371403881533E-011  1.612220960106898E-010
  -1.42799995555556       2.953779500175529E-011  2.981068973068046E-010
  -1.26000001458333       7.000919648812119E-011  4.088804747515980E-010
  -1.09199997222222       1.035369139640539E-010  4.798841748741221E-010
 -0.924000030555556       1.290435892753092E-010  5.308792882862287E-010
 -0.755999988194444       1.464532430126042E-010  5.908995958079445E-010
 -0.587999996527778       1.590856740127746E-010  6.604529612564464E-010
 -0.420000004722222       1.746045059200973E-010  7.043389671788463E-010
 -0.251999987708333       2.025549746721956E-010  6.885187016208136E-010
 -8.400000222222222E-002  2.498383041289391E-010  6.255015683437094E-010
  8.400000222222222E-002  3.177444635058382E-010  5.805228878415095E-010
  0.251999987708333       4.027628570556413E-010  6.257705258263473E-010
  0.420000004722222       5.000647758449121E-010  7.777989118947684E-010
  0.587999996527778       6.070401385193107E-010  9.781747643734233E-010
  0.755999988194444       7.250908682497805E-010  1.151035151078497E-009
  0.924000030555556       8.593533942975001E-010  1.294683198320923E-009
   1.09199997222222       1.015827729402134E-009  1.502743032113523E-009
   1.26000001458333       1.198499885798007E-009  1.874533843842762E-009
   1.42799995555556       1.408899207937550E-009  2.410492848870545E-009
   1.59599999791667       1.650712940749999E-009  3.023139955501069E-009
   1.76399993888889       1.938266178084904E-009  3.636698330505560E-009
   1.93199998125000       2.297397384414499E-009  4.280354744839822E-009
   2.10000002361111       2.772745634700155E-009  5.076308138403827E-009
   2.26800006597222       3.404616631643160E-009  6.189513887213323E-009
   2.43599990625000       4.229901484835484E-009  7.695547667013074E-009
   2.60399994861111       5.255093226080433E-009  9.556204535701132E-009
   2.77199999097222       6.467595266150207E-009  1.170532106670921E-008
   2.94000003333333       7.917580206598203E-009  1.424186732984985E-008
   3.10800007569444       9.652265822422146E-009  1.751596339260136E-008
   3.27599991597222       1.202396165294777E-008  2.215764002621724E-008
   3.44400016041667       1.518528240430892E-008  2.884411231795688E-008
   3.61200000069444       1.954518605659704E-008  3.847984539782787E-008
   3.77999984097222       2.581062510197592E-008  5.155335874776929E-008
   3.94800008541667       3.505282004195210E-008  7.124413645769104E-008
   4.11599992500000       4.980955898397150E-008  9.973016092154211E-008
   4.28400016944444       8.442087909145565E-008  1.317300914434925E-007
   4.45200000972222       1.452019610480067E-007  1.787528242940220E-007
   4.61999985000000       2.406853232252827E-007  2.621293119524995E-007
   4.78800009444444       4.069685027786394E-007  4.141486790829129E-007
   4.95599993472222       7.674115229604467E-007  7.596069686627139E-007
   5.12400017916667       1.294580932731510E-006  1.255912617592688E-006
   5.29200001944444       1.968305479288380E-006  1.811004166559699E-006
   5.45999985972222       2.823542574787139E-006  2.570420412516406E-006
   5.62800010416667       3.875077137704000E-006  3.408201851216656E-006
   5.79599994444444       5.030338794283398E-006  4.347782806146066E-006
   5.96400018888889       6.355321819783326E-006  5.406486656676601E-006
   6.13200002916667       7.673029338647887E-006  7.072540449882780E-006
   6.29999986944444       9.425312130744476E-006  8.962017517259419E-006
   6.46800011388889       1.126073711754500E-005  1.076059045973948E-005
   6.63599995347222       1.368607872599825E-005  1.234865417714438E-005
   6.80400019791667       1.670934408347778E-005  1.283167078412443E-005
   6.97199963194444       1.952057840503866E-005  1.231100697921292E-005
   7.13999988194444       2.042974771245121E-005  1.289465270778124E-005
   7.30800012500000       1.889976892399276E-005  1.369459213095184E-005
   7.47600036805556       1.582776789687799E-005  1.423959994585367E-005
   7.64399980555556       1.246798975896417E-005  1.269488649441409E-005
   7.81200004861111       9.329906602540748E-006  1.028655581264983E-005
   7.98000029166667       6.336555301132995E-006  7.708975046829987E-006
   8.14799972916667       4.895675410552926E-006  4.825301337877111E-006
   8.31599997222222       4.274611301665304E-006  1.923235482690312E-006
   8.48400021527778       3.527263199347266E-006 -1.298422562045269E-006
   8.65199965277778       9.109981731265821E-007 -4.566054954115010E-006
   8.81999989583333      -2.325172603842123E-006 -7.967521079939714E-006
   8.98800013888889      -5.753131937619433E-006 -1.097798605260417E-005
   9.15600038888889      -8.020823174806591E-006 -1.163516611791894E-005
   9.32399981944444      -9.292263375413843E-006 -1.093417815141456E-005
   9.49200006944444      -9.816346043042254E-006 -1.147243956938720E-005
   9.66000031250000      -1.025616426733100E-005 -1.204161270807464E-005
   9.82799975000000      -1.051483438808289E-005 -1.165740460879703E-005
   9.99599999305556      -1.138109319613395E-005 -1.197740082770869E-005
   10.1640002361111      -1.378405932095216E-005 -1.423296770955528E-005
   10.3319996736111      -1.648760542313734E-005 -1.698889070914736E-005
   10.4999999166667      -1.855973304722216E-005 -1.795051235925325E-005
   10.6680001597222      -1.944486111849126E-005 -1.618575776641803E-005
   10.8359995972222      -1.938899785469012E-005 -1.364793219939472E-005
   11.0039998402778      -1.801344762595661E-005 -1.170850389984021E-005
   11.1720000833333      -1.626658746382259E-005 -1.046276324262628E-005
   11.3400003333333      -1.432214701622578E-005 -9.033964524887308E-006
   11.5079997638889      -1.198796118240743E-005 -7.499002376719548E-006
   11.6760000138889      -9.479470926692855E-006 -6.335274220315293E-006
   11.8440002569444      -6.924270608013730E-006 -5.439650319921381E-006
   12.0119996944444      -4.714845964081150E-006 -4.560873550528805E-006
   12.1799999375000      -3.073821392825325E-006 -3.573595043178501E-006
   12.3480001805556      -2.015710308961408E-006 -2.631067006747693E-006
   12.5159996180556      -1.336714643453049E-006 -1.829257706897324E-006
   12.6839998611111      -8.633387776556541E-007 -1.225595028508584E-006
   12.8520001041667      -5.413012549865653E-007 -7.885117578969583E-007
   13.0200003472222      -3.314739845708323E-007 -4.960828185465582E-007
   13.1879997847222      -1.921885843450314E-007 -3.057674612476362E-007
   13.3560000277778      -1.057386629435227E-007 -1.767348024556448E-007
   13.5240002708333      -4.739832282481051E-008 -9.510554632879680E-008
   13.6920005208333      -9.982166389339979E-009 -3.755405852155200E-008
   13.8600007638889       6.471932029973729E-009 -5.560742416914569E-009
   14.0279993888889       9.568690854693895E-009  7.468396512188675E-009
   14.1959996319444       8.725124643692676E-009  1.058961320971962E-008
   14.3639998819444       7.389743366626231E-009  1.033935169942576E-008
   14.5320001250000       6.358422859304110E-009  8.246999447479093E-009
   14.7000003680556       5.311910823119933E-009  6.386751194433175E-009
   14.8680006111111       4.333439534945990E-009  4.977657008576194E-009
   15.0359992430556       3.495058830364776E-009  4.183243077570963E-009
   15.2039994861111       2.880056482212961E-009  3.904366765402744E-009
   15.3719997291667       2.385692770138315E-009  3.691266355585382E-009
   15.5399999722222       1.947626191327537E-009  3.358982189149220E-009
   15.7080002152778       1.572567172680446E-009  2.926310150829632E-009
   15.8760004652778       1.283804807988024E-009  2.608638031411877E-009
   16.0440007083333       1.097572402423062E-009  2.432584326666398E-009
   16.2119993333333       9.898366396117922E-010  2.259193659364146E-009
   16.3799995763889       9.308947673647627E-010  1.962732044125235E-009
   16.5479998263889       9.010841045908816E-010  1.582154276235251E-009
   16.7160000694444       8.904260184651788E-010  1.261893402704024E-009
   16.8840003125000       8.898642915777223E-010  1.082864260445511E-009
   17.0520005555556       8.889783494915206E-010  9.997109380581791E-010
   17.2200007986111       8.794651048867341E-010  9.227647242327254E-010
   17.3879994305556       8.552321453945383E-010  8.193991122659780E-010
   17.5559996736111       8.128385842305950E-010  7.191052149320672E-010
   17.7239999166667       7.526786170603246E-010  6.541837483187160E-010
   17.8920001597222       6.786229548736539E-010  6.226554291611089E-010
   18.0600004097222       5.954925350942602E-010  6.017389665335906E-010
   18.2280006527778       5.078363704794838E-010  5.749001060011790E-010
   18.3959992777778       4.209785654040180E-010  5.396092897082730E-010
   18.5639995208333       3.414246026251816E-010  4.997222929598380E-010
   18.7319997638889       2.747590318858639E-010  4.587774001714229E-010
   18.9000000138889       2.229683006260829E-010  4.183450960605180E-010
   19.0680002569444       1.839309525124590E-010  3.770904083478886E-010
   19.2360005000000       1.533281710135074E-010  3.302306915671776E-010
   19.4040007430556       1.271841983983815E-010  2.724219066143429E-010
   19.5719993750000       1.033804184020209E-010  2.031464510258753E-010
   19.7399996180556       8.164515463264255E-011  1.292468827543574E-010
   19.9079998611111       6.248740184219411E-011  6.128040640963961E-011
   20.0760001041667       4.607139216931423E-011  6.768435951653359E-012
   20.2440003472222       3.191270742717758E-011 -3.343898012477206E-011
   20.4120005972222       1.943992454478655E-011 -6.298979622354979E-011
   20.5799992222222       8.591987125989851E-012 -8.510393857760984E-011
   20.7479994652778      -3.334610124928405E-013 -9.976526764835802E-011
   20.9159997083333      -7.429892896095544E-012 -1.047845991242556E-010
   21.0839999583333      -1.365681388654325E-011 -9.858582915265982E-011
   21.2520002013889      -2.046209498324417E-011 -8.181906212298901E-011
   21.4200004444444      -2.884956262939067E-011 -5.706742492304705E-011
   21.5880006875000      -3.865302787882572E-011 -2.791700052318107E-011
   21.7559993194444      -4.848982123741245E-011  1.452661337663128E-012
   21.9239995625000      -5.632394428508987E-011  2.639601617286633E-011
   22.0919998055556      -6.029181019079964E-011  4.261414565534282E-011
   22.2600000486111      -5.943539798532959E-011  4.785156587767424E-011
   22.4280002916667      -5.405443705007717E-011  4.334149433894253E-011
   22.5960005416667      -4.552600562403800E-011  3.349960766410501E-011
   22.7640007847222      -3.568834129429092E-011  2.352709723405613E-011
   22.9319994097222      -2.612336266039052E-011  1.640360771859327E-011
   23.0999996527778      -1.770759017138737E-011  1.157979056322305E-011
   23.2679999027778      -1.059183624975600E-011  6.411585047836201E-012
   23.4360001458333      -4.492038064353010E-012 -1.047641648180595E-012
   23.6040003888889       9.568506917100162E-013 -1.043122629391768E-011
   23.7720006319444       5.963506458113762E-012 -1.976015041517933E-011
   23.9399992569444       1.049125550745765E-011 -2.722493207070205E-011
   24.1079995069444       1.427356843658202E-011 -3.209154162377945E-011
   24.2759997500000       1.691053875407349E-011 -3.419638506888146E-011
   24.4439999930556       1.802857719537718E-011 -3.314616540314655E-011
   24.6120002361111       1.743434402129609E-011 -2.848035569364151E-011
   24.7800004791667       1.518388277015789E-011 -2.079028460493432E-011
   24.9480007291667       1.155903765952397E-011 -1.261304796447873E-011
   25.1159993541667       7.002201310359987E-012 -7.997246507904893E-012
   25.2839995972222       2.042883646244222E-012 -1.071568626904887E-011
   25.4519998402778      -2.789004711883524E-012 -2.216136065518937E-011
   25.6200000902778      -7.058757504372504E-012 -4.023492946844632E-011
   25.7880003333333      -1.049298609824085E-011 -5.988818833173017E-011
   25.9560005763889      -1.298400253568961E-011 -7.501108570868563E-011
   26.1239992013889      -1.454726143619975E-011 -8.076768743459030E-011
   26.2919994513889      -1.527685193677785E-011 -7.542829104486235E-011
   26.4599996944444      -1.532724171453715E-011 -6.095472176503586E-011
   26.6279999375000      -1.491074738069601E-011 -4.203797577042639E-011
   26.7960001805556      -1.427856613585926E-011 -2.402774967309111E-011
   26.9640004236111      -1.366860330948360E-011 -1.085962175935816E-011
   27.1320006736111      -1.324094154449020E-011 -4.062061111343814E-012
   27.3000009166667      -1.304009909914854E-011 -3.121093610531523E-012
   27.4680011597222      -1.300543896872029E-011 -6.525896926572462E-012
   27.6360014027778      -1.302130115654370E-011 -1.255416048629782E-011
   27.8039984166667      -1.298131954743527E-011 -1.946006303597072E-011
   27.9719986597222      -1.283980480352087E-011 -2.547977540853719E-011
   28.1399989027778      -1.262745410790899E-011 -2.916305546957508E-011
   28.3079991458333      -1.242090771102944E-011 -2.995788778787609E-011
   28.4759993958333      -1.228617900756414E-011 -2.848091236073127E-011
   28.6439996388889      -1.224112774820003E-011 -2.609368886777500E-011
   28.8119998819444      -1.226404389658249E-011 -2.404548918781632E-011
   28.9800001250000      -1.233118292997450E-011 -2.282411506994503E-011
   29.1480003680556      -1.244407284374766E-011 -2.211624974937743E-011
   29.3160006111111      -1.262349400467799E-011 -2.126487780524588E-011
   29.4840008611111      -1.288321445783173E-011 -1.980329215434374E-011
   29.6520011041667      -1.321307503378424E-011 -1.771160802500702E-011
   29.8200013472222      -1.358097644841369E-011 -1.534867057325816E-011
   29.9880015902778      -1.394388016376591E-011 -1.323122542254669E-011
   30.1559986041667      -1.426168244367503E-011 -1.181720834240667E-011
   30.3239988472222      -1.451012943526804E-011 -1.135150099858841E-011
   30.4919990902778      -1.468717623872764E-011 -1.178798803056119E-011
   30.6599993333333      -1.480923602078948E-011 -1.281430601904205E-011
   30.8279995833333      -1.489909144627759E-011 -1.399370380903011E-011
   30.9959998263889      -1.497606115436086E-011 -1.496735706640931E-011
   31.1640000694444      -1.505497919725829E-011 -1.560888616092165E-011
   31.3320003125000      -1.515253329802259E-011 -1.605273294511182E-011
   31.5000005555556      -1.528557685159926E-011 -1.658195340696547E-011
   31.6680008055556      -1.545723969080558E-011 -1.743708001979115E-011
   31.8360010486111      -1.564429041019542E-011 -1.866591992525181E-011
   32.0040012916667      -1.580458416590397E-011 -2.009562405095358E-011
   32.1720015347222      -1.590804481361774E-011 -2.140291621897454E-011
   32.3399985486111      -1.596401830695318E-011 -2.222081994411589E-011
   32.5079987916667      -1.602329772339712E-011 -2.226672040966791E-011
   32.6759990347222      -1.615216816489626E-011 -2.148610204785697E-011
   32.8439992777778      -1.639743514262951E-011 -2.015335843231092E-011
   33.0119995277778      -1.676570293843122E-011 -1.879011928103841E-011
   33.1799997708333      -1.722139783901647E-011 -1.788163210324886E-011
   33.3480000138889      -1.769151497471742E-011 -1.757792638795682E-011
   33.5160002569444      -1.811320581609257E-011 -1.767293288008438E-011
   33.6840005000000      -1.843014091199619E-011 -1.785476247791550E-011
   33.8520007500000      -1.866398484299784E-011 -1.796746115774156E-011
   34.0200009930556      -1.883193940739768E-011 -1.806126721609182E-011
   34.1880012361111      -1.897568650288513E-011 -1.819979413308665E-011
   34.3560014791667      -1.908950987835523E-011 -1.829809897897655E-011
   34.5239984930556      -1.908952123485624E-011 -1.810093830332099E-011
   34.6919987361111      -1.902461644909645E-011 -1.747909895440720E-011
   34.8599989791667      -1.872277575617562E-011 -1.643124985898818E-011
   35.0279992222222      -1.839133701373604E-011 -1.516556291738430E-011
   35.1959994652778      -1.778524908705275E-011 -1.401145942040427E-011
   35.3639997152778      -1.720392340031244E-011 -1.336562656441772E-011
   35.5319999583333      -1.639364071625483E-011 -1.311317970694966E-011
   35.7000002013889      -1.548246581999003E-011 -1.278023284797877E-011
   35.8680004444444      -1.508066353743370E-011 -1.282228302786311E-011
   36.0360006875000      -1.449329402806714E-011 -1.303124164879828E-011
   36.2040009375000      -1.392604502710364E-011 -1.249004241618935E-011
   36.3720011805556      -1.245560192585124E-011 -1.104218411457029E-011
   36.5400014236111      -1.381402419835868E-011 -1.227200670481378E-011
   36.7079984375000      -1.198982357908413E-011 -1.314777262158390E-011
   36.8759986805556      -8.528632105537589E-012 -9.279899506106368E-012
   37.0439989236111      -1.435860414417981E-011 -1.045453721968843E-011
   37.2119991666667      -2.281943451386364E-011 -2.190461571946112E-011
   37.3799994097222       3.672052417598154E-011 -1.718694503918426E-011
   37.5479996597222       1.880404619303112E-010  3.171484807853458E-011
   37.7159999027778       5.508273461367698E-010  1.180668846013330E-010
   37.8840001458333       1.528448926312374E-009 -8.364344733007654E-011
   38.0520003888889      -5.823580011201530E-008 -4.897171922904293E-008
   38.2200006319444      -3.917213578353667E-006 -6.544425430234605E-006
   38.3880008819444      -3.954905447836299E-005 -9.957268109633142E-005
   38.5560011250000      -1.452795381601349E-005 -3.191213315453315E-005
   38.7240013680556       4.042484706404916E-007  3.063848593112237E-007
   38.8920016111111       2.817942561540095E-007  3.482095297599530E-007
   39.0599986250000       8.750061415386112E-009  2.595320955581836E-008
   39.2279988680556       5.199286144200153E-010  4.723638003368069E-011
   39.3959991111111       1.490023867127394E-010 -2.295832232239343E-010
   39.5639993541667      -1.892670846526722E-010 -7.007539977660364E-010
   39.7319995972222       1.275466912099155E-010 -2.429073004261914E-010
   39.8999998472222      -1.716312383028440E-011 -4.384457187736689E-010
   40.0680000902778      -1.744039692713775E-010 -6.865807410298904E-010
   40.2360003333333      -1.440808545149330E-010  9.209803886099568E-011
   40.4040005763889      -1.255471261177987E-010  1.167564512489573E-010
   40.5720008194444      -6.348248868851523E-011  1.887817159396174E-010
   40.7400010694444      -3.804051555768117E-011  5.319181053548754E-011
   40.9080013125000      -6.199800961215967E-012 -3.528998315358595E-011
   41.0760015555556      -1.552823634592668E-012 -7.788584585485645E-011
   41.2439985694444       3.140756319418247E-013 -8.788022540161723E-011
   41.4119988125000       3.102757425342463E-012 -7.530761154424287E-011
   41.5799990555556       4.952633627679331E-012 -1.169148477840332E-010
   41.7479992986111       7.854878299114696E-012 -1.564791518890923E-010
   41.9159995416667       6.663088506668925E-012 -1.595454738715408E-010
   42.0839997916667       3.833516642896530E-013 -1.438832715988122E-010
   42.2520000347222      -1.013871072774341E-011 -8.783688104222370E-011
   42.4200002777778      -2.566352304890727E-011 -4.747522450804834E-011
   42.5880005208333      -4.206960736822492E-011 -1.668012949951786E-011
   42.7560007638889      -5.371861121882991E-011 -2.485302723191548E-013
   42.9240010138889      -5.898007416635647E-011  2.411284454567668E-012
   43.0920012569444      -5.632904895287816E-011 -3.759777418095194E-013
   43.2600015000000      -4.710080685921190E-011 -2.813776419217250E-012
   43.4279985138889      -3.403087681789430E-011 -1.234496140336616E-011
   43.5959987569444      -2.552388657992426E-011 -3.996735791572029E-011
   43.7639990000000      -1.715080708946341E-011 -8.504723424777010E-011
   43.9319992430556      -1.203352198037480E-011 -1.239124698732439E-010
   44.0999994861111      -7.872702550808996E-012 -1.351075699886703E-010
   44.2679997361111      -4.196988624058592E-012 -1.180285692162660E-010
   44.4359999791667      -3.127858115818497E-012 -1.153122131993349E-010
   44.6040002222222      -7.477560399453011E-012 -1.233239245193072E-010
   44.7720004652778      -1.637698991672092E-011 -1.126691630489834E-010
   44.9400007083333      -2.766770622642283E-011 -9.166695094685903E-011
   45.1080009513889      -3.849743739716409E-011 -6.365872510536488E-011
   45.2760012013889      -4.552203700343124E-011 -3.550384575288399E-011
   45.4440014444444      -4.952307958173421E-011 -1.852988286650505E-011
   45.6119984513889      -5.461859124071953E-011 -1.354780076355814E-011
   45.7799987013889      -5.463200049877717E-011 -2.160967656776670E-011
   45.9479989444444      -4.995532627590844E-011 -4.333835882291125E-011
   46.1159991875000      -4.202034417720532E-011 -7.230665828643074E-011
   46.2839994305556      -3.284422815018608E-011 -9.131062310719813E-011
   46.4519996736111      -2.475794606880836E-011 -1.108645149244481E-010
   46.6199999236111      -2.079528514830031E-011 -1.394233418064971E-010
   46.7880001666667      -1.775117876007823E-011 -1.603009967188194E-010
   46.9560004097222      -1.733453768515496E-011 -1.573371773331807E-010
   47.1240006527778      -1.959018313929657E-011 -1.424600354322611E-010
   47.2920008958333      -2.325516322640113E-011 -1.092915011022705E-010
   47.4600011458333      -2.836224938853057E-011 -8.393774648734770E-011
   47.6280013888889      -3.574955958014368E-011 -7.079453704982623E-011
   47.7959983958333      -4.289981079943574E-011 -6.693518717697057E-011
   47.9639986458333      -4.840120884747095E-011 -5.771546553643599E-011
   48.1319988888889      -5.175142371956238E-011 -5.230289952835942E-011
   48.2999991319444      -5.030030113864751E-011 -4.571065642886630E-011
   48.4679993750000      -4.621398238578677E-011 -5.022729437292048E-011
   48.6359996180556      -4.268026413240361E-011 -6.715615773480601E-011
   48.8039998680556      -3.859060537204081E-011 -9.588088671705489E-011
   48.9720001111111      -3.409465122975955E-011 -1.188256642032328E-010
   49.1400003541667      -3.146208691203242E-011 -1.388619330797552E-010
   49.3080005972222      -2.788264997156601E-011 -1.419586710776055E-010
   49.4760008402778      -2.691263398108094E-011 -1.488165127561683E-010
   49.6440010902778      -2.754126505365784E-011 -1.516125593459489E-010
   49.8120013333333      -3.097572985083480E-011 -1.688923846007677E-010
   49.9800015763889      -3.471792579619664E-011 -1.557514699408303E-010
   50.1479985833333      -3.928018018408044E-011 -1.388466190763903E-010
   50.3159988333333      -4.212464550876775E-011 -1.039548387603799E-010
   50.4839990763889      -4.454065856069200E-011 -8.096445241460903E-011
   50.6519993194444      -4.617493991662579E-011 -6.814202735106720E-011
   50.8199995625000      -4.774337545079317E-011 -6.756094214617739E-011
   50.9879998055556      -4.631452336544106E-011 -6.932844125984694E-011
   51.1560000555556      -4.522722282288301E-011 -8.119791954107648E-011
   51.3240002986111      -4.008927569188443E-011 -9.510873195638150E-011
   51.4920005416667      -3.686968079281304E-011 -1.169963181707518E-010
   51.6600007847222      -3.338710022318955E-011 -1.411516166675734E-010
   51.8280010277778      -3.324604747245744E-011 -1.740181039568213E-010
   51.9960012777778      -3.164422703174281E-011 -1.924594937262805E-010
   52.1640015208333      -3.204053648051213E-011 -1.993630048688406E-010
   52.3319985277778      -3.273178129382104E-011 -1.767575446430800E-010
   52.4999987777778      -3.483620439948048E-011 -1.527265458790205E-010
   52.6679990208333      -3.690974192224608E-011 -1.358460671676480E-010
   52.8359992638889      -4.002572848945549E-011 -1.308411181443680E-010
   53.0039995069444      -4.112687377316962E-011 -1.174391907875349E-010
   53.1719997500000      -4.412088575689229E-011 -1.011811119140654E-010
   53.3400000000000      -4.313440263643774E-011 -8.601837302294952E-011
   53.5080002430556      -4.327180107063369E-011 -8.201143430120500E-011
   53.6760004861111      -4.097576313830994E-011 -8.705126024098758E-011
   53.8440007291667      -4.076518374415489E-011 -1.055447192697713E-010
   54.0120009722222      -3.777845766561199E-011 -1.256187885180105E-010
   54.1800012222222      -3.699253391680630E-011 -1.475819982583059E-010
   54.3480014652778      -3.637058854244754E-011 -1.633603206049653E-010
   54.5160017083333      -3.539438294124717E-011 -1.734062240210457E-010
   54.6840019513889      -3.397848189799825E-011 -1.851873550280630E-010
   54.8520021944444      -3.428708023018864E-011 -2.029076822797139E-010
   55.0200024444444      -3.529425851388062E-011 -2.152276371691682E-010
   55.1880026875000      -3.781881416830493E-011 -2.027923952805775E-010
   55.3560029305556      -3.910915448031807E-011 -1.817361977577584E-010
   55.5240031736111      -3.984358458259027E-011 -1.536878161129237E-010
   55.6919969513889      -3.966881368050262E-011 -1.325693930054443E-010
   55.8599971944444      -4.040693975305071E-011 -1.228876031840448E-010
   56.0279974375000      -4.077289377593208E-011 -1.204853364171778E-010
   56.1959976875000      -4.033865140502645E-011 -1.224495171736056E-010
   56.3639979305556      -4.086407744546893E-011 -1.289240155941216E-010
   56.5319981736111      -3.862556939806822E-011 -1.313826534410565E-010
   56.6999984166667      -3.840237978092796E-011 -1.462028410499899E-010
   56.8679986597222      -3.585795449849552E-011 -1.665515026999678E-010
   57.0359989097222      -3.688013629841766E-011 -1.973053494375562E-010
   57.2039991527778      -3.648776517301636E-011 -2.101446940992824E-010
   57.3719993958333      -3.689642355590457E-011 -2.135087385688741E-010
   57.5399996388889      -3.683149415115656E-011 -1.994571309045485E-010
   57.7079998819444      -3.646751686426888E-011 -1.893252961510137E-010
   57.8760001319444      -3.586110895030100E-011 -1.753360656071770E-010
   58.0440003750000      -3.611849007344362E-011 -1.640450595925386E-010
   58.2120006180556      -3.819858642722201E-011 -1.568947515808145E-010
   58.3800008611111      -3.923269681685693E-011 -1.445930795660164E-010
   58.5480011041667      -4.106294031072814E-011 -1.334405058242465E-010
   58.7160013541667      -4.203048537377583E-011 -1.239818223075443E-010
   58.8840015972222      -4.075035820931164E-011 -1.234355685534450E-010
   59.0520018402778      -4.001692783650080E-011 -1.323170067325267E-010
   59.2200020833333      -3.987376580928265E-011 -1.461666387285638E-010
   59.3880023263889      -3.964874335314204E-011 -1.633897065936671E-010
   59.5560025763889      -4.008722321279396E-011 -1.849532820064564E-010
   59.7240028194444      -4.263015647534402E-011 -2.195159316151350E-010
   59.8920030625000      -5.211006911929844E-011 -2.578491823741170E-010
   60.0599968402778      -4.469694582424541E-011 -2.311115370044102E-010
