  -60.0599968402778      -4.369566373363006E-022 -7.617784408531153E-022
  -59.8920030625000      -5.618001299390639E-008 -9.370298370941587E-008
  -59.7240028194444      -4.579719089678719E-009 -7.603212404594873E-009
  -59.5560025763889      -3.634816415339097E-009 -7.707315151258287E-009
  -59.3880023263889      -3.746756555846568E-009 -6.988884055843741E-009
  -59.2200020833333      -3.836155400855339E-009 -6.460440352849001E-009
  -59.0520018402778      -3.675195794333392E-009 -6.420668322804681E-009
  -58.8840015972222      -3.788471573520370E-009 -6.181739508548412E-009
  -58.7160013541667      -3.698973603828584E-009 -5.356986631983160E-009
  -58.5480011041667      -3.758687146348497E-009 -4.096170875852768E-009
  -58.3800008611111      -3.720563641973401E-009 -3.019002892868989E-009
  -58.2120006180556      -3.764494787505565E-009 -2.736513982429907E-009
  -58.0440003750000      -3.792687160301462E-009 -3.216773388804003E-009
  -57.8760001319444      -3.895761093345591E-009 -3.867500132842715E-009
  -57.7079998819444      -4.000312202908334E-009 -4.060727130971556E-009
  -57.5399996388889      -4.117368050537091E-009 -3.781667111516268E-009
  -57.3719993958333      -4.189816329553173E-009 -3.558197385881491E-009
  -57.2039991527778      -4.236041399442780E-009 -3.880530304642608E-009
  -57.0359989097222      -4.260190987426310E-009 -4.588590386720791E-009
  -56.8679986597222      -4.292600644025893E-009 -4.938152060802062E-009
  -56.6999984166667      -4.325016116861440E-009 -4.235239677128367E-009
  -56.5319981736111      -4.346876869569908E-009 -2.501958286201860E-009
  -56.3639979305556      -4.339651188093676E-009 -5.725305050579365E-010
  -56.1959976875000      -4.302441860210529E-009  4.645625926331483E-010
  -56.0279974375000      -4.236250312900777E-009  6.033572634604828E-011
  -55.8599971944444      -4.144995485057353E-009 -1.395496167663472E-009
  -55.6919969513889      -4.029601491103289E-009 -2.857340203781138E-009
  -55.5240031736111      -3.895121508907935E-009 -3.326811014107359E-009
  -55.3560029305556      -3.748862652710870E-009 -2.444640216898581E-009
  -55.1880026875000      -3.599805765613721E-009 -6.434539236526241E-010
  -55.0200024444444      -3.455715535036546E-009  1.140097988867464E-009
  -54.8520021944444      -3.324068725361537E-009  1.989593019557233E-009
  -54.6840019513889      -3.210716360770867E-009  1.490564751261771E-009
  -54.5160017083333      -3.117125195910259E-009 -7.768163596375329E-011
  -54.3480014652778      -3.037324239161448E-009 -1.913286390665786E-009
  -54.1800012222222      -2.959578241766902E-009 -3.091562898909025E-009
  -54.0120009722222      -2.872273133500572E-009 -2.984313852998224E-009
  -53.8440007291667      -2.769835149622535E-009 -1.537268116471750E-009
  -53.6760004861111      -2.653600655469531E-009  7.030475592912125E-010
  -53.5080002430556      -2.528368111229736E-009  2.845203123501039E-009
  -53.3400000000000      -2.399461408839800E-009  4.076728377859335E-009
  -53.1719997500000      -2.273187691355208E-009  4.034118814358573E-009
  -53.0039995069444      -2.157840957420539E-009  2.946327281321658E-009
  -52.8359992638889      -2.061536102044824E-009  1.513223833232165E-009
  -52.6679990208333      -1.987907778836445E-009  5.818546490303751E-010
  -52.4999987777778      -1.934006361008288E-009  7.526068790162862E-010
  -52.3319985277778      -1.891989606363943E-009  2.098993120277793E-009
  -52.1640015208333      -1.852084644703025E-009  4.149048691742610E-009
  -51.9960012777778      -1.804344590279288E-009  6.128904345551986E-009
  -51.8280010277778      -1.739679659975595E-009  7.320834009588004E-009
  -51.6600007847222      -1.651637175786222E-009  7.353720624835877E-009
  -51.4920005416667      -1.538700213935368E-009  6.314852585949237E-009
  -51.3240002986111      -1.405624578739689E-009  4.670264291070343E-009
  -51.1560000555556      -1.263115011292941E-009  3.056393747074806E-009
  -50.9879998055556      -1.126303417337818E-009  2.042434602848264E-009
  -50.8199995625000      -1.012512868508931E-009  1.953285024102370E-009
  -50.6519993194444      -9.382856765000426E-010  2.797976384908395E-009
  -50.4839990763889      -9.158644695469763E-010  4.299630984254078E-009
  -50.3159988333333      -9.500455253844575E-010  5.996847467416722E-009
  -50.1479985833333      -1.036579933246915E-009  7.383847262892714E-009
  -49.9800015763889      -1.162689816328505E-009  8.060439013253968E-009
  -49.8120013333333      -1.309411456394321E-009  7.857882416259938E-009
  -49.6440010902778      -1.455039574113564E-009  6.897145962721702E-009
  -49.4760008402778      -1.578969804154680E-009  5.544625080081339E-009
  -49.3080005972222      -1.665273607542940E-009  4.272202283538002E-009
  -49.1400003541667      -1.705163179854476E-009  3.483613926835886E-009
  -48.9720001111111      -1.697452053624282E-009  3.391875836195599E-009
  -48.8039998680556      -1.646799211552637E-009  3.995835838005624E-009
  -48.6359996180556      -1.560887787186716E-009  5.133515450055813E-009
  -48.4679993750000      -1.448715587897881E-009  6.548989001450475E-009
  -48.2999991319444      -1.321545506950549E-009  7.935883615277462E-009
  -48.1319988888889      -1.195759294074779E-009  8.979291038216761E-009
  -47.9639986458333      -1.094543767048780E-009  9.434285518660561E-009
  -47.7959983958333      -1.045263402299498E-009  9.227877360377895E-009
  -47.6280013888889      -1.072128861762534E-009  8.512975496192703E-009
  -47.4600011458333      -1.187477292223447E-009  7.614217424877549E-009
  -47.2920008958333      -1.386657710167722E-009  6.883868103550090E-009
  -47.1240006527778      -1.649588638711964E-009  6.553864290750472E-009
  -46.9560004097222      -1.947872548976083E-009  6.665027912136354E-009
  -46.7880001666667      -2.253133965432106E-009  7.092221434893793E-009
  -46.6199999236111      -2.542309794119023E-009  7.627284920751152E-009
  -46.4519996736111      -2.798486064971573E-009  8.066692836842317E-009
  -46.2839994305556      -3.009008748096048E-009  8.266973681369574E-009
  -46.1159991875000      -3.163718166301210E-009  8.155638953052159E-009
  -45.9479989444444      -3.255023889435594E-009  7.711075101122467E-009
  -45.7799987013889      -3.279516414961319E-009  6.943969173761884E-009
  -45.6119984513889      -3.239578855476806E-009  5.906611028341591E-009
  -45.4440014444444      -3.143621542783861E-009  4.721627850075988E-009
  -45.2760012013889      -3.004635385863346E-009  3.591628099133673E-009
  -45.1080009513889      -2.837727085279729E-009  2.761970610365879E-009
  -44.9400007083333      -2.657640047725762E-009  2.449073684207043E-009
  -44.7720004652778      -2.476969652326557E-009  2.770791254336071E-009
  -44.6040002222222      -2.305270405806022E-009  3.704996701833197E-009
  -44.4359999791667      -2.148857448420008E-009  5.083585198616473E-009
  -44.2679997361111      -2.010966752591384E-009  6.624476944254124E-009
  -44.0999994861111      -1.891997361841578E-009  8.001074224512212E-009
  -43.9319992430556      -1.789723939520124E-009  8.929464032659206E-009
  -43.7639990000000      -1.699517434355087E-009  9.233413803525859E-009
  -43.5959987569444      -1.614718435847144E-009  8.856719588207714E-009
  -43.4279985138889      -1.527300631184201E-009  7.832475471526837E-009
  -43.2600015000000      -1.428881680751120E-009  6.250930971395842E-009
  -43.0920012569444      -1.311981064280956E-009  4.256863887520784E-009
  -42.9240010138889      -1.171286399710396E-009  2.066174362605213E-009
  -42.7560007638889      -1.004608885761635E-009 -3.415831203690664E-011
  -42.5880005208333      -8.132545930144559E-010 -1.724972729589782E-009
  -42.4200002777778      -6.016832238829775E-010 -2.723884186852716E-009
  -42.2520000347222      -3.765397694357854E-010 -2.857369529165435E-009
  -42.0839997916667      -1.453322281058454E-010 -2.109507124271375E-009
  -41.9159995416667       8.487613659799280E-011 -6.311569475112859E-010
  -41.7479992986111       3.084227125883963E-010  1.292029249552960E-009
  -41.5799990555556       5.214542620534117E-010  3.300320968404226E-009
  -41.4119988125000       7.217773405542047E-010  5.031081587872899E-009
  -41.2439985694444       9.082977892738699E-010  6.185637602702862E-009
  -41.0760015555556       1.080281928612049E-009  6.581727778681473E-009
  -40.9080013125000       1.236667378745899E-009  6.181667766037218E-009
  -40.7400010694444       1.375587371639262E-009  5.087267598667806E-009
  -40.5720008194444       1.494172138844365E-009  3.501633536654153E-009
  -40.4040005763889       1.588596654470322E-009  1.672967405182082E-009
  -40.2360003333333       1.654282520317077E-009 -1.558987937385155E-010
  -40.0680000902778       1.686166500963706E-009 -1.775829395540693E-009
  -39.8999998472222       1.679001651220467E-009 -3.019845089097823E-009
  -39.7319995972222       1.627754909313856E-009 -3.768093086412897E-009
  -39.5639993541667       1.528217716290482E-009 -3.962563384643206E-009
  -39.3959991111111       1.377910379658274E-009 -3.627030642946882E-009
  -39.2279988680556       1.177208433790322E-009 -2.872629401033639E-009
  -39.0599986250000       9.304213799588146E-010 -1.874477374534916E-009
  -38.8920016111111       6.463997935622836E-010 -8.277152868612613E-010
  -38.7240013680556       3.382580047738446E-010  9.259917603599602E-011
  -38.5560011250000       2.199606256895998E-011  7.542849097487140E-010
  -38.3880008819444      -2.858562115640252E-010  1.083038274005974E-009
  -38.2200006319444      -5.711125853519613E-010  1.079398410205674E-009
  -38.0520003888889      -8.246590831836952E-010  8.238349426994981E-010
  -37.8840001458333      -1.044402665391524E-009  4.496478093912341E-010
  -37.7159999027778      -1.236037730750277E-009  9.209353249418285E-011
  -37.5479996597222      -1.412562095951679E-009 -1.537660071114352E-010
  -37.3799994097222      -1.592771040183412E-009 -2.488542521484603E-010
  -37.2119991666667      -1.799121518559196E-009 -2.087420130010208E-010
  -37.0439989236111      -2.055378252802430E-009 -9.459666593602026E-011
  -36.8759986805556      -2.384379428519052E-009  7.922187268050900E-012
  -36.7079984375000      -2.806168108036548E-009  2.047940848027631E-011
  -36.5400014236111      -3.336639143016550E-009 -1.049752445484783E-010
  -36.3720011805556      -3.986781075399209E-009 -3.885202555786288E-010
  -36.2040009375000      -4.762492431108817E-009 -8.388766307701341E-010
  -36.0360006875000      -5.664831588389931E-009 -1.457910433539886E-009
  -35.8680004444444      -6.690453762862615E-009 -2.225198250055405E-009
  -35.7000002013889      -7.831944222549697E-009 -3.081729680421102E-009
  -35.5319999583333      -9.077839890046217E-009 -3.931286512712875E-009
  -35.3639997152778      -1.041234141054725E-008 -4.656227361485033E-009
  -35.1959994652778      -1.181492535314861E-008 -5.134896892958498E-009
  -35.0279992222222      -1.326025458482467E-008 -5.259250648516487E-009
  -34.8599989791667      -1.471869445020226E-008 -4.961456301723349E-009
  -34.6919987361111      -1.615761087223934E-008 -4.251499036238858E-009
  -34.5239984930556      -1.754329175505728E-008 -3.251147604925133E-009
  -34.3560014791667      -1.884316991478019E-008 -2.198633073255747E-009
  -34.1880012361111      -2.002790055483997E-008 -1.404231985817830E-009
  -34.0200009930556      -2.107298800533004E-008 -1.160387166624417E-009
  -33.8520007500000      -2.195976676486779E-008 -1.640299636856137E-009
  -33.6840005000000      -2.267575440088542E-008 -2.836543405815867E-009
  -33.5160002569444      -2.321445569465903E-008 -4.576949899724776E-009
  -33.3480000138889      -2.357464722145296E-008 -6.608684851058017E-009
  -33.1799997708333      -2.375910156079918E-008 -8.694808484098212E-009
  -33.0119995277778      -2.377272793748608E-008 -1.066134167915563E-008
  -32.8439992777778      -2.362028626908747E-008 -1.237597308908547E-008
  -32.6759990347222      -2.330413034430653E-008 -1.369924952235220E-008
  -32.5079987916667      -2.282268192716712E-008 -1.447424470375330E-008
  -32.3399985486111      -2.217032798762852E-008 -1.458214666657438E-008
  -32.1720015347222      -2.133908231949364E-008 -1.401985126910360E-008
  -32.0040012916667      -2.032178662435039E-008 -1.292637933685965E-008
  -31.8360010486111      -1.911613364139791E-008 -1.153176898818744E-008
  -31.6680008055556      -1.772845572681152E-008 -1.007134177980450E-008
  -31.5000005555556      -1.617633938036312E-008 -8.726147398856923E-009
  -31.3320003125000      -1.448943865480613E-008 -7.612011479154752E-009
  -31.1640000694444      -1.270835637673019E-008 -6.796198243630424E-009
  -30.9959998263889      -1.088187934980613E-008 -6.308464013108509E-009
  -30.8279995833333      -9.063182037315581E-009 -6.131056491836647E-009
  -30.6599993333333      -7.305686591400986E-009 -6.182909615305974E-009
  -30.4919990902778      -5.659264128294931E-009 -6.330164320992008E-009
  -30.3239988472222      -4.167273579250958E-009 -6.434336383012336E-009
  -30.1559986041667      -2.864726084388807E-009 -6.406976025798759E-009
  -29.9880015902778      -1.777598492704653E-009 -6.227143464699590E-009
  -29.8200013472222      -9.230462239978828E-010 -5.914734405981840E-009
  -29.6520011041667      -3.100037091174995E-010 -5.492735117472806E-009
  -29.4840008611111       6.045556135581026E-011 -4.968239436536217E-009
  -29.3160006111111       1.955166666276020E-010 -4.333703221185588E-009
  -29.1480003680556       1.118902298767691E-010 -3.581489266184565E-009
  -28.9800001250000      -1.624863146083335E-010 -2.732772449157226E-009
  -28.8119998819444      -5.871951433971960E-010 -1.871611604190975E-009
  -28.6439996388889      -1.109521169779166E-009 -1.153380092332787E-009
  -28.4759993958333      -1.666746784965023E-009 -7.653418577315329E-010
  -28.3079991458333      -2.190626996656334E-009 -8.592511187810756E-010
  -28.1399989027778      -2.613478903763443E-009 -1.505203215050144E-009
  -27.9719986597222      -2.874903452507013E-009 -2.697075682128383E-009
  -27.8039984166667      -2.928060950029879E-009 -4.389939643826001E-009
  -27.6360014027778      -2.744546233580206E-009 -6.521438149852153E-009
  -27.4680011597222      -2.317139195202298E-009 -8.995401103514160E-009
  -27.3000009166667      -1.659954319257815E-009 -1.165948716176846E-008
  -27.1320006736111      -8.058788305131292E-010 -1.432516406826684E-008
  -26.9640004236111       1.982869323717663E-010 -1.683136605355330E-008
  -26.7960001805556       1.298011752533615E-009 -1.909642115797981E-008
  -26.6279999375000       2.437193504061568E-009 -2.110839951621262E-008
  -26.4599996944444       3.563034380246064E-009 -2.286355523007214E-008
  -26.2919994513889       4.628900451350875E-009 -2.430559711207797E-008
  -26.1239992013889       5.595196125068321E-009 -2.531176175856566E-008
  -25.9560005763889       6.428926449697310E-009 -2.573336891027143E-008
  -25.7880003333333       7.102894421463567E-009 -2.545835773259449E-008
  -25.6200000902778       7.595268373305594E-009 -2.445532048184280E-008
  -25.4519998402778       7.889802507899489E-009 -2.278709397854789E-008
  -25.2839995972222       7.976536861157869E-009 -2.059891310917278E-008
  -25.1159993541667       7.852687700551482E-009 -1.807575570904492E-008
  -24.9480007291667       7.523539412482517E-009 -1.537657901566016E-008
  -24.7800004791667       7.003191941715429E-009 -1.259114202848164E-008
  -24.6120002361111       6.314798295124037E-009 -9.755135445659803E-009
  -24.4439999930556       5.489648923797532E-009 -6.897076165904737E-009
  -24.2759997500000       4.564501388251179E-009 -4.064139541131069E-009
  -24.1079995069444       3.577197821153364E-009 -1.318514084567824E-009
  -23.9399992569444       2.561523020339536E-009  1.260821813592731E-009
  -23.7720006319444       1.542859694737231E-009  3.554174473953191E-009
  -23.6040003888889       5.359845129798569E-010  5.386171464689993E-009
  -23.4360001458333      -4.546581811933818E-010  6.558529693249007E-009
  -23.2679999027778      -1.433051461819984E-009  6.922515100431988E-009
  -23.0999996527778      -2.409509599737111E-009  6.437921354410548E-009
  -22.9319994097222      -3.399446151740270E-009  5.173343706692552E-009
  -22.7640007847222      -4.423073952401801E-009  3.249690301786937E-009
  -22.5960005416667      -5.505314502197192E-009  7.686180017913293E-010
  -22.4280002916667      -6.675122635403125E-009 -2.224581447116150E-009
  -22.2600000486111      -7.963954567819150E-009 -5.715510242180198E-009
  -22.0919998055556      -9.403529235089857E-009 -9.642484226875116E-009
  -21.9239995625000      -1.102296797179383E-008 -1.381767663372618E-008
  -21.7559993194444      -1.284499723105320E-008 -1.792193356562724E-008
  -21.5880006875000      -1.488075097510137E-008 -2.160736755981183E-008
  -21.4200004444444      -1.712317947228614E-008 -2.464365837723531E-008
  -21.2520002013889      -1.953995692394015E-008 -2.698586497317736E-008
  -21.0839999583333      -2.206755045727537E-008 -2.869911590808812E-008
  -20.9159997083333      -2.460834381354580E-008 -2.979365421974780E-008
  -20.7479994652778      -2.703235518758453E-008 -3.010187047119745E-008
  -20.5799992222222      -2.918430440121495E-008 -2.931889296506070E-008
  -20.4120005972222      -3.089597127795740E-008 -2.721809887694893E-008
  -20.2440003472222      -3.200301917752450E-008 -2.389153991412749E-008
  -20.0760001041667      -3.236475016538814E-008 -1.980179735986169E-008
  -19.9079998611111      -3.188425955097756E-008 -1.557522103469736E-008
  -19.7399996180556      -3.052540486281822E-008 -1.169930669256220E-008
  -19.5719993750000      -2.832257195794113E-008 -8.357787415864098E-009
  -19.4040007430556      -2.538023874462353E-008 -5.474262056169182E-009
  -19.2360005000000      -2.186177049019941E-008 -2.851480940179526E-009
  -19.0680002569444      -1.796966077499461E-008 -2.953782112964922E-010
  -18.9000000138889      -1.392131114311715E-008  2.282002034154931E-009
  -18.7319997638889      -9.924659525156301E-009  4.784241214077903E-009
  -18.5639995208333      -6.157417357837132E-009  6.953486115185706E-009
  -18.3959992777778      -2.752873192880645E-009  8.525960101521339E-009
  -18.2280006527778       2.051906858823090E-010  9.408852401361975E-009
  -18.0600004097222       2.677335325647749E-009  9.738958492159771E-009
  -17.8920001597222       4.654762545584630E-009  9.795897268227103E-009
  -17.7239999166667       6.142263154537840E-009  9.841843626352698E-009
  -17.5559996736111       7.144693055843217E-009  9.993021149415006E-009
  -17.3879994305556       7.662091504378185E-009  1.021064664193609E-008
  -17.2200007986111       7.694105148172916E-009  1.040106494110208E-008
  -17.0520005555556       7.249849574617912E-009  1.050616427036425E-008
  -16.8840003125000       6.357340001049506E-009  1.050417111013024E-008
  -16.7160000694444       5.067963730891847E-009  1.038009025307840E-008
  -16.5479998263889       3.454983854239928E-009  1.013445101241866E-008
  -16.3799995763889       1.608400751298281E-009  9.781876332546169E-009
  -16.2119993333333      -3.704582329020810E-010  9.296352410668550E-009
  -16.0440007083333      -2.372673261934039E-009  8.587661713703834E-009
  -15.8760004652778      -4.284705082858696E-009  7.570181341404508E-009
  -15.7080002152778      -5.993169916710445E-009  6.222337490756505E-009
  -15.5399999722222      -7.393583779881098E-009  4.548093706189307E-009
  -15.3719997291667      -8.402210791758848E-009  2.538700103966142E-009
  -15.2039994861111      -8.968029111843253E-009  2.410980323201982E-010
  -15.0359992430556      -9.081530529516990E-009 -2.161871382111046E-009
  -14.8680006111111      -8.778583153514256E-009 -4.413407719150289E-009
  -14.7000003680556      -8.138249236426695E-009 -6.365160917543734E-009
  -14.5320001250000      -7.273003067915290E-009 -8.097530551687315E-009
  -14.3639998819444      -6.319305684419040E-009 -9.817844302051271E-009
  -14.1959996319444      -5.433769737070143E-009 -1.160136276798829E-008
  -14.0279993888889      -4.800566978938274E-009 -1.325737730510374E-008
  -13.8600007638889      -4.569592374632394E-009 -1.452845355665653E-008
  -13.6920005208333      -4.780064404684987E-009 -1.536931407632841E-008
  -13.5240002708333      -5.525359019328195E-009 -1.582586159302998E-008
  -13.3560000277778      -7.160070711205013E-009 -1.551946981707358E-008
  -13.1879997847222      -8.958020669195832E-009 -1.395828150252266E-008
  -13.0200003472222      -8.143344582751305E-009 -1.308462597902737E-008
  -12.8520001041667      -7.820994456012324E-009 -2.068219530451810E-008
  -12.6839998611111      -3.252943967122179E-008 -7.740380824973802E-008
  -12.5159996180556      -1.535207035129570E-007 -6.546269620772448E-007
  -12.3480001805556      -9.195022094631938E-007 -1.182733320407997E-005
  -12.1799999375000      -1.190281124965328E-005 -1.429381631846801E-004
  -12.0119996944444      -1.924396104188507E-004 -5.171288041031426E-004
  -11.8440002569444      -1.412638305617991E-003 -1.230276343013649E-003
  -11.6760000138889      -3.755639293769248E-003 -2.993820682271910E-003
  -11.5079997638889      -4.078498359520008E-003 -3.669151994042911E-003
  -11.3400003333333      -8.762859829689436E-006  1.179300488400687E-003
  -11.1720000833333       5.893157307199999E-003  5.640533327031520E-003
  -11.0039998402778       6.201178909810648E-003  4.385327573203368E-003
  -10.8359995972222       2.282581353195592E-003  1.516458643698357E-003
  -10.6680001597222       2.722010661003564E-004  3.275994757545294E-004
  -10.4999999166667       1.092890988647884E-005  5.605715024567561E-005
  -10.3319996736111       2.808914577543209E-005  4.504446134671326E-005
  -10.1640002361111       3.477839091473302E-005  5.355411786081399E-005
  -9.99599999305556       3.255283438096853E-005  4.683260199294129E-005
  -9.82799975000000       2.840192207897208E-005  3.637183110149760E-005
  -9.66000031250000       2.462739241318780E-005  2.919790558811049E-005
  -9.49200006944444       2.162019094551226E-005  2.573138527500483E-005
  -9.32399981944444       1.859232541096242E-005  2.342870578988251E-005
  -9.15600038888889       1.585961772016753E-005  2.024803178386382E-005
  -8.98800013888889       1.355299423342667E-005  1.711148135799641E-005
  -8.81999989583333       1.161577568660381E-005  1.512430611913941E-005
  -8.65199965277778       1.001786338121563E-005  1.383690576599701E-005
  -8.48400021527778       8.746279735294037E-006  1.248826567969378E-005
  -8.31599997222222       7.812693950708143E-006  1.116381077119891E-005
  -8.14799972916667       7.167544926827035E-006  1.039135626441709E-005
  -7.98000029166667       6.728068191729526E-006  9.936080690719246E-006
  -7.81200004861111       6.334609110553293E-006  9.498575460080441E-006
  -7.64399980555556       5.858982667189968E-006  8.833623537561648E-006
  -7.47600036805556       5.331136669550004E-006  8.234822737080540E-006
  -7.30800012500000       4.922057435978153E-006  7.815399557657889E-006
  -7.13999988194444       4.648864097587375E-006  7.414317524448230E-006
  -6.97199963194444       4.454428192977020E-006  6.884409686546068E-006
  -6.80400019791667       4.299182640216071E-006  6.185203122232587E-006
  -6.63599995347222       4.139739450695995E-006  5.589375958008301E-006
  -6.46800011388889       3.957739609583327E-006  5.245242707293439E-006
  -6.29999986944444       3.723337805360040E-006  5.119317078973595E-006
  -6.13200002916667       3.456861827390174E-006  5.086606087447429E-006
  -5.96400018888889       3.229052551419782E-006  5.000894782200130E-006
  -5.79599994444444       3.021611517384775E-006  4.767320642550078E-006
  -5.62800010416667       2.791039057798673E-006  4.351535712795678E-006
  -5.45999985972222       2.541096517270752E-006  3.729781428442338E-006
  -5.29200001944444       2.291484546221558E-006  2.998868734328937E-006
  -5.12400017916667       2.075211326080236E-006  2.338950799277457E-006
  -4.95599993472222       1.911337339121406E-006  1.955936050854535E-006
  -4.78800009444444       1.770013303022491E-006  1.931919632239525E-006
  -4.61999985000000       1.614282443493038E-006  2.019776660995126E-006
  -4.45200000972222       1.462955950734559E-006  1.979901345360974E-006
  -4.28400016944444       1.340110301780870E-006  1.789820544727653E-006
  -4.11599992500000       1.259506940235614E-006  1.655447277904560E-006
  -3.94800008541667       1.234439499291473E-006  1.718662486328644E-006
  -3.77999984097222       1.214759819682457E-006  1.803341134217854E-006
  -3.61200000069444       1.137078473934881E-006  1.702290114646227E-006
  -3.44400016041667       1.018470542048738E-006  1.455127881828636E-006
  -3.27599991597222       9.276810741335147E-007  1.236681514810094E-006
  -3.10800007569444       8.798349888049509E-007  1.148692953153799E-006
  -2.94000003333333       8.427603932982636E-007  1.176625329580225E-006
  -2.77199999097222       8.006944964731673E-007  1.261164999310211E-006
  -2.60399994861111       7.506824613506289E-007  1.376569236450960E-006
  -2.43599990625000       7.147308590055269E-007  1.471924881422539E-006
  -2.26800006597222       6.961778331435390E-007  1.494970934675826E-006
  -2.10000002361111       6.601131249126044E-007  1.499052921752456E-006
  -1.93199998125000       5.877197119920310E-007  1.582790364875851E-006
  -1.76399993888889       5.000621848949437E-007  1.746663110958260E-006
  -1.59599999791667       4.320971499522773E-007  1.857134119797133E-006
  -1.42799995555556       4.050547921392740E-007  1.784380790670462E-006
  -1.26000001458333       4.052308104596838E-007  1.570259746594835E-006
  -1.09199997222222       4.098123743836670E-007  1.365813691891101E-006
 -0.924000030555556       4.057980460939265E-007  1.235874945136028E-006
 -0.755999988194444       3.996548081713974E-007  1.127755273028522E-006
 -0.587999996527778       3.938821890141019E-007  9.825346367903700E-007
 -0.420000004722222       3.881190935833426E-007  8.353743245737294E-007
 -0.251999987708333       3.674970613978208E-007  7.353175572349424E-007
 -8.400000222222222E-002  3.216376812641255E-007  6.514286031004649E-007
  8.400000222222222E-002  2.473107191675782E-007  5.218099404183536E-007
  0.251999987708333       1.645597418271122E-007  3.805557966838874E-007
  0.420000004722222       9.022027015754801E-008  3.070768650696624E-007
  0.587999996527778       2.970213183065589E-008  3.563437228790947E-007
  0.755999988194444      -1.984928608767134E-008  4.516205721978991E-007
  0.924000030555556      -5.838984717669317E-008  4.964905395167989E-007
   1.09199997222222      -8.995787130241922E-008  5.007838478480349E-007
   1.26000001458333      -1.240900696162005E-007  5.312757180255583E-007
   1.42799995555556      -1.767935734403473E-007  6.263133263702702E-007
   1.59599999791667      -2.533318238283073E-007  6.994865680780239E-007
   1.76399993888889      -3.412815615883781E-007  6.364065531400778E-007
   1.93199998125000      -4.185276699310633E-007  4.685745116372286E-007
   2.10000002361111      -4.689569807722890E-007  3.368041382180811E-007
   2.26800006597222      -4.958162472692791E-007  3.219995828724971E-007
   2.43599990625000      -5.174481357086429E-007  3.765150067044553E-007
   2.60399994861111      -5.465465637084844E-007  4.060362633449711E-007
   2.77199999097222      -5.834756664547342E-007  3.891490520352152E-007
   2.94000003333333      -5.956556751028156E-007  3.492856798366213E-007
   3.10800007569444      -5.754228127850311E-007  4.547231355149283E-007
   3.27599991597222      -5.650348158212627E-007  5.562763998182144E-007
   3.44400016041667      -5.601249159961132E-007  4.769734767628381E-007
   3.61200000069444      -5.457501071772541E-007  1.609783242989717E-007
   3.77999984097222      -3.914621077289753E-007 -5.282142977035155E-008
   3.94800008541667      -2.762702000797415E-008  2.568196483019806E-007
   4.11599992500000       6.053951821070254E-008  6.644181595260250E-007
   4.28400016944444      -2.292835767330818E-007  6.418019458651944E-007
   4.45200000972222      -5.810992640196494E-007  8.661160452187502E-007
   4.61999985000000      -4.749485215522725E-007  1.185199909741407E-006
   4.78800009444444       3.629956580906756E-007  8.934446111784050E-007
   4.95599993472222       8.354085107191456E-007  7.981650939752941E-007
   5.12400017916667       7.640299485800114E-007  2.393567230450137E-006
   5.29200001944444       4.812193836147674E-007  3.245964207995044E-006
   5.45999985972222       6.120520577439913E-007  2.718870677817164E-006
   5.62800010416667       3.674014208476228E-007  2.070657557788098E-006
   5.79599994444444      -8.336719041670588E-007  2.455202555014187E-006
   5.96400018888889      -1.331879568476125E-006  1.149931844173166E-006
   6.13200002916667       3.099158041909140E-007 -8.134991002680817E-007
   6.29999986944444       1.419394487602280E-006 -2.543049408583131E-006
   6.46800011388889      -7.698368159265441E-007 -1.875318667405715E-006
   6.63599995347222      -2.931960677674050E-006  4.661872205115439E-007
   6.80400019791667      -3.486726248405095E-006  4.535332591142167E-007
   6.97199963194444      -5.194028759268899E-006 -2.087341017189420E-006
   7.13999988194444      -9.702469324776545E-006 -4.249520780419720E-006
   7.30800012500000      -1.269602115181403E-005 -5.968960551738881E-006
   7.47600036805556      -1.101460679755964E-005 -8.893838803148772E-006
   7.64399980555556      -9.156943319881038E-006 -1.197883528085211E-005
   7.81200004861111      -8.457133689626640E-006 -9.682870426222576E-006
   7.98000029166667      -1.011875358320301E-005 -6.618288847408076E-006
   8.14799972916667      -1.510046739402798E-005 -7.970262424130403E-006
   8.31599997222222      -1.745631396666250E-005 -1.117609147696860E-005
   8.48400021527778      -1.567003264966466E-005 -1.198270284448308E-005
   8.65199965277778      -8.592486504296977E-006 -1.047942374581380E-005
   8.81999989583333      -7.438161709415917E-006 -1.125164496782835E-005
   8.98800013888889      -1.238729506891428E-005 -6.822409047963487E-006
   9.15600038888889      -1.645263951097777E-005 -7.605194099130750E-006
   9.32399981944444      -2.179189051962417E-005 -1.467588911759927E-005
   9.49200006944444      -2.232666060769689E-005 -2.206872111498206E-005
   9.66000031250000      -1.428654279723492E-005 -1.617262830117593E-005
   9.82799975000000      -3.516732873857935E-006 -3.728343004494372E-006
   9.99599999305556      -1.647734362330566E-006 -8.559694607628120E-006
   10.1640002361111      -6.554709814017166E-006 -1.490415677331981E-005
   10.3319996736111      -6.654695168917888E-006 -1.626651301123729E-005
   10.4999999166667      -8.684030425076558E-006 -1.664685453958508E-005
   10.6680001597222      -1.652020275038329E-005 -9.469199448025079E-006
   10.8359995972222      -2.145402270213746E-005 -5.175404693231772E-006
   11.0039998402778      -1.508572677484002E-005 -4.787558344285906E-006
   11.1720000833333      -8.924227494451835E-007 -7.964710246669412E-006
   11.3400003333333       6.071719513617254E-006 -1.211305840162818E-005
   11.5079997638889       3.709913073573411E-007 -8.938063638816061E-006
   11.6760000138889      -5.834955825213015E-006 -2.342340129135528E-006
   11.8440002569444      -7.915824182811870E-006 -8.523420687632496E-007
   12.0119996944444      -7.939005739770402E-006 -2.716650253548279E-006
   12.1799999375000      -2.676176587303612E-006 -2.144736763371291E-006
   12.3480001805556       5.926779439538034E-007  4.316267523139795E-006
   12.5159996180556       9.102092611239953E-006  4.849514311317309E-006
   12.6839998611111       1.114648714365166E-005 -6.455885423096533E-007
   12.8520001041667      -1.574184762804128E-006  1.548782533401429E-006
   13.0200003472222      -4.322838211967668E-006  5.429426490908196E-006
   13.1879997847222      -1.739048100533933E-006 -7.652095877502445E-007
   13.3560000277778      -1.987105501602096E-006 -9.681255301472169E-006
   13.5240002708333      -8.785368459364510E-007 -1.271767196361883E-005
   13.6920005208333      -2.520802138256190E-007 -5.429424009155352E-006
   13.8600007638889      -1.976592300207384E-006  3.018192716711691E-007
   14.0279993888889      -3.396155422915364E-006  5.593577441484335E-007
   14.1959996319444      -1.992176219011490E-006  1.501417535861536E-006
   14.3639998819444      -4.510279916627444E-007  2.054012813731130E-006
   14.5320001250000      -1.142423735252563E-007 -3.242654193468793E-008
   14.7000003680556      -2.572675084974528E-006 -1.347216180609398E-006
   14.8680006111111      -5.077686667728673E-006 -5.154967458567344E-006
   15.0359992430556      -3.809384147241183E-006 -6.769281668496776E-006
   15.2039994861111      -2.667938656915621E-006 -4.436974521580785E-006
   15.3719997291667      -1.920193225967374E-006 -2.848764877108701E-006
   15.5399999722222      -2.948085618597991E-006 -2.661392537440895E-006
   15.7080002152778      -2.498771711580281E-006 -2.323598428013629E-006
   15.8760004652778      -7.660966282602546E-007 -2.439668519442231E-006
   16.0440007083333      -4.344085614847787E-007 -1.653207868226424E-006
   16.2119993333333      -1.526142122650376E-006 -2.792360343012436E-006
   16.3799995763889      -3.726761879757917E-006 -2.205907007452511E-006
   16.5479998263889      -4.890216546998843E-006 -1.346452421171878E-006
   16.7160000694444      -4.499022313467389E-006 -1.715816163992684E-006
   16.8840003125000      -4.185192257670140E-006 -1.093204061769064E-006
   17.0520005555556      -4.197755386913403E-006 -1.080326742615841E-006
   17.2200007986111      -2.510101906011002E-006 -8.031908916582248E-007
   17.3879994305556      -1.628560960301578E-006 -8.437109666810619E-007
   17.5559996736111      -1.776083174126591E-006 -1.692371913495692E-006
   17.7239999166667      -1.619590540561893E-006 -2.628084684355921E-006
   17.8920001597222      -1.461867702112780E-006 -2.674953083151874E-006
   18.0600004097222      -1.640959549331332E-006 -2.398573670460890E-006
   18.2280006527778      -1.768366784098615E-006 -2.129258319063025E-006
   18.3959992777778      -1.413204003309997E-006 -1.607703564880782E-006
   18.5639995208333      -9.562712391510520E-007 -1.208219904589839E-006
   18.7319997638889      -6.244190044249930E-007 -1.087140643222356E-006
   18.9000000138889      -6.253603953222709E-007 -1.002769298378966E-006
   19.0680002569444      -7.360365210336412E-007 -1.068178810623259E-006
   19.2360005000000      -8.680435606083064E-007 -9.338664087886480E-007
   19.4040007430556      -8.429980831768290E-007 -7.472989015679191E-007
   19.5719993750000      -6.808388013012437E-007 -6.704936145740219E-007
   19.7399996180556      -5.790260076943714E-007 -6.103709804117730E-007
   19.9079998611111      -5.005362622281823E-007 -5.846580355530950E-007
   20.0760001041667      -5.224589187868718E-007 -6.051635804645351E-007
   20.2440003472222      -5.749844111452653E-007 -7.004880794379305E-007
   20.4120005972222      -5.969319785462945E-007 -7.808539372360846E-007
   20.5799992222222      -5.881698399139814E-007 -7.929507451200950E-007
   20.7479994652778      -5.656968854360292E-007 -7.565321389337083E-007
   20.9159997083333      -5.475138889229748E-007 -7.140153076169876E-007
   21.0839999583333      -5.359994243436405E-007 -6.802615455898963E-007
   21.2520002013889      -5.208815166796816E-007 -6.264567096407908E-007
   21.4200004444444      -4.953353766339826E-007 -5.197599812997167E-007
   21.5880006875000      -4.628439271687163E-007 -3.888444789175234E-007
   21.7559993194444      -4.269884927462915E-007 -2.963318989812984E-007
   21.9239995625000      -3.905549339990240E-007 -2.840117333413926E-007
   22.0919998055556      -3.556363302530277E-007 -3.681342824622441E-007
   22.2600000486111      -3.258181318848132E-007 -5.252023104236571E-007
   22.4280002916667      -3.057139794738635E-007 -6.853141462035345E-007
   22.5960005416667      -2.986302192675515E-007 -7.904840689253358E-007
   22.7640007847222      -3.054141837303950E-007 -8.567563625455957E-007
   22.9319994097222      -3.250442903263674E-007 -9.164040512574615E-007
   23.0999996527778      -3.542398789500233E-007 -9.455656398671646E-007
   23.2679999027778      -3.842000335808735E-007 -9.010026033311576E-007
   23.4360001458333      -4.057405935156045E-007 -7.845704241627208E-007
   23.6040003888889      -4.121334337303467E-007 -6.293817655857043E-007
   23.7720006319444      -3.985874993392333E-007 -4.577778010020822E-007
   23.9399992569444      -3.619139861139311E-007 -2.825890685239811E-007
   24.1079995069444      -3.075643123499936E-007 -1.351850636642678E-007
   24.2759997500000      -2.481731903244398E-007 -5.906130094421596E-008
   24.4439999930556      -1.966505277819684E-007 -5.421302999107314E-008
   24.6120002361111      -1.609465423268049E-007 -8.380013840459857E-008
   24.7800004791667      -1.430591381131581E-007 -1.302555425055187E-007
   24.9480007291667      -1.378069425270989E-007 -1.868650848727761E-007
   25.1159993541667      -1.367392304100978E-007 -2.010464255713636E-007
   25.2839995972222      -1.360144499783550E-007 -1.222808873292206E-007
   25.4519998402778      -1.365564182416445E-007  1.038432183525292E-008
   25.6200000902778      -1.387668379691971E-007  9.936040297709969E-008
   25.7880003333333      -1.424843330831083E-007  9.496410190286745E-008
   25.9560005763889      -1.466993111398633E-007  3.998904583469359E-008
   26.1239992013889      -1.414979139074975E-007  2.019475965864427E-008
   26.2919994513889      -1.135890985973105E-007  8.100004645841324E-008
   26.4599996944444      -5.824528120203754E-008  1.859280370429739E-007
   26.6279999375000       1.642331547675396E-008  2.658480324566946E-007
   26.7960001805556       9.518443504730262E-008  2.708410089582729E-007
   26.9640004236111       1.604882246204717E-007  1.811047659278277E-007
   27.1320006736111       2.031048224014924E-007  2.293721675665181E-008
   27.3000009166667       2.204059745497349E-007 -1.226152336883279E-007
   27.4680011597222       2.180318212279818E-007 -1.751034687817966E-007
   27.6360014027778       2.038925462897230E-007 -1.237580653865216E-007
   27.8039984166667       1.913640995424448E-007 -3.568582600303971E-008
   27.9719986597222       1.840345527389162E-007  6.967899674093459E-009
   28.1399989027778       1.750040125366021E-007 -5.941638160380300E-009
   28.3079991458333       1.559346889678448E-007 -1.276593401554145E-008
   28.4759993958333       1.260100466814952E-007  3.454215286158098E-008
   28.6439996388889       9.354754845146758E-008  1.243619068752027E-007
   28.8119998819444       6.795338643861601E-008  2.137228933896059E-007
   28.9800001250000       5.924526087372425E-008  2.626203887963639E-007
   29.1480003680556       6.860545925511954E-008  2.541857794955429E-007
   29.3160006111111       9.191119692154554E-008  1.940696133768243E-007
   29.4840008611111       1.163965815012735E-007  1.023705365364894E-007
   29.6520011041667       1.312973048191697E-007  2.268554763088978E-008
   29.8200013472222       1.293341142324913E-007  1.160331423973804E-008
   29.9880015902778       1.121387700284003E-007  1.009032544686511E-007
   30.1559986041667       8.350359996173690E-008  2.521718215770817E-007
   30.3239988472222       5.252556988835228E-008  3.864650053132950E-007
   30.4919990902778       3.099352549288232E-008  4.501486445865484E-007
   30.6599993333333       3.330921804903839E-008  4.380448567726663E-007
   30.8279995833333       6.168818202807795E-008  3.795725262073790E-007
   30.9959998263889       1.027194244782066E-007  2.975407297693506E-007
   31.1640000694444       1.365166947100142E-007  1.812517167180606E-007
   31.3320003125000       1.566892194117965E-007  2.731395269905926E-008
   31.5000005555556       1.677807002409037E-007 -1.135314366583187E-007
   31.6680008055556       1.782953441296384E-007 -1.575819059095251E-007
   31.8360010486111       1.918736499092189E-007 -8.040722554067813E-008
   32.0040012916667       2.096420075659820E-007  5.765938199225247E-008
   32.1720015347222       2.255861683310634E-007  1.720983142638662E-007
   32.3399985486111       2.325669823024275E-007  2.162380258086302E-007
   32.5079987916667       2.264113511514547E-007  1.943357193254453E-007
   32.6759990347222       2.085920864898587E-007  1.381110192942220E-007
   32.8439992777778       1.846596597224557E-007  7.894896305610325E-008
   33.0119995277778       1.633767522905407E-007  5.779950796216629E-008
   33.1799997708333       1.489488028892898E-007  1.182899107454135E-007
   33.3480000138889       1.393848874929060E-007  2.535459060825859E-007
   33.5160002569444       1.297354911972089E-007  3.788026864753928E-007
   33.6840005000000       1.144555638375631E-007  4.109460390824783E-007
   33.8520007500000       8.715314934849439E-008  3.566244401475805E-007
   34.0200009930556       4.492947509631338E-008  2.905461575558441E-007
   34.1880012361111      -7.586178467093516E-009  2.438241356695966E-007
   34.3560014791667      -5.783073153994336E-008  1.863193009144901E-007
   34.5239984930556      -9.318792692870319E-008  8.717505856040523E-008
   34.6919987361111      -1.066147371833390E-007 -2.582169798330834E-008
   34.8599989791667      -9.957343822948885E-008 -9.937654216328495E-008
   35.0279992222222      -7.540090961756713E-008 -1.124048216762691E-007
   35.1959994652778      -4.095829828413539E-008 -7.218247941503211E-008
   35.3639997152778      -1.217177136294916E-009  1.694334351614908E-008
   35.5319999583333       3.805798619433984E-008  1.330887890813685E-007
   35.7000002013889       7.027343759802062E-008  2.229327091633016E-007
   35.8680004444444       9.017535043108460E-008  2.511874652840693E-007
   36.0360006875000       9.965876396961442E-008  2.414969339846298E-007
   36.2040009375000       1.059490535408119E-007  2.304344120841951E-007
   36.3720011805556       1.154404552461236E-007  2.134242299210546E-007
   36.5400014236111       1.253807827619433E-007  1.640249550616604E-007
   36.7079984375000       1.245576318518749E-007  8.353840654536393E-008
   36.8759986805556       1.012830634624737E-007 -7.800354223892325E-009
   37.0439989236111       5.361474916744776E-008 -1.088954990682259E-007
   37.2119991666667      -7.916651485049191E-009 -2.307258473979552E-007
   37.3799994097222      -6.731859287591889E-008 -3.502318791300331E-007
   37.5479996597222      -1.130020632410738E-007 -4.131326494688732E-007
   37.7159999027778      -1.395888720408510E-007 -3.860962168407833E-007
   37.8840001458333      -1.504896302135871E-007 -2.866204278426087E-007
   38.0520003888889      -1.542822758809664E-007 -1.604054426273755E-007
   38.2200006319444      -1.597349661244873E-007 -3.864548688916169E-008
   38.3880008819444      -1.691251277999308E-007  5.515903153841846E-008
   38.5560011250000      -1.774182926748225E-007  8.833568909218060E-008
   38.7240013680556      -1.772825098220194E-007  4.871342304888246E-008
   38.8920016111111      -1.630922502993339E-007 -2.809239713472259E-008
   39.0599986250000      -1.355264287678613E-007 -8.061065169423339E-008
   39.2279988680556      -1.005059568603521E-007 -7.559707664405579E-008
   39.3959991111111      -6.988747073013804E-008 -3.549121780521996E-008
   39.5639993541667      -5.536425309125066E-008 -1.185432802888077E-008
   39.7319995972222      -6.148189406604899E-008 -3.895111087531395E-008
   39.8999998472222      -8.352972815348131E-008 -1.084304728861470E-007
   40.0680000902778      -1.088856108218322E-007 -1.884500253538628E-007
   40.2360003333333      -1.259870129377361E-007 -2.391059667377284E-007
   40.4040005763889      -1.292026278398457E-007 -2.438035526071351E-007
   40.5720008194444      -1.220927161629476E-007 -2.164018059605141E-007
   40.7400010694444      -1.139712497701966E-007 -1.799690227610102E-007
   40.9080013125000      -1.124008043636715E-007 -1.410156783081373E-007
   41.0760015555556      -1.185853867002479E-007 -9.835525431059100E-008
   41.2439985694444      -1.290850237769846E-007 -6.018117250743981E-008
   41.4119988125000      -1.410318407235291E-007 -4.526764882458257E-008
   41.5799990555556      -1.531494332876020E-007 -6.843174429915865E-008
   41.7479992986111      -1.647441049918225E-007 -1.194775535685662E-007
   41.9159995416667      -1.741349181770224E-007 -1.610438735463098E-007
   42.0839997916667      -1.808225750937737E-007 -1.656689922326927E-007
   42.2520000347222      -1.855515706724208E-007 -1.502882359703547E-007
   42.4200002777778      -1.893072692939808E-007 -1.562235960703484E-007
   42.5880005208333      -1.924707751790854E-007 -1.925973290383200E-007
   42.7560007638889      -1.943555578620538E-007 -2.342705040117397E-007
   42.9240010138889      -1.918164610419540E-007 -2.577785044852582E-007
   43.0920012569444      -1.796237643828263E-007 -2.630233323923813E-007
   43.2600015000000      -1.539364436222551E-007 -2.578259990799315E-007
   43.4279985138889      -1.176327348494435E-007 -2.460077213948962E-007
   43.5959987569444      -8.070861888772195E-008 -2.283660882426932E-007
   43.7639990000000      -5.534756330337959E-008 -2.113633823599931E-007
   43.9319992430556      -4.919562762633219E-008 -2.091132080788997E-007
   44.0999994861111      -6.414643187777335E-008 -2.324046911526146E-007
   44.2679997361111      -9.699184913501677E-008 -2.804895056185644E-007
   44.4359999791667      -1.415286411347059E-007 -3.352570445174895E-007
   44.6040002222222      -1.899748608088237E-007 -3.678317257687374E-007
   44.7720004652778      -2.345323444228437E-007 -3.598655473170859E-007
   44.9400007083333      -2.682553637365889E-007 -3.156946587522282E-007
   45.1080009513889      -2.847282153872482E-007 -2.568657778333200E-007
   45.2760012013889      -2.797532315937836E-007 -2.035691893803811E-007
   45.4440014444444      -2.537632300520636E-007 -1.599545236715239E-007
   45.6119984513889      -2.122976382178467E-007 -1.219648361046286E-007
   45.7799987013889      -1.646767874459485E-007 -9.589511599588703E-008
   45.9479989444444      -1.196365409097240E-007 -9.815153342406807E-008
   46.1159991875000      -8.453196855310307E-008 -1.382430019878013E-007
   46.2839994305556      -6.406462322814223E-008 -2.038328756199798E-007
   46.4519996736111      -6.087007994635885E-008 -2.665590546462950E-007
   46.6199999236111      -7.442649587170067E-008 -2.992423125844365E-007
   46.7880001666667      -1.005285795762054E-007 -2.934369653115203E-007
   46.9560004097222      -1.325697925180171E-007 -2.640039970284043E-007
   47.1240006527778      -1.634755105179305E-007 -2.300816464036603E-007
   47.2920008958333      -1.870987419029711E-007 -1.964709574279842E-007
   47.4600011458333      -1.994970982932131E-007 -1.573697005056517E-007
   47.6280013888889      -1.990113882398722E-007 -1.168299343623250E-007
   47.7959983958333      -1.869995338330609E-007 -9.557935950426271E-008
   47.9639986458333      -1.668873157750055E-007 -1.068106948491578E-007
   48.1319988888889      -1.443030546820322E-007 -1.426968952141354E-007
   48.2999991319444      -1.255880711681784E-007 -1.789931044773000E-007
   48.4679993750000      -1.166866131356255E-007 -2.036414549458039E-007
   48.6359996180556      -1.197505929390106E-007 -2.252303779894333E-007
   48.8039998680556      -1.324473645728844E-007 -2.532070227318358E-007
   48.9720001111111      -1.484951074972623E-007 -2.777586778555483E-007
   49.1400003541667      -1.610643170349914E-007 -2.768163873228646E-007
   49.3080005972222      -1.652284966387829E-007 -2.437336912645968E-007
   49.4760008402778      -1.593291995346107E-007 -1.951368136571190E-007
   49.6440010902778      -1.448488231045454E-007 -1.543561700718752E-007
   49.8120013333333      -1.258526182285684E-007 -1.350077424236153E-007
   49.9800015763889      -1.069986566051259E-007 -1.326313399885305E-007
   50.1479985833333      -9.294507966991915E-008 -1.364043799077179E-007
   50.3159988333333      -8.644043648958707E-008 -1.402296296527109E-007
   50.4839990763889      -8.864491549645356E-008 -1.493970850323804E-007
   50.6519993194444      -9.753626812923899E-008 -1.649211315491424E-007
   50.8199995625000      -1.090719206734727E-007 -1.750314048339748E-007
   50.9879998055556      -1.185282753629419E-007 -1.642989096032833E-007
   51.1560000555556      -1.229562265289948E-007 -1.327683947893007E-007
   51.3240002986111      -1.219500231175278E-007 -9.522517455891187E-008
   51.4920005416667      -1.164681180269811E-007 -6.564090467501847E-008
   51.6600007847222      -1.083277283184351E-007 -4.465094487748427E-008
   51.8280010277778      -9.935427617458536E-008 -2.829209874806324E-008
   51.9960012777778      -9.155185464561106E-008 -2.200818421422645E-008
   52.1640015208333      -8.656221297459836E-008 -3.448474293962687E-008
   52.3319985277778      -8.492650521136386E-008 -6.314479255869023E-008
   52.4999987777778      -8.674964735808725E-008 -9.098990822229811E-008
   52.6679990208333      -9.076065630339992E-008 -1.018437922385717E-007
   52.8359992638889      -9.574728105638623E-008 -9.203927090403169E-008
   53.0039995069444      -9.978088174527670E-008 -6.874290959765796E-008
   53.1719997500000      -1.019831659395636E-007 -4.182449982822135E-008
   53.3400000000000      -1.021350414705036E-007 -1.823649185705181E-008
   53.5080002430556      -1.007678205502978E-007 -5.435183656190536E-009
   53.6760004861111      -9.897651462685839E-008 -7.896164908174731E-009
   53.8440007291667      -9.700331170614415E-008 -2.303106772976502E-008
   54.0120009722222      -9.535395430227161E-008 -3.888727941787785E-008
   54.1800012222222      -9.350047267740404E-008 -4.340911065311435E-008
   54.3480014652778      -9.149055535038200E-008 -3.173479792175811E-008
   54.5160017083333      -8.970940133475838E-008 -9.524843324874877E-009
   54.6840019513889      -8.792847221557741E-008  9.172650606618983E-009
   54.8520021944444      -8.659242831546533E-008  1.071292239550587E-008
   55.0200024444444      -8.400859010766148E-008 -7.387168061627770E-009
   55.1880026875000      -8.007221213604165E-008 -3.379371049487227E-008
   55.3560029305556      -7.419805052247653E-008 -5.487167558107692E-008
   55.5240031736111      -6.755245926678378E-008 -6.353514125902797E-008
   55.6919969513889      -6.125914900529553E-008 -6.070567935626420E-008
   55.8599971944444      -5.605844591920003E-008 -5.052238431591765E-008
   56.0279974375000      -5.232746788880678E-008 -3.910263739735160E-008
   56.1959976875000      -4.953388278091215E-008 -3.274768269333937E-008
   56.3639979305556      -4.702703709346372E-008 -3.296718597436829E-008
   56.5319981736111      -4.430190184606840E-008 -3.444696988704523E-008
   56.6999984166667      -4.106440485264303E-008 -3.124933022647291E-008
   56.8679986597222      -3.776127324950874E-008 -2.304960138554607E-008
   57.0359989097222      -3.444555450865416E-008 -1.319149452011049E-008
   57.2039991527778      -3.122500711284153E-008 -4.676681464127187E-009
   57.3719993958333      -2.808845929281460E-008  1.892676935755499E-009
   57.5399996388889      -2.517351649073751E-008  7.747436175314441E-009
   57.7079998819444      -2.297552299894131E-008  1.516533338006382E-008
   57.8760001319444      -2.177867442631733E-008  2.505126883502192E-008
   58.0440003750000      -2.151202753002914E-008  3.606281977088954E-008
   58.2120006180556      -2.199679723232717E-008  4.520232443397905E-008
   58.3800008611111      -2.296339924914844E-008  4.933488110625291E-008
   58.5480011041667      -2.475490101266822E-008  4.688354524129270E-008
   58.7160013541667      -2.720144011098840E-008  3.778394638961628E-008
   58.8840015972222      -3.121761226367543E-008  2.486119177190839E-008
   59.0520018402778      -3.592696707163450E-008  1.086066327161040E-008
   59.2200020833333      -4.305549189485718E-008 -2.885477318860928E-009
   59.3880023263889      -5.012973999419987E-008 -1.436969214435055E-008
   59.5560025763889      -5.901786247675460E-008 -2.888339575042843E-008
   59.7240028194444      -6.466696017897960E-008 -2.707722256395346E-008
   59.8920030625000      -2.727429002497223E-007 -3.941414391204933E-007
   60.0599968402778      -1.071953820260043E-007  6.544583890153648E-008
