  -60.0599968402778       1.107436293887076E-007  1.897024884342735E-007
  -59.8920030625000       5.968723390473670E-008  1.052394815883031E-007
  -59.7240028194444       8.234425879983372E-009  1.922997242358966E-008
  -59.5560025763889       7.490315432716634E-009  1.693679207579626E-008
  -59.3880023263889       8.066657452010277E-009  1.673665228417361E-008
  -59.2200020833333       8.094090028231593E-009  1.726463356712456E-008
  -59.0520018402778       7.891238723087424E-009  1.741400018988167E-008
  -58.8840015972222       8.220871245807666E-009  1.750466559993576E-008
  -58.7160013541667       8.193321848516510E-009  1.638734363075092E-008
  -58.5480011041667       8.436147794007125E-009  1.444786541818321E-008
  -58.3800008611111       8.460661888446810E-009  1.278350016990356E-008
  -58.2120006180556       8.610249541075644E-009  1.247168537683115E-008
  -58.0440003750000       8.679788062167688E-009  1.342570510031369E-008
  -57.8760001319444       8.864442108165213E-009  1.457426516056624E-008
  -57.7079998819444       9.056561768029405E-009  1.502969492060473E-008
  -57.5399996388889       9.314013571493000E-009  1.500796019577280E-008
  -57.3719993958333       9.539834660662074E-009  1.537499302172463E-008
  -57.2039991527778       9.740946803048730E-009  1.662506259545959E-008
  -57.0359989097222       9.884146845756938E-009  1.818970693945800E-008
  -56.8679986597222       1.000038110017262E-008  1.888834556952381E-008
  -56.6999984166667       1.007881709236127E-008  1.784977853747603E-008
  -56.5319981736111       1.011518737385630E-008  1.523192093819302E-008
  -56.3639979305556       1.008736944594399E-008  1.225488196990290E-008
  -56.1959976875000       1.000509837130558E-008  1.057265779487822E-008
  -56.0279974375000       9.886902951413540E-009  1.121344056178502E-008
  -55.8599971944444       9.750138009448365E-009  1.373332709108152E-008
  -55.6919969513889       9.582650714437359E-009  1.633209942530601E-008
  -55.5240031736111       9.361647715128746E-009  1.705811295565706E-008
  -55.3560029305556       9.079753554773154E-009  1.522319215183717E-008
  -55.1880026875000       8.764676611748879E-009  1.187947031949066E-008
  -55.0200024444444       8.459464636276648E-009  9.014748109118041E-009
  -54.8520021944444       8.191541970121847E-009  8.211561764031024E-009
  -54.6840019513889       7.958080765116682E-009  9.787342978877169E-009
  -54.5160017083333       7.743534199698544E-009  1.282381799199668E-008
  -54.3480014652778       7.542933437375766E-009  1.580211528839443E-008
  -54.1800012222222       7.363696596229099E-009  1.734412915361667E-008
  -54.0120009722222       7.204474213222995E-009  1.671686418174637E-008
  -53.8440007291667       7.041681893277403E-009  1.402608473735513E-008
  -53.6760004861111       6.845272483915553E-009  1.018386891591052E-008
  -53.5080002430556       6.608619898622603E-009  6.648897486538628E-009
  -53.3400000000000       6.357038507787092E-009  4.838758828801271E-009
  -53.1719997500000       6.124956809917393E-009  5.365949536975236E-009
  -53.0039995069444       5.928625436791948E-009  7.623581197479389E-009
  -52.8359992638889       5.762563208935105E-009  1.011540840372802E-008
  -52.6679990208333       5.615640050538415E-009  1.130327322959956E-008
  -52.4999987777778       5.482387856000207E-009  1.036386482598183E-008
  -52.3319985277778       5.358860062533003E-009  7.469735303686996E-009
  -52.1640015208333       5.234660935067667E-009  3.618007386689163E-009
  -51.9960012777778       5.093713852408119E-009  1.862258013724700E-010
  -51.8280010277778       4.921623683654164E-009 -1.623743024806140E-009
  -51.6600007847222       4.710818652997761E-009 -1.266240226560872E-009
  -51.4920005416667       4.461334147256349E-009  9.538095373816918E-010
  -51.3240002986111       4.181224229705970E-009  4.060832072386885E-009
  -51.1560000555556       3.888059661834704E-009  6.842428648295942E-009
  -50.9879998055556       3.608365389243218E-009  8.305718111868099E-009
  -50.8199995625000       3.372705749292059E-009  7.976184958531703E-009
  -50.6519993194444       3.208397230738848E-009  5.980821255584392E-009
  -50.4839990763889       3.133450718551552E-009  2.946840596656401E-009
  -50.3159988333333       3.153337701953672E-009 -2.189908615076853E-010
  -50.1479985833333       3.260093305910149E-009 -2.603451313400134E-009
  -49.9800015763889       3.433210350530768E-009 -3.551510224918227E-009
  -49.8120013333333       3.642498942842227E-009 -2.862111276833987E-009
  -49.6440010902778       3.852955219224121E-009 -8.527828687689632E-010
  -49.4760008402778       4.030788806335066E-009  1.747816368103068E-009
  -49.3080005972222       4.149134971369259E-009  4.056692586074979E-009
  -49.1400003541667       4.192054753975431E-009  5.341398603396345E-009
  -48.9720001111111       4.155959307250129E-009  5.240460578031673E-009
  -48.8039998680556       4.048362233722052E-009  3.818347612116700E-009
  -48.6359996180556       3.884813751977096E-009  1.473131649129452E-009
  -48.4679993750000       3.685659872408675E-009 -1.218722051761037E-009
  -48.2999991319444       3.474228829524565E-009 -3.649766552540045E-009
  -48.1319988888889       3.276782851562143E-009 -5.308975862499422E-009
  -47.9639986458333       3.122817716494538E-009 -5.902736684561852E-009
  -47.7959983958333       3.043432889639126E-009 -5.448462974632819E-009
  -47.6280013888889       3.066560693320122E-009 -4.280530212211101E-009
  -47.4600011458333       3.210260969051136E-009 -2.931990311292050E-009
  -47.2920008958333       3.477192149134816E-009 -1.933395617020424E-009
  -47.1240006527778       3.853147894573265E-009 -1.626158613622270E-009
  -46.9560004097222       4.310243386273442E-009 -2.071209121401310E-009
  -46.7880001666667       4.812805122646709E-009 -3.070156811263055E-009
  -46.6199999236111       5.323144149773675E-009 -4.264764780485790E-009
  -46.4519996736111       5.805514498386324E-009 -5.264792903929610E-009
  -46.2839994305556       6.228357682132188E-009 -5.757575952873830E-009
  -46.1159991875000       6.565957500092859E-009 -5.564823252457880E-009
  -45.9479989444444       6.800324157732380E-009 -4.642437152876885E-009
  -45.7799987013889       6.923112756151707E-009 -3.058164176940044E-009
  -45.6119984513889       6.936669331058136E-009 -9.888167940545805E-010
  -45.4440014444444       6.853390044327140E-009  1.264351283070356E-009
  -45.2760012013889       6.693321348856936E-009  3.289389622429156E-009
  -45.1080009513889       6.480694265394403E-009  4.642560755584544E-009
  -44.9400007083333       6.240377218159669E-009  4.971272312233407E-009
  -44.7720004652778       5.995011357466138E-009  4.124444438696582E-009
  -44.6040002222222       5.763131783475007E-009  2.210115784800152E-009
  -44.4359999791667       5.558157904613058E-009 -4.098541204445945E-010
  -44.2679997361111       5.387959582504095E-009 -3.189580745469471E-009
  -44.0999994861111       5.254728234689770E-009 -5.529061288292792E-009
  -43.9319992430556       5.155062589117332E-009 -6.929499879648775E-009
  -43.7639990000000       5.080330325163946E-009 -7.108037273501104E-009
  -43.5959987569444       5.017501744051811E-009 -6.021552056241153E-009
  -43.4279985138889       4.950611235374927E-009 -3.812489318384100E-009
  -43.2600015000000       4.862848796643546E-009 -7.408382447268061E-010
  -43.0920012569444       4.739052954015243E-009  2.847274320964158E-009
  -42.9240010138889       4.568142585249107E-009  6.522966949311660E-009
  -42.7560007638889       4.344933637735945E-009  9.795603527960574E-009
  -42.5880005208333       4.070852149491637E-009  1.217907895864879E-008
  -42.4200002777778       3.753337563306413E-009  1.328945298775605E-008
  -42.2520000347222       3.404087562637719E-009  1.293726802745955E-008
  -42.0839997916667       3.036631335753006E-009  1.118112639757499E-008
  -41.9159995416667       2.663907927962216E-009  8.324846028330975E-009
  -41.7479992986111       2.296469877931677E-009  4.860262829538518E-009
  -41.5799990555556       1.941701248633278E-009  1.374872656105080E-009
  -41.4119988125000       1.604098036627418E-009 -1.551649195687342E-009
  -41.2439985694444       1.286359268248005E-009 -3.444926695776892E-009
  -41.0760015555556       9.908428524042850E-010 -4.015659808214001E-009
  -40.9080013125000       7.209172702450436E-010 -3.206500046836191E-009
  -40.7400010694444       4.818407365004158E-010 -1.188698416374208E-009
  -40.5720008194444       2.809936179685083E-010  1.695745970150414E-009
  -40.4040005763889       1.274945538016580E-010  5.025309085357987E-009
  -40.2360003333333       3.139290676597796E-011  8.384939345546886E-009
  -40.0680000902778       2.677009442214743E-012  1.141651580541525E-008
  -39.8999998472222       5.026178125714624E-011  1.383316626081276E-008
  -39.7319995972222       1.809668150157408E-010  1.542302948231380E-008
  -39.5639993541667       3.983797094700187E-010  1.606726343925004E-008
  -39.3959991111111       7.015280912223960E-010  1.576999888514147E-008
  -39.2279988680556       1.083488939971941E-009  1.467173212698820E-008
  -39.0599986250000       1.530350714859255E-009  1.302204605962312E-008
  -38.8920016111111       2.021143877994163E-009  1.112093516528240E-008
  -38.7240013680556       2.529295859931634E-009  9.262151727144181E-009
  -38.5560011250000       3.025810505706501E-009  7.696364416837305E-009
  -38.3880008819444       3.483819931679550E-009  6.600093236145319E-009
  -38.2200006319444       3.883634192222953E-009  6.039279137384626E-009
  -38.0520003888889       4.217150510230461E-009  5.952138104251322E-009
  -37.8840001458333       4.490605258597130E-009  6.183082658004725E-009
  -37.7159999027778       4.725080976368998E-009  6.554359187011962E-009
  -37.5479996597222       4.954776896237721E-009  6.926130607317185E-009
  -37.3799994097222       5.223523101299829E-009  7.219407386650558E-009
  -37.2119991666667       5.580281371210361E-009  7.417907384899544E-009
  -37.0439989236111       6.074405152383624E-009  7.564783528970370E-009
  -36.8759986805556       6.751296936736618E-009  7.745701856938476E-009
  -36.7079984375000       7.648957601762001E-009  8.054016991348416E-009
  -36.5400014236111       8.795728576316837E-009  8.561321203040171E-009
  -36.3720011805556       1.020936601776091E-008  9.316665944844256E-009
  -36.2040009375000       1.189730210082309E-008  1.036165839383548E-008
  -36.0360006875000       1.385768326386677E-008  1.172672134060097E-008
  -35.8680004444444       1.608054275272882E-008  1.339883430855650E-008
  -35.7000002013889       1.854843461922783E-008  1.528803860647813E-008
  -35.5319999583333       2.123616519550656E-008  1.722024897109974E-008
  -35.3639997152778       2.410973058118709E-008  1.895631069902126E-008
  -35.1959994652778       2.712518825487856E-008  2.022580289240573E-008
  -35.0279992222222       3.022837201011861E-008  2.077682376612557E-008
  -34.8599989791667       3.335623175446332E-008  2.044873991674160E-008
  -34.6919987361111       3.643998803574530E-008  1.925702740607937E-008
  -34.5239984930556       3.940960307865301E-008  1.745411345597843E-008
  -34.3560014791667       4.219868223666927E-008  1.552131852936511E-008
  -34.1880012361111       4.474884226919237E-008  1.406639673725608E-008
  -34.0200009930556       4.701291048971023E-008  1.364497765774428E-008
  -33.8520007500000       4.895668911338580E-008  1.457353130128698E-008
  -33.6840005000000       5.055931979676871E-008  1.682522565599690E-008
  -33.5160002569444       5.181232965696578E-008  2.006864783433561E-008
  -33.3480000138889       5.271741717584193E-008  2.382713066988493E-008
  -33.1799997708333       5.328293494076649E-008  2.765756495539973E-008
  -33.0119995277778       5.351918232530921E-008  3.123874012548459E-008
  -32.8439992777778       5.343316631044782E-008  3.433576409075153E-008
  -32.6759990347222       5.302397182427392E-008  3.671282573895363E-008
  -32.5079987916667       5.228018270443833E-008  3.811106468327554E-008
  -32.3399985486111       5.118075458026101E-008  3.834073927446397E-008
  -32.1720015347222       4.969967550530073E-008  3.741267616426126E-008
  -32.0040012916667       4.781376049778006E-008  3.558255794431007E-008
  -31.8360010486111       4.551186493881887E-008  3.326007546624346E-008
  -31.6680008055556       4.280324110579076E-008  3.085458804929566E-008
  -31.5000005555556       3.972314540995262E-008  2.866457882792935E-008
  -31.3320003125000       3.633438945226364E-008  2.685614491848283E-008
  -31.1640000694444       3.272470708712229E-008  2.549919032482588E-008
  -30.9959998263889       2.900058101749716E-008  2.460294406038094E-008
  -30.8279995833333       2.527885914097545E-008  2.411795526894190E-008
  -30.6599993333333       2.167767677932234E-008  2.392077224758375E-008
  -30.4919990902778       1.830806328613141E-008  2.382677198214649E-008
  -30.3239988472222       1.526725586714637E-008  2.365053456763219E-008
  -30.1559986041667       1.263430125904009E-008  2.327512098145273E-008
  -29.9880015902778       1.046798890082918E-008  2.267371858924705E-008
  -29.8200013472222       8.806718085644244E-009  2.187536778074298E-008
  -29.6520011041667       7.669415102420148E-009  2.091770395561898E-008
  -29.4840008611111       7.056397913331180E-009  1.982411568376524E-008
  -29.3160006111111       6.949266167468517E-009  1.860659100776566E-008
  -29.1480003680556       7.309531367577351E-009  1.728665330638003E-008
  -28.9800001250000       8.076615966753998E-009  1.593596513865236E-008
  -28.8119998819444       9.166591640336878E-009  1.472058388309444E-008
  -28.6439996388889       1.047326650211910E-008  1.390260880755885E-008
  -28.4759993958333       1.187276570535235E-008  1.376926597444330E-008
  -28.3079991458333       1.323183269754043E-008  1.452534845698809E-008
  -28.1399989027778       1.441903733744760E-008  1.622981340113997E-008
  -27.9719986597222       1.531737273150901E-008  1.882385489400696E-008
  -27.8039984166667       1.583634893952357E-008  2.221190704148010E-008
  -27.6360014027778       1.592173480755703E-008  2.630703577372271E-008
  -27.4680011597222       1.556122821727614E-008  3.099764946625356E-008
  -27.3000009166667       1.478481377602252E-008  3.608871918969336E-008
  -27.1320006736111       1.365936503912304E-008  4.130698455861654E-008
  -26.9640004236111       1.227838591151928E-008  4.638667505811645E-008
  -26.7960001805556       1.074907164216565E-008  5.115465353889269E-008
  -26.6279999375000       9.179698397540463E-009  5.552916556768677E-008
  -26.4599996944444       7.669982704112935E-009  5.943384693943760E-008
  -26.2919994513889       6.305771892003713E-009  6.270543311123209E-008
  -26.1239992013889       5.157697997206153E-009  6.507492540333517E-008
  -25.9560005763889       4.282106028478224E-009  6.624144235504448E-008
  -25.7880003333333       3.722255305470547E-009  6.598752796763110E-008
  -25.6200000902778       3.508470232656884E-009  6.426452067659973E-008
  -25.4519998402778       3.657124319355155E-009  6.121638140526277E-008
  -25.2839995972222       4.169244924877480E-009  5.714365826528068E-008
  -25.1159993541667       5.029686569782161E-009  5.241223523454261E-008
  -24.9480007291667       6.207369905344016E-009  4.733818297472878E-008
  -24.7800004791667       7.656694664791160E-009  4.212205423617150E-008
  -24.6120002361111       9.320326530288098E-009  3.687358903733662E-008
  -24.4439999930556       1.113388972154761E-008  3.167562169163388E-008
  -24.2759997500000       1.303294056745169E-008  2.661297385547833E-008
  -24.1079995069444       1.496157856301602E-008  2.177001543677844E-008
  -23.9399992569444       1.688067150386033E-008  1.725577099443644E-008
  -23.7720006319444       1.877298865940978E-008  1.326674592208714E-008
  -23.6040003888889       2.064336362551662E-008  1.011833512989260E-008
  -23.4360001458333       2.251407983760292E-008  8.179998910786252E-009
  -23.2679999027778       2.441787315932183E-008  7.739668576798297E-009
  -23.0999996527778       2.639173528322632E-008  8.895379678817613E-009
  -22.9319994097222       2.847368161995369E-008  1.155194777311077E-008
  -22.7640007847222       3.070247598745568E-008  1.551865064505858E-008
  -22.5960005416667       3.311868147449540E-008  2.063504005976502E-008
  -22.4280002916667       3.576520719561626E-008  2.683604659695019E-008
  -22.2600000486111       3.868627682502521E-008  3.410329752761440E-008
  -22.0919998055556       4.192460753353724E-008  4.231875254141832E-008
  -21.9239995625000       4.551660353317225E-008  5.111540695052386E-008
  -21.7559993194444       4.948487979671466E-008  5.986057654813604E-008
  -21.5880006875000       5.382784259212356E-008  6.783751185967641E-008
  -21.4200004444444       5.850699365396496E-008  7.452077145783485E-008
  -21.2520002013889       6.343455661045065E-008  7.972957513411600E-008
  -21.0839999583333       6.846465859587774E-008  8.352557121746882E-008
  -20.9159997083333       7.339126369503603E-008  8.592744264110786E-008
  -20.7479994652778       7.795461775753170E-008  8.667380652988329E-008
  -20.5799992222222       8.185655366538212E-008  8.526317821376171E-008
  -20.4120005972222       8.478419217193939E-008  8.130712460778999E-008
  -20.2440003472222       8.644084751749298E-008  7.494817585513138E-008
  -20.0760001041667       8.658240049529170E-008  6.697701836202052E-008
  -19.9079998611111       8.505495140714147E-008  5.851087918548651E-008
  -19.7399996180556       8.182719140223751E-008  5.047924058142396E-008
  -19.5719993750000       7.700912422499339E-008  4.330135992334803E-008
  -19.4040007430556       7.085035981142099E-008  3.690524689704374E-008
  -19.2360005000000       6.371633249542923E-008  3.094574011619181E-008
  -19.0680002569444       5.604679329543991E-008  2.504904689192030E-008
  -18.9000000138889       4.830521348106895E-008  1.904073295206072E-008
  -18.7319997638889       4.092876930676178E-008  1.311273473859187E-008
  -18.5639995208333       3.428678824700313E-008  7.788606127100326E-009
  -18.3959992777778       2.865333919762339E-008  3.631833222348427E-009
  -18.2280006527778       2.419772423043671E-008  8.840879150466222E-010
  -18.0600004097222       2.099386080526648E-008 -6.962481863694910E-010
  -17.8920001597222       1.904499070680073E-008 -1.687673002370267E-009
  -17.7239999166667       1.831482799839657E-008 -2.659688705413208E-009
  -17.5559996736111       1.875351465258590E-008 -3.866448538717730E-009
  -17.3879994305556       2.030923244430788E-008 -5.196535493436301E-009
  -17.2200007986111       2.292327047209640E-008 -6.377559501609982E-009
  -17.0520005555556       2.651418845785836E-008 -7.200173320655069E-009
  -16.8840003125000       3.096139261079048E-008 -7.567744667119872E-009
  -16.7160000694444       3.609776595311401E-008 -7.430209508196279E-009
  -16.5479998263889       4.171560516426295E-008 -6.745157020640270E-009
  -16.3799995763889       4.758329484787283E-008 -5.462631748330629E-009
  -16.2119993333333       5.346552216314211E-008 -3.484771189529782E-009
  -16.0440007083333       5.914013923350402E-008 -6.680219440998408E-010
  -15.8760004652778       6.440874541023940E-008  3.096438428442697E-009
  -15.7080002152778       6.910332989739249E-008  7.851896641832686E-009
  -15.5399999722222       7.309303453323234E-008  1.364657528613714E-008
  -15.3719997291667       7.629368138832343E-008  2.051601092974982E-008
  -15.2039994861111       7.867804871134846E-008  2.826729672562218E-008
  -15.0359992430556       8.028672864743285E-008  3.631154957310956E-008
  -14.8680006111111       8.123640239482533E-008  4.384989710349386E-008
  -14.7000003680556       8.172263982064539E-008  5.034282175463732E-008
  -14.5320001250000       8.200001451549663E-008  5.584057904147040E-008
  -14.3639998819444       8.235842613411487E-008  6.082006101196341E-008
  -14.1959996319444       8.311630694440497E-008  6.560970437608307E-008
  -14.0279993888889       8.464048319617558E-008  7.002040740951026E-008
  -13.8600007638889       8.719868177009974E-008  7.365070767595953E-008
  -13.6920005208333       9.074144599770615E-008  7.650110941797353E-008
  -13.5240002708333       9.538462717909276E-008  7.860182013408029E-008
  -13.3560000277778       1.021571213277400E-007  7.889531842970894E-008
  -13.1879997847222       1.092306520466423E-007  7.629220007968634E-008
  -13.0200003472222       1.082749988135843E-007  7.721766899378794E-008
  -12.8520001041667       1.067788585762388E-007  1.013037085687563E-007
  -12.6839998611111       1.778021423097194E-007  2.691822053578231E-007
  -12.5159996180556       5.571545680618098E-007  2.657299382476470E-006
  -12.3480001805556       3.523339051751468E-006  6.115052506582781E-005
  -12.1799999375000       6.385487327053194E-005  4.857759031781079E-004
  -12.0119996944444       8.640301066400925E-004  1.483537687940041E-003
  -11.8440002569444       4.540934318287725E-003  3.755355174762140E-003
  -11.6760000138889       9.871339293639645E-003  8.464591883052305E-003
  -11.5079997638889       9.941520246236209E-003  9.011598228701302E-003
  -11.3400003333333       1.150365458015346E-003 -7.619841781638234E-004
  -11.1720000833333      -9.480264477091506E-003 -9.272214137988934E-003
  -11.0039998402778      -1.056438941834635E-002 -8.089391643237772E-003
  -10.8359995972222      -4.750718847707816E-003 -3.355052078397690E-003
  -10.6680001597222      -9.474711957148623E-004 -8.682723236218944E-004
  -10.4999999166667      -1.076050389620030E-004 -1.993961740912118E-004
  -10.3319996736111      -6.484610521016160E-005 -9.898725744002617E-005
  -10.1640002361111      -7.114151404185410E-005 -9.839417807254997E-005
  -9.99599999305556      -6.603260543430524E-005 -8.588324505508678E-005
  -9.82799975000000      -5.797056183382343E-005 -6.909662911508056E-005
  -9.66000031250000      -5.020478790237038E-005 -5.666385344356030E-005
  -9.49200006944444      -4.361173947407963E-005 -4.883557110689293E-005
  -9.32399981944444      -3.744285238773991E-005 -4.327692123448674E-005
  -9.15600038888889      -3.199177161057294E-005 -3.767152308012220E-005
  -8.98800013888889      -2.744908781933369E-005 -3.199444793283913E-005
  -8.81999989583333      -2.348241290681341E-005 -2.776831072405939E-005
  -8.65199965277778      -2.000231442755158E-005 -2.511296621829757E-005
  -8.48400021527778      -1.713793882870807E-005 -2.294844889206419E-005
  -8.31599997222222      -1.507204933857013E-005 -2.041233176369820E-005
  -8.14799972916667      -1.362792530067332E-005 -1.804027636689363E-005
  -7.98000029166667      -1.250210095544451E-005 -1.627419056183327E-005
  -7.81200004861111      -1.144476405438006E-005 -1.493691194004659E-005
  -7.64399980555556      -1.032232283462721E-005 -1.364123146671786E-005
  -7.47600036805556      -9.199354490570456E-006 -1.241938016237337E-005
  -7.30800012500000      -8.262892354439199E-006 -1.139227795984805E-005
  -7.13999988194444      -7.537528115157523E-006 -1.033334777345821E-005
  -6.97199963194444      -6.964889953150298E-006 -9.168761426920749E-006
  -6.80400019791667      -6.505216217063590E-006 -7.990643571180575E-006
  -6.63599995347222      -6.055232236778193E-006 -7.030926914557193E-006
  -6.46800011388889      -5.542174011630211E-006 -6.290731720284064E-006
  -6.29999986944444      -4.944571897772409E-006 -5.724931283710649E-006
  -6.13200002916667      -4.364724243755448E-006 -5.319089248547575E-006
  -5.96400018888889      -3.914504993300509E-006 -4.987207418918860E-006
  -5.79599994444444      -3.569514296978293E-006 -4.582367515553904E-006
  -5.62800010416667      -3.214954706218233E-006 -4.001144970461764E-006
  -5.45999985972222      -2.797299527521137E-006 -3.165787459763548E-006
  -5.29200001944444      -2.342649107364516E-006 -2.114573539314040E-006
  -5.12400017916667      -1.933104917397476E-006 -1.113080544378553E-006
  -4.95599993472222      -1.620994716320622E-006 -4.837116839076334E-007
  -4.78800009444444      -1.349972663492431E-006 -3.528484842184372E-007
  -4.61999985000000      -1.059926113805851E-006 -4.054688726011756E-007
  -4.45200000972222      -7.701274291844925E-007 -2.692999645302369E-007
  -4.28400016944444      -5.018970380858891E-007  1.304999331167609E-007
  -4.11599992500000      -2.460490580658746E-007  4.923441509538852E-007
  -3.94800008541667      -1.518632357904277E-008  5.247452956375666E-007
  -3.77999984097222       2.228154463414565E-007  3.974474131049400E-007
  -3.61200000069444       5.264192379303604E-007  4.989752396897577E-007
  -3.44400016041667       9.023733995141445E-007  9.352253546018081E-007
  -3.27599991597222       1.301501920973213E-006  1.409683016463590E-006
  -3.10800007569444       1.671110736887294E-006  1.614527268411028E-006
  -2.94000003333333       1.969858312042422E-006  1.570144345087623E-006
  -2.77199999097222       2.191840184161503E-006  1.568823183961501E-006
  -2.60399994861111       2.398997802021807E-006  1.746396942965818E-006
  -2.43599990625000       2.626013413432917E-006  1.976508292873639E-006
  -2.26800006597222       2.852963258393681E-006  2.077422816038885E-006
  -2.10000002361111       3.068499273852906E-006  2.025686459040834E-006
  -1.93199998125000       3.281731478147711E-006  1.987884275644318E-006
  -1.76399993888889       3.539812430774607E-006  2.116747306629471E-006
  -1.59599999791667       3.848924178066208E-006  2.424948498802871E-006
  -1.42799995555556       4.166894790307189E-006  2.817709959254858E-006
  -1.26000001458333       4.433956213772785E-006  3.228677558565162E-006
  -1.09199997222222       4.657255896651650E-006  3.643307232371014E-006
 -0.924000030555556       4.884325362099460E-006  4.073701248412678E-006
 -0.755999988194444       5.135911071184917E-006  4.485386570645260E-006
 -0.587999996527778       5.361106813236049E-006  4.830287179339264E-006
 -0.420000004722222       5.497549613755154E-006  5.091269797390526E-006
 -0.251999987708333       5.564231830901303E-006  5.271001316404434E-006
 -8.400000222222222E-002  5.676497891571723E-006  5.374821972149164E-006
  8.400000222222222E-002  5.925961205625604E-006  5.411133987050931E-006
  0.251999987708333       6.291678757169060E-006  5.456532195462523E-006
  0.420000004722222       6.679072930746881E-006  5.670574940235945E-006
  0.587999996527778       7.033937777106663E-006  6.120611533681619E-006
  0.755999988194444       7.389849923166311E-006  6.682316085362481E-006
  0.924000030555556       7.809216022273567E-006  7.102969221494264E-006
   1.09199997222222       8.298126792256413E-006  7.270946166341249E-006
   1.26000001458333       8.798928632812562E-006  7.394103647539697E-006
   1.42799995555556       9.270706870217093E-006  7.757795096061897E-006
   1.59599999791667       9.740420289256016E-006  8.446290415103771E-006
   1.76399993888889       1.028019259835966E-005  9.294459230329580E-006
   1.93199998125000       1.091810929810487E-005  1.007790095329918E-005
   2.10000002361111       1.161026023908490E-005  1.074736172438364E-005
   2.26800006597222       1.229466116228593E-005  1.146648236986219E-005
   2.43599990625000       1.297576929581449E-005  1.240198803844765E-005
   2.60399994861111       1.375792944161581E-005  1.344019558859608E-005
   2.77199999097222       1.476019723978897E-005  1.460615781890986E-005
   2.94000003333333       1.602165930491452E-005  1.584913479615751E-005
   3.10800007569444       1.750210925552902E-005  1.673486642971810E-005
   3.27599991597222       1.909819201272113E-005  1.732453686148877E-005
   3.44400016041667       2.053781315825909E-005  1.842679845252232E-005
   3.61200000069444       2.271127075093512E-005  2.091412233458711E-005
   3.77999984097222       2.555416429716718E-005  2.453719161704701E-005
   3.94800008541667       2.785904559341206E-005  2.748845834643952E-005
   4.11599992500000       3.048315575058947E-005  3.075057355376336E-005
   4.28400016944444       3.457742849649540E-005  3.592718834968152E-005
   4.45200000972222       4.170268385852234E-005  3.897238247528429E-005
   4.61999985000000       4.897889729709817E-005  4.252291310023847E-005
   4.78800009444444       5.528900207642746E-005  5.033347770700708E-005
   4.95599993472222       6.432473460204032E-005  6.044771648543759E-005
   5.12400017916667       7.808699122791368E-005  6.839833931026739E-005
   5.29200001944444       9.485668359893099E-005  7.612301541463569E-005
   5.45999985972222       1.111546761559336E-004  8.324708350610241E-005
   5.62800010416667       1.301557780266210E-004  8.985014233266183E-005
   5.79599994444444       1.424901452489972E-004  9.932070972285411E-005
   5.96400018888889       1.527098525670604E-004  1.089388719181421E-004
   6.13200002916667       1.764914775090735E-004  1.140336444614956E-004
   6.29999986944444       1.976342645798361E-004  1.257652117868590E-004
   6.46800011388889       2.092341123766917E-004  1.300650133762342E-004
   6.63599995347222       1.970150414352076E-004  1.320371213972291E-004
   6.80400019791667       1.735083867666210E-004  1.260316051224592E-004
   6.97199963194444       1.470478505938462E-004  1.166876269812971E-004
   7.13999988194444       1.235829846723360E-004  9.804500934531609E-005
   7.30800012500000       1.151479157508884E-004  6.100014672674311E-005
   7.47600036805556       9.752083931998759E-005  3.166751571108106E-005
   7.64399980555556       7.223261965750654E-005  7.121343126844787E-006
   7.81200004861111       6.226097644124419E-005 -1.431686683887642E-005
   7.98000029166667       2.158932588175093E-005 -2.350653752985239E-005
   8.14799972916667      -2.406335948098938E-005 -4.192656576061823E-005
   8.31599997222222      -5.721451667684140E-005 -9.440035874013100E-005
   8.48400021527778      -1.005279931380085E-004 -1.362208801944569E-004
   8.65199965277778      -1.287389949634481E-004 -1.522032890891032E-004
   8.81999989583333      -1.647989352508202E-004 -1.762232734865989E-004
   8.98800013888889      -1.844432359840044E-004 -1.981085851248533E-004
   9.15600038888889      -1.621438647305722E-004 -1.920105093960404E-004
   9.32399981944444      -1.520294790323734E-004 -1.947698691269698E-004
   9.49200006944444      -1.674413150797287E-004 -1.785544534213734E-004
   9.66000031250000      -1.878189757635051E-004 -1.535958978941803E-004
   9.82799975000000      -1.876008197615692E-004 -1.450130356274096E-004
   9.99599999305556      -1.969155171899852E-004 -1.451268388857912E-004
   10.1640002361111      -1.965497743245627E-004 -1.607344991302973E-004
   10.3319996736111      -1.531149699303932E-004 -1.807518013596200E-004
   10.4999999166667      -1.237711213918795E-004 -1.582700748780680E-004
   10.6680001597222      -1.108104232847317E-004 -1.526421582911047E-004
   10.8359995972222      -4.262045591399083E-005 -1.765934795363347E-004
   11.0039998402778      -1.528434046218676E-005 -1.472942310745182E-004
   11.1720000833333      -1.202496908080645E-005 -1.060111421327153E-004
   11.3400003333333      -6.355918433166851E-006 -7.036719921314096E-005
   11.5079997638889      -2.797193556674728E-005 -7.073756409505875E-005
   11.6760000138889      -5.067283457619976E-005 -7.495936319986844E-005
   11.8440002569444      -1.618231011536814E-005 -4.255641874902506E-005
   12.0119996944444       2.836847599225373E-005 -7.476538939763750E-005
   12.1799999375000       6.125021211403677E-005 -6.941334048592886E-005
   12.3480001805556       4.650768296908969E-005 -3.682098071647709E-005
   12.5159996180556       4.468909022277344E-005 -4.440646523087706E-006
   12.6839998611111       9.946881279093210E-005  1.513282845840325E-005
   12.8520001041667       1.451111144997761E-004  2.533794604785134E-005
   13.0200003472222       1.582735691860714E-004  2.885435356391152E-005
   13.1879997847222       1.462604718181661E-004  6.635100042628241E-005
   13.3560000277778       1.346114178113361E-004  9.275997967278972E-005
   13.5240002708333       1.471460565319583E-004  1.077778245511591E-004
   13.6920005208333       1.496615453306910E-004  1.022516638015749E-004
   13.8600007638889       1.540480137001581E-004  1.176798436804549E-004
   14.0279993888889       1.784180006938429E-004  1.370570045667837E-004
   14.1959996319444       1.907564340200776E-004  1.492748366172485E-004
   14.3639998819444       1.750931825118819E-004  1.485623630985854E-004
   14.5320001250000       1.568680473246001E-004  1.445002141614829E-004
   14.7000003680556       1.532860480735931E-004  1.379610614633391E-004
   14.8680006111111       1.633748300240584E-004  1.329217769427568E-004
   15.0359992430556       1.697118846538635E-004  1.287907742547703E-004
   15.2039994861111       1.480496051655314E-004  1.210970148346225E-004
   15.3719997291667       1.434251108881639E-004  1.062102779808602E-004
   15.5399999722222       1.438081029285483E-004  1.041571099557970E-004
   15.7080002152778       1.331723505930328E-004  9.618673634913918E-005
   15.8760004652778       1.171900052312593E-004  8.702192885084835E-005
   16.0440007083333       9.771032611307788E-005  8.081210674041040E-005
   16.2119993333333       8.112877840321320E-005  7.811019660969950E-005
   16.3799995763889       7.493668196428312E-005  7.338770287605649E-005
   16.5479998263889       7.212572559904068E-005  6.321923084909230E-005
   16.7160000694444       6.291511884107879E-005  5.357843903867815E-005
   16.8840003125000       5.183710226567214E-005  4.877805003219247E-005
   17.0520005555556       4.512742336616077E-005  4.697855288495358E-005
   17.2200007986111       4.120161994486593E-005  4.079385008409420E-005
   17.3879994305556       3.833544954236616E-005  3.255940010629072E-005
   17.5559996736111       3.392671687179135E-005  2.543874889213864E-005
   17.7239999166667       2.919048812521248E-005  2.174203905391059E-005
   17.8920001597222       2.512754502720015E-005  1.769400037077388E-005
   18.0600004097222       1.888176926697101E-005  1.533649003103322E-005
   18.2280006527778       1.610767189495700E-005  1.359321153460263E-005
   18.3959992777778       1.475560202622435E-005  1.224672263166395E-005
   18.5639995208333       1.418550170467467E-005  1.063376792594207E-005
   18.7319997638889       1.426573181059229E-005  9.651189362126373E-006
   18.9000000138889       1.250226574383331E-005  9.095705572122482E-006
   19.0680002569444       1.009951205705848E-005  8.129587978565707E-006
   19.2360005000000       8.649744513196046E-006  6.711452856443751E-006
   19.4040007430556       7.960061923593945E-006  5.578212537368649E-006
   19.5719993750000       6.679645719303110E-006  4.497534254462558E-006
   19.7399996180556       6.522961742594195E-006  3.667317446603916E-006
   19.9079998611111       6.487429990786355E-006  3.039924371615355E-006
   20.0760001041667       6.139686286035086E-006  2.605915434382165E-006
   20.2440003472222       5.669584720851475E-006  2.432674443579293E-006
   20.4120005972222       5.349633173490986E-006  2.456014336369225E-006
   20.5799992222222       5.010689764321996E-006  2.650813073245268E-006
   20.7479994652778       4.676624984892330E-006  2.950171035512201E-006
   20.9159997083333       4.369200333183592E-006  3.232541895917437E-006
   21.0839999583333       4.114293046092686E-006  3.343637810122248E-006
   21.2520002013889       3.882182147919033E-006  3.157372828573116E-006
   21.4200004444444       3.653116112308802E-006  2.714271493447993E-006
   21.5880006875000       3.411069764802353E-006  2.235979151180414E-006
   21.7559993194444       3.151747191227964E-006  1.938581277309105E-006
   21.9239995625000       2.892452909635987E-006  1.888406811462974E-006
   22.0919998055556       2.654361235285308E-006  2.015532987720756E-006
   22.2600000486111       2.451521122846462E-006  2.196906930766348E-006
   22.4280002916667       2.295101700990642E-006  2.307195530771240E-006
   22.5960005416667       2.193791586422176E-006  2.305367223451594E-006
   22.7640007847222       2.152983379894234E-006  2.269961792863477E-006
   22.9319994097222       2.169439386647469E-006  2.270496858776489E-006
   23.0999996527778       2.227487089301271E-006  2.267338331932843E-006
   23.2679999027778       2.299045454433901E-006  2.174891301293592E-006
   23.4360001458333       2.351650673102385E-006  1.966270317869247E-006
   23.6040003888889       2.361922151770162E-006  1.681599989367068E-006
   23.7720006319444       2.316208264396903E-006  1.367576729110969E-006
   23.9399992569444       2.214090339277950E-006  1.063625662769331E-006
   24.1079995069444       2.072104543783373E-006  8.140323048664610E-007
   24.2759997500000       1.917673502305590E-006  6.679404492926743E-007
   24.4439999930556       1.773367391990187E-006  6.121145979156420E-007
   24.6120002361111       1.645884339673541E-006  5.809965194519375E-007
   24.7800004791667       1.531736986260272E-006  5.477523233273931E-007
   24.9480007291667       1.423453022114541E-006  5.086672290686277E-007
   25.1159993541667       1.316896854298304E-006  4.062399221876729E-007
   25.2839995972222       1.220142369336609E-006  1.926475535114859E-007
   25.4519998402778       1.144721900429263E-006 -5.407376489158560E-008
   25.6200000902778       1.092861579876691E-006 -1.928696549048219E-007
   25.7880003333333       1.056475112389624E-006 -1.821089451720408E-007
   25.9560005763889       1.024880413292368E-006 -1.087840218575143E-007
   26.1239992013889       9.792513398225288E-007 -9.743859561908304E-008
   26.2919994513889       9.039969001803987E-007 -2.091074845115873E-007
   26.4599996944444       7.954302023419971E-007 -3.926790042137682E-007
   26.6279999375000       6.703785232859147E-007 -5.358190009119339E-007
   26.7960001805556       5.515324672144594E-007 -5.298017429681119E-007
   26.9640004236111       4.623782262476744E-007 -3.211628288794740E-007
   27.1320006736111       4.123221710340783E-007  3.687426764287058E-008
   27.3000009166667       3.929608692929439E-007  3.692092847282223E-007
   27.4680011597222       3.840864933882933E-007  5.050164773222527E-007
   27.6360014027778       3.631246161727947E-007  4.114327418369566E-007
   27.8039984166667       3.113349325105238E-007  2.207087949542987E-007
   27.9719986597222       2.304652633494106E-007  9.411486161566909E-008
   28.1399989027778       1.456055406180077E-007  5.548036810240573E-008
   28.3079991458333       9.056909600580908E-008  1.246556824322590E-009
   28.4759993958333       8.078067504283988E-008 -1.524347194906473E-007
   28.6439996388889       1.054276217326655E-007 -3.702138362353618E-007
   28.8119998819444       1.377988612945854E-007 -5.557158338947380E-007
   28.9800001250000       1.562146152024293E-007 -6.362135968565126E-007
   29.1480003680556       1.531172170086876E-007 -6.022629697851279E-007
   29.3160006111111       1.359007856981327E-007 -4.672801534418148E-007
   29.4840008611111       1.141658734938621E-007 -2.657369119731366E-007
   29.6520011041667       1.003408039517006E-007 -7.324643793049279E-008
   29.8200013472222       9.744992640913444E-008 -8.776446518184865E-009
   29.9880015902778       1.105547679973338E-007 -1.368503198221102E-007
   30.1559986041667       1.331986377162293E-007 -3.917037684120899E-007
   30.3239988472222       1.599766577798774E-007 -6.298113570028765E-007
   30.4919990902778       1.709467343868999E-007 -7.470319270058030E-007
   30.6599993333333       1.509504296727635E-007 -7.386871571579089E-007
   30.8279995833333       9.501633505714968E-008 -6.518971580372766E-007
   30.9959998263889       2.559022023984707E-008 -5.166995149634668E-007
   31.1640000694444      -2.849992615627140E-008 -3.122933234147783E-007
   31.3320003125000      -5.481187308062270E-008 -4.060735129164620E-008
   31.5000005555556      -6.050198169894789E-008  2.123019192415013E-007
   31.6680008055556      -6.438277619958212E-008  3.096954865822516E-007
   31.8360010486111      -7.814662784800786E-008  2.066554817301490E-007
   32.0040012916667      -1.061265763990654E-007 -2.134431145215052E-008
   32.1720015347222      -1.334571587829054E-007 -2.289614607497966E-007
   32.3399985486111      -1.466270145525299E-007 -3.222504260411319E-007
   32.5079987916667      -1.349776511703905E-007 -2.911018530393655E-007
   32.6759990347222      -1.083191507353530E-007 -1.819921321927160E-007
   32.8439992777778      -7.879957702107540E-008 -5.882138910269497E-008
   33.0119995277778      -5.938173012972867E-008 -3.679578366350895E-009
   33.1799997708333      -4.859659065728700E-008 -1.011587431311630E-007
   33.3480000138889      -3.753600376961712E-008 -3.336907482542730E-007
   33.5160002569444      -1.712365255890365E-008 -5.623012271082084E-007
   33.6840005000000       2.026273641763555E-008 -6.398646275519072E-007
   33.8520007500000       8.024501971352796E-008 -5.662905207161423E-007
   34.0200009930556       1.647025667032431E-007 -4.468187216871640E-007
   34.1880012361111       2.606759044217418E-007 -3.483146940366871E-007
   34.3560014791667       3.459476602185856E-007 -2.316730394421395E-007
   34.5239984930556       3.983119317078974E-007 -5.690366502226643E-008
   34.6919987361111       4.074002347076389E-007  1.380388467945308E-007
   34.8599989791667       3.755222745452319E-007  2.690153074791124E-007
   35.0279992222222       3.110199360308903E-007  3.027187209453956E-007
   35.1959994652778       2.266860191473850E-007  2.464025992941729E-007
   35.3639997152778       1.336777710749004E-007  1.154502038691023E-007
   35.5319999583333       4.498327097065297E-008 -5.352952036458825E-008
   35.7000002013889      -2.643884787161154E-008 -1.964438753497169E-007
   35.8680004444444      -7.085491228920165E-008 -2.725731173333312E-007
   36.0360006875000      -8.997164503069943E-008 -3.143242348321678E-007
   36.2040009375000      -9.278328487067491E-008 -3.521451864845615E-007
   36.3720011805556      -8.925629530939612E-008 -3.569108654476058E-007
   36.5400014236111      -8.026960455281421E-008 -2.745296382092433E-007
   36.7079984375000      -5.469136849394360E-008 -1.097779250566343E-007
   36.8759986805556       7.030452567209245E-010  9.981723942443077E-008
   37.0439989236111       9.111193293222876E-008  3.377214250908687E-007
   37.2119991666667       1.986855961353704E-007  6.035835104730384E-007
   37.3799994097222       2.978221915636893E-007  8.468941869654977E-007
   37.5479996597222       3.637994047708831E-007  9.726405706862358E-007
   37.7159999027778       3.884963820593425E-007  9.215700679760377E-007
   37.8840001458333       3.775907224743760E-007  7.220854715127726E-007
   38.0520003888889       3.526231720821777E-007  4.530620673150090E-007
   38.2200006319444       3.318406635534272E-007  1.887568940929346E-007
   38.3880008819444       3.245304744220763E-007 -1.616871865694375E-008
   38.5560011250000       3.243267535355534E-007 -1.012241838762669E-007
   38.7240013680556       3.205841461602417E-007 -5.000681957003301E-008
   38.8920016111111       3.032108835561291E-007  7.810774190796221E-008
   39.0599986250000       2.715281132548461E-007  1.759267127079616E-007
   39.2279988680556       2.330516220750372E-007  1.849103012734894E-007
   39.3959991111111       2.033430706744475E-007  1.401432335822191E-007
   39.5639993541667       1.979695483962624E-007  1.247215206052631E-007
   39.7319995972222       2.221844297087765E-007  1.955425647608579E-007
   39.8999998472222       2.653929410290577E-007  3.358708130175437E-007
   40.0680000902778       3.084942871841925E-007  4.876500705603696E-007
   40.2360003333333       3.306116375016128E-007  5.757811158517800E-007
   40.4040005763889       3.251394965698177E-007  5.764797913209850E-007
   40.5720008194444       2.977142973588276E-007  5.173240480664788E-007
   40.7400010694444       2.670656114235194E-007  4.411777595182047E-007
   40.9080013125000       2.466447563278562E-007  3.615041246318630E-007
   41.0760015555556       2.437432305269056E-007  2.770139658711004E-007
   41.2439985694444       2.541420696235906E-007  1.995339678587086E-007
   41.4119988125000       2.744214958290973E-007  1.647689845640764E-007
   41.5799990555556       3.002215812344851E-007  1.972867095875710E-007
   41.7479992986111       3.285752352060576E-007  2.834119247010819E-007
   41.9159995416667       3.546608772979756E-007  3.596577315383716E-007
   42.0839997916667       3.764511325906514E-007  3.856111582475637E-007
   42.2520000347222       3.944959885360667E-007  3.784573505672501E-007
   42.4200002777778       4.092071989528327E-007  3.980713878135622E-007
   42.5880005208333       4.202891250334933E-007  4.571318938027075E-007
   42.7560007638889       4.233466445364170E-007  5.228901233433921E-007
   42.9240010138889       4.129375526734807E-007  5.616286720876789E-007
   43.0920012569444       3.819749250034972E-007  5.698057995310094E-007
   43.2600015000000       3.274602456973920E-007  5.563690932869110E-007
   43.4279985138889       2.571681949530468E-007  5.314576925527920E-007
   43.5959987569444       1.873645687040322E-007  4.998688255747168E-007
   43.7639990000000       1.398451750657410E-007  4.821558730501799E-007
   43.9319992430556       1.274507274858622E-007  4.985692249245967E-007
   44.0999994861111       1.558446324111792E-007  5.711826139646413E-007
   44.2679997361111       2.189028699679256E-007  6.852028395885132E-007
   44.4359999791667       3.058874850195194E-007  8.043594249844842E-007
   44.6040002222222       4.019400061894916E-007  8.702390432611159E-007
   44.7720004652778       4.918377182643029E-007  8.532456129296677E-007
   44.9400007083333       5.610970185848268E-007  7.602131367946855E-007
   45.1080009513889       5.960576570196062E-007  6.344318224026781E-007
   45.2760012013889       5.897621325382312E-007  5.132815521301423E-007
   45.4440014444444       5.433946135098739E-007  4.125174229390235E-007
   45.6119984513889       4.681262450299108E-007  3.318463095411457E-007
   45.7799987013889       3.795848419058638E-007  2.849262592641421E-007
   45.9479989444444       2.935973796109279E-007  2.993087615168154E-007
   46.1159991875000       2.245139425012611E-007  3.833807449234850E-007
   46.2839994305556       1.822759826741664E-007  5.123650408051181E-007
   46.4519996736111       1.732756422769465E-007  6.338832309366707E-007
   46.6199999236111       1.960805311976876E-007  7.028639234786256E-007
   46.7880001666667       2.428574774013654E-007  7.062536255996226E-007
   46.9560004097222       3.008605705478092E-007  6.697204865195185E-007
   47.1240006527778       3.565883306437108E-007  6.221068793885491E-007
   47.2920008958333       3.988646490880069E-007  5.712426723834487E-007
   47.4600011458333       4.202168439819328E-007  5.054407021970765E-007
   47.6280013888889       4.180145054868936E-007  4.310089013304980E-007
   47.7959983958333       3.937666323973366E-007  3.774989596629956E-007
   47.9639986458333       3.531988766979981E-007  3.706571083150826E-007
   48.1319988888889       3.064639651831033E-007  4.027667090834995E-007
   48.2999991319444       2.665626531879177E-007  4.438631091603676E-007
   48.4679993750000       2.458071647432485E-007  4.715698942533386E-007
   48.6359996180556       2.500253845152025E-007  4.991143106665379E-007
   48.8039998680556       2.749209485888078E-007  5.331202808263278E-007
   48.9720001111111       3.093064718240671E-007  5.625706834231678E-007
   49.1400003541667       3.392480753524138E-007  5.524703216139357E-007
   49.3080005972222       3.546320579430830E-007  4.994184807475679E-007
   49.4760008402778       3.505385307157312E-007  4.289416942777756E-007
   49.6440010902778       3.286852078789256E-007  3.748854877875562E-007
   49.8120013333333       2.959358112275105E-007  3.517811133424520E-007
   49.9800015763889       2.614136364763180E-007  3.463375746121758E-007
   50.1479985833333       2.351502543231376E-007  3.432397576474593E-007
   50.3159988333333       2.230225176439529E-007  3.371751912900623E-007
   50.4839990763889       2.283896028508832E-007  3.433269912599007E-007
   50.6519993194444       2.472816671731741E-007  3.620838000522326E-007
   50.8199995625000       2.725724968951204E-007  3.743476919464170E-007
   50.9879998055556       2.941185166861066E-007  3.488252216184608E-007
   51.1560000555556       3.058567112842627E-007  2.902993472355797E-007
   51.3240002986111       3.060042825127064E-007  2.212719667182605E-007
   51.4920005416667       2.965703644076273E-007  1.750026475725382E-007
   51.6600007847222       2.815176647996256E-007  1.506874724232450E-007
   51.8280010277778       2.640816448704885E-007  1.447358568421278E-007
   51.9960012777778       2.485056521893431E-007  1.552338885225853E-007
   52.1640015208333       2.366001098699559E-007  1.952559843512799E-007
   52.3319985277778       2.299308954542037E-007  2.529929249914194E-007
   52.4999987777778       2.285238346577943E-007  3.041256886760734E-007
   52.6679990208333       2.305444157789736E-007  3.167710570041808E-007
   52.8359992638889       2.350656420869545E-007  2.938833706042056E-007
   53.0039995069444       2.374791467270464E-007  2.433608699437147E-007
   53.1719997500000       2.377906687526994E-007  1.972602168759690E-007
   53.3400000000000       2.344936756361718E-007  1.593735143090010E-007
   53.5080002430556       2.299738608003030E-007  1.505457022920725E-007
   53.6760004861111       2.255735578996110E-007  1.669550831137648E-007
   53.8440007291667       2.222726560223552E-007  2.047257637353094E-007
   54.0120009722222       2.204804891788545E-007  2.386438643583093E-007
   54.1800012222222       2.189400031452081E-007  2.468213330426557E-007
   54.3480014652778       2.176069451412119E-007  2.212700743817175E-007
   54.5160017083333       2.176494916667014E-007  1.770768190193596E-007
   54.6840019513889       2.182426151101081E-007  1.379366606212087E-007
   54.8520021944444       2.206012264546801E-007  1.313483513481475E-007
   55.0200024444444       2.206066863109354E-007  1.510984972021408E-007
   55.1880026875000       2.184609628026336E-007  1.831057567373178E-007
   55.3560029305556       2.128763054509413E-007  1.985231188540942E-007
   55.5240031736111       2.054455806613656E-007  1.958446405899336E-007
   55.6919969513889       1.984547776348074E-007  1.759682665323138E-007
   55.8599971944444       1.921575779702631E-007  1.524116857468881E-007
   56.0279974375000       1.877274630135412E-007  1.309792371207575E-007
   56.1959976875000       1.834509374862728E-007  1.238051566467228E-007
   56.3639979305556       1.787418270019177E-007  1.316238414495246E-007
   56.5319981736111       1.729655472591784E-007  1.466597892258340E-007
   56.6999984166667       1.652007165427109E-007  1.571511201239796E-007
   56.8679986597222       1.566754921915646E-007  1.575645181038493E-007
   57.0359989097222       1.467865447523047E-007  1.521942686620438E-007
   57.2039991527778       1.371242898498708E-007  1.430964419357661E-007
   57.3719993958333       1.278860812353261E-007  1.351121001306753E-007
   57.5399996388889       1.199309310480544E-007  1.259744490639669E-007
   57.7079998819444       1.141478963215211E-007  1.156287737292453E-007
   57.8760001319444       1.099445980389024E-007  1.012459146997833E-007
   58.0440003750000       1.072390531329772E-007  8.355282399069663E-008
   58.2120006180556       1.042573667151886E-007  6.693610046201690E-008
   58.3800008611111       1.009668571283290E-007  5.416338331960419E-008
   58.5480011041667       9.731121965440158E-008  5.145055987930519E-008
   58.7160013541667       9.242011910703996E-008  5.806060002551794E-008
   58.8840015972222       8.852147152170689E-008  7.420234708190400E-008
   59.0520018402778       8.247288924094238E-008  8.939850749038507E-008
   59.2200020833333       8.002562496947789E-008  1.066180798066086E-007
   59.3880023263889       7.587197727949757E-008  1.116978788430874E-007
   59.5560025763889       7.589571683376538E-008  1.272864974914580E-007
   59.7240028194444       7.533632974288958E-008  1.260290320907464E-007
   59.8920030625000       2.854784492717724E-007  5.015401928007605E-007
   60.0599968402778       4.925140269360078E-007  8.822278328526225E-007
