  -60.0599968402778       3.826155328663906E-033  3.792722213571322E-033
  -59.8920030625000       9.829562002334448E-013  5.398760567958514E-012
  -59.7240028194444       7.827259601357145E-015 -1.345938257077663E-014
  -59.5560025763889      -2.323161159542212E-015 -1.810951762859361E-014
  -59.3880023263889       2.374515286398001E-015  1.843047826162368E-015
  -59.2200020833333       1.391750665075293E-015  7.947513491291020E-015
  -59.0520018402778       7.170199121784879E-016  1.575030184318957E-014
  -58.8840015972222       6.618167569110130E-016  2.354275678179638E-014
  -58.7160013541667      -2.925554384125319E-017  2.801226000022998E-014
  -58.5480011041667      -7.729194661551094E-016  2.651187429778459E-014
  -58.3800008611111      -1.778260813969158E-015  1.994069466854137E-014
  -58.2120006180556      -2.314186564501542E-015  1.204070545865123E-014
  -58.0440003750000      -2.631556112583450E-015  4.127636070634105E-015
  -57.8760001319444      -2.952348251967734E-015 -2.979629597616039E-015
  -57.7079998819444      -3.684675582428099E-015 -9.085820080474420E-015
  -57.5399996388889      -4.628241846759428E-015 -1.368050675407658E-014
  -57.3719993958333      -5.111648686045609E-015 -1.651671271099484E-014
  -57.2039991527778      -4.577531651379575E-015 -1.846440209072787E-014
  -57.0359989097222      -3.598908786676274E-015 -2.159313144623237E-014
  -56.8679986597222      -2.777298692714630E-015 -2.667538024079676E-014
  -56.6999984166667      -2.156782950942558E-015 -3.218476696685490E-014
  -56.5319981736111      -1.483792212044493E-015 -3.459292895395138E-014
  -56.3639979305556      -6.128359437007198E-016 -3.132066154100141E-014
  -56.1959976875000       2.934990353399123E-016 -2.295624368066448E-014
  -56.0279974375000       9.497761832301288E-016 -1.176599210620601E-014
  -55.8599971944444       1.237229027209966E-015  4.494266519574095E-017
  -55.6919969513889       1.249838392501401E-015  1.051609535677555E-014
  -55.5240031736111       1.392882515116426E-015  1.863324808585850E-014
  -55.3560029305556       2.308272147417442E-015  2.545668990037720E-014
  -55.1880026875000       4.509633612595789E-015  3.348375784533777E-014
  -55.0200024444444       7.930219327113527E-015  4.437286851665164E-014
  -54.8520021944444       1.163346422612563E-014  5.667316304446108E-014
  -54.6840019513889       1.411592011524378E-014  6.562167357223587E-014
  -54.5160017083333       1.426398833951184E-014  6.632730802531862E-014
  -54.3480014652778       1.208817334470050E-014  5.753287881041094E-014
  -54.1800012222222       8.581206952514775E-015  4.235391305774535E-014
  -54.0120009722222       5.001776285919546E-015  2.565339738314605E-014
  -53.8440007291667       2.236633018105683E-015  1.097947929350894E-014
  -53.6760004861111       5.987900976737951E-016 -4.535439300558221E-016
  -53.5080002430556      -2.354909036892111E-017 -9.104893031075323E-015
  -53.3400000000000       6.867435827317542E-017 -1.567900432517128E-014
  -53.1719997500000       5.626492606816918E-016 -1.982269939705263E-014
  -53.0039995069444       1.224208479647600E-015 -2.022948298939043E-014
  -52.8359992638889       1.909314656451919E-015 -1.603422346656697E-014
  -52.6679990208333       2.532873240640600E-015 -7.884779852115658E-015
  -52.4999987777778       3.038342711812986E-015  2.300142799176202E-015
  -52.3319985277778       3.382348286767424E-015  1.235997629595134E-014
  -52.1640015208333       3.528825170907978E-015  2.069289559036916E-014
  -51.9960012777778       3.452405785065148E-015  2.645856434072470E-014
  -51.8280010277778       3.151268815498801E-015  2.942023942738131E-014
  -51.6600007847222       2.657357524485732E-015  2.970525753879993E-014
  -51.4920005416667       2.031037846317235E-015  2.763691395247239E-014
  -51.3240002986111       1.344163053312656E-015  2.370110017261694E-014
  -51.1560000555556       6.661928227652622E-016  1.858060008673451E-014
  -50.9879998055556       5.901541606407180E-017  1.310750281644479E-014
  -50.8199995625000      -4.257318784875349E-016  8.066251159288798E-015
  -50.6519993194444      -7.511962492111128E-016  3.937374377021440E-015
  -50.4839990763889      -8.982052554094560E-016  7.483720566652561E-016
  -50.3159988333333      -8.628669056079921E-016 -1.846813070101714E-015
  -50.1479985833333      -6.510218299116351E-016 -4.267292502340638E-015
  -49.9800015763889      -2.743655575170901E-016 -6.637046947952763E-015
  -49.8120013333333       2.494499560192034E-016 -8.563579032287908E-015
  -49.6440010902778       8.940665612730576E-016 -9.209526143211864E-015
  -49.4760008402778       1.622107273711501E-015 -7.663259040039802E-015
  -49.3080005972222       2.386053589206096E-015 -3.450062113971963E-015
  -49.1400003541667       3.133030942466876E-015  3.114001444876506E-015
  -48.9720001111111       3.811295518828494E-015  1.097782069341222E-014
  -48.8039998680556       4.375065303824042E-015  1.878418233758010E-014
  -48.6359996180556       4.786618060250396E-015  2.536978640077204E-014
  -48.4679993750000       5.017501069015038E-015  3.005537144656768E-014
  -48.2999991319444       5.050720641187871E-015  3.265431471400101E-014
  -48.1319988888889       4.883914144587637E-015  3.329117928951884E-014
  -47.9639986458333       4.532448115330695E-015  3.218735933142240E-014
  -47.7959983958333       4.031354189837161E-015  2.956385883668497E-014
  -47.6280013888889       3.434898286435145E-015  2.570744696211530E-014
  -47.4600011458333       2.812525636630959E-015  2.110230298611948E-014
  -47.2920008958333       2.240858327898065E-015  1.646363943374011E-014
  -47.1240006527778       1.793263889440007E-015  1.255671705902582E-014
  -46.9560004097222       1.530119812078366E-015  9.840012425309237E-015
  -46.7880001666667       1.492752476947894E-015  8.187124479841839E-015
  -46.6199999236111       1.701863270033102E-015  6.984837066445707E-015
  -46.4519996736111       2.158739939132530E-015  5.613487313596578E-015
  -46.2839994305556       2.846885838790133E-015  3.970031372554643E-015
  -46.1159991875000       3.733087870733546E-015  2.673386245370187E-015
  -45.9479989444444       4.768545908249984E-015  2.841056015229800E-015
  -45.7799987013889       5.891026479172262E-015  5.554093518127593E-015
  -45.6119984513889       7.028456155879007E-015  1.125250354015149E-014
  -45.4440014444444       8.103897816198132E-015  1.937111701903099E-014
  -45.2760012013889       9.041651823808453E-015  2.845664957354800E-014
  -45.1080009513889       9.773910739788188E-015  3.674067074278946E-014
  -44.9400007083333       1.024707060374511E-014  4.284770924754329E-014
  -44.7720004652778       1.042689163958408E-014  4.623135232780558E-014
  -44.6040002222222       1.030211035246378E-014  4.712706541246966E-014
  -44.4359999791667       9.886509558843339E-015  4.614147370785539E-014
  -44.2679997361111       9.220253410679827E-015  4.381009167401979E-014
  -44.0999994861111       8.374516450174634E-015  4.041627141673426E-014
  -43.9319992430556       7.469756428367197E-015  3.615033935571104E-014
  -43.7639990000000       6.725196242813706E-015  3.145916647959306E-014
  -43.5959987569444       6.558279269496602E-015  2.731926935817542E-014
  -43.4279985138889       7.736287267965416E-015  2.522551797835531E-014
  -43.2600015000000       1.153367284999064E-014  2.690655216281865E-014
  -43.0920012569444       1.976734623769440E-014  3.406366428711608E-014
  -42.9240010138889       3.450750284181382E-014  4.849466713779528E-014
  -42.7560007638889       5.727600140864292E-014  7.231288242329159E-014
  -42.5880005208333       8.772819004579414E-014  1.068299633767733E-013
  -42.4200002777778       1.221735796121908E-013  1.489364476316647E-013
  -42.2520000347222       1.526892942228572E-013  1.869002242594594E-013
  -42.0839997916667       1.677246442938119E-013  2.006272161204958E-013
  -41.9159995416667       1.546895964948385E-013  1.694402963643065E-013
  -41.7479992986111       1.040858178827444E-013  8.316127332782183E-014
  -41.5799990555556       1.371335050448934E-014 -5.265749247387769E-014
  -41.4119988125000      -1.090425661037619E-013 -2.216698632231556E-013
  -41.2439985694444      -2.484243587516022E-013 -4.058317036756221E-013
  -41.0760015555556      -3.851474024251303E-013 -5.901151524495273E-013
  -40.9080013125000      -5.030807552723942E-013 -7.626238807329146E-013
  -40.7400010694444      -5.946773060881727E-013 -9.160114205853844E-013
  -40.5720008194444      -6.625247771723741E-013 -1.051595124138794E-012
  -40.4040005763889      -7.166564396205665E-013 -1.181105777959062E-012
  -40.2360003333333      -7.697255341290513E-013 -1.322522657424546E-012
  -40.0680000902778      -8.328240535125475E-013 -1.492565551820089E-012
  -39.8999998472222      -9.134899671418682E-013 -1.700877922329464E-012
  -39.7319995972222      -1.015827693168543E-012 -1.948443049852541E-012
  -39.5639993541667      -1.141814679352983E-012 -2.229489413159484E-012
  -39.3959991111111      -1.292833482904901E-012 -2.534840280425939E-012
  -39.2279988680556      -1.470861669716144E-012 -2.855172653752930E-012
  -39.0599986250000      -1.679201968382965E-012 -3.183686998904802E-012
  -38.8920016111111      -1.922910184454626E-012 -3.518388591150549E-012
  -38.7240013680556      -2.209116373499501E-012 -3.864344714146331E-012
  -38.5560011250000      -2.547364591083928E-012 -4.235997483337167E-012
  -38.3880008819444      -2.950002113019521E-012 -4.659196440747283E-012
  -38.2200006319444      -3.432571135377936E-012 -5.172252241719087E-012
  -38.0520003888889      -4.014085453699302E-012 -5.825077997217735E-012
  -37.8840001458333      -4.717016025643235E-012 -6.675232944353504E-012
  -37.7159999027778      -5.566738326820433E-012 -7.779527944688678E-012
  -37.5479996597222      -6.590084108534111E-012 -9.181141184409927E-012
  -37.3799994097222      -7.812447070898798E-012 -1.089674523795060E-011
  -37.2119991666667      -9.252682440338456E-012 -1.291424110355718E-011
  -37.0439989236111      -1.091513515060696E-011 -1.520906061932253E-011
  -36.8759986805556      -1.277880710082433E-011 -1.776628641562119E-011
  -36.7079984375000      -1.478523399137746E-011 -2.057360459075744E-011
  -36.5400014236111      -1.682858176014791E-011 -2.356687624775294E-011
  -36.3720011805556      -1.875307627080016E-011 -2.656943137775530E-011
  -36.2040009375000      -2.036292673554009E-011 -2.929762134027283E-011
  -36.0360006875000      -2.144751210647293E-011 -3.144992921682416E-011
  -35.8680004444444      -2.181958758617301E-011 -3.280593169096629E-011
  -35.7000002013889      -2.135783561040132E-011 -3.323933716517811E-011
  -35.5319999583333      -2.003971872144175E-011 -3.261850890719020E-011
  -35.3639997152778      -1.795047522230370E-011 -3.066267818192633E-011
  -35.1959994652778      -1.526172818954945E-011 -2.689082359753183E-011
  -35.0279992222222      -1.218694259603646E-011 -2.080068520423902E-011
  -34.8599989791667      -8.933066252239678E-012 -1.224922309692367E-011
  -34.6919987361111      -5.668049458907564E-012 -1.759634517332576E-012
  -34.5239984930556      -2.511079190003301E-012  9.478011631203476E-012
  -34.3560014791667       4.616383685717879E-013  1.992958942515187E-011
  -34.1880012361111       3.203310951250074E-012  2.839305355504063E-011
  -34.0200009930556       5.673910088465941E-012  3.464122684734857E-011
  -33.8520007500000       7.809476283694242E-012  3.899245499155087E-011
  -33.6840005000000       9.503804840912612E-012  4.097920917622048E-011
  -33.5160002569444       1.063122237716020E-011  3.922012067330176E-011
  -33.3480000138889       1.111052452480569E-011  3.327987544137630E-011
  -33.1799997708333       1.096751965210458E-011  2.504865908825750E-011
  -33.0119995277778       1.034728782385048E-011  1.766155527921084E-011
  -32.8439992777778       9.467667839221352E-012  1.352016335338415E-011
  -32.6759990347222       8.548688232308390E-012  1.343082388927566E-011
  -32.5079987916667       7.758295055099188E-012  1.672739890986525E-011
  -32.3399985486111       7.190326077781829E-012  2.183784590140310E-011
  -32.1720015347222       6.868798949920737E-012  2.700758935406344E-011
  -32.0040012916667       6.767324508569507E-012  3.066136224737170E-011
  -31.8360010486111       6.835051925852616E-012  3.174079181648067E-011
  -31.6680008055556       7.021504324412967E-012  3.042514206284013E-011
  -31.5000005555556       7.293114086095481E-012  2.816239815031100E-011
  -31.3320003125000       7.637730608541516E-012  2.657003159464395E-011
  -31.1640000694444       8.058699582467146E-012  2.649831614448335E-011
  -30.9959998263889       8.563740981551449E-012  2.795669054618445E-011
  -30.8279995833333       9.154403156502838E-012  3.042304414781861E-011
  -30.6599993333333       9.820271312390336E-012  3.315248187610367E-011
  -30.4919990902778       1.053979824562686E-011  3.546648085930196E-011
  -30.3239988472222       1.128717465481782E-011  3.699677141051609E-011
  -30.1559986041667       1.204228665784027E-011  3.777796915738232E-011
  -29.9880015902778       1.279918037575448E-011  3.814457831337927E-011
  -29.8200013472222       1.356879508721031E-011  3.852834191583213E-011
  -29.6520011041667       1.437440005927529E-011  3.930071250958681E-011
  -29.4840008611111       1.524156697543625E-011  4.070461679433585E-011
  -29.3160006111111       1.618663611334783E-011  4.280702150529836E-011
  -29.1480003680556       1.720786551579883E-011  4.543542028525764E-011
  -28.9800001250000       1.828266565293497E-011  4.817939006622171E-011
  -28.8119998819444       1.937281012541924E-011  5.054027030865919E-011
  -28.6439996388889       2.043695405759834E-011  5.216291844317659E-011
  -28.4759993958333       2.144612422590338E-011  5.297639915365610E-011
  -28.3079991458333       2.239530872550382E-011  5.315118518450909E-011
  -28.1399989027778       2.330523112081666E-011  5.295043644519128E-011
  -27.9719986597222       2.421320328525617E-011  5.260917651828331E-011
  -27.8039984166667       2.515739482076382E-011  5.228653271580338E-011
  -27.6360014027778       2.616123688410857E-011  5.205438722199508E-011
  -27.4680011597222       2.722331508463701E-011  5.189999712943921E-011
  -27.3000009166667       2.831504814200678E-011  5.176153840108551E-011
  -27.1320006736111       2.938615610098539E-011  5.160354703697875E-011
  -26.9640004236111       3.037684263075618E-011  5.149133120698588E-011
  -26.7960001805556       3.123473175216080E-011  5.160345615518964E-011
  -26.6279999375000       3.193270580852323E-011  5.215587110889763E-011
  -26.4599996944444       3.248183376496990E-011  5.326985004780546E-011
  -26.2919994513889       3.293332904339375E-011  5.485411842058713E-011
  -26.1239992013889       3.336654517475414E-011  5.656944979897940E-011
  -25.9560005763889       3.386593659049790E-011  5.791131405476473E-011
  -25.7880003333333       3.449545189175884E-011  5.839092673917999E-011
  -25.6200000902778       3.528090227599072E-011  5.773484286409610E-011
  -25.4519998402778       3.620743192103857E-011  5.600404217424602E-011
  -25.2839995972222       3.723222664933227E-011  5.357638454440437E-011
  -25.1159993541667       3.830603463131673E-011  5.100404256029646E-011
  -24.9480007291667       3.939421751642666E-011  4.881239305913292E-011
  -24.7800004791667       4.048951589467562E-011  4.733589477875326E-011
  -24.6120002361111       4.161251890385610E-011  4.666998023394161E-011
  -24.4439999930556       4.279954625726716E-011  4.674616038228480E-011
  -24.2759997500000       4.408086249404414E-011  4.745685826635060E-011
  -24.1079995069444       4.545574811929323E-011  4.873392565291678E-011
  -23.9399992569444       4.687433403692865E-011  5.053266249531811E-011
  -23.7720006319444       4.823685936659436E-011  5.274663554695668E-011
  -23.6040003888889       4.941552913438584E-011  5.513125178979190E-011
  -23.4360001458333       5.029369684688614E-011  5.731423698053845E-011
  -23.2679999027778       5.080698979621804E-011  5.890918046427033E-011
  -23.0999996527778       5.096836661864843E-011  5.966538499941996E-011
  -22.9319994097222       5.086646237244928E-011  5.955508905342665E-011
  -22.7640007847222       5.063878909653470E-011  5.874670928810616E-011
  -22.5960005416667       5.043153459104339E-011  5.749529782564534E-011
  -22.4280002916667       5.036055755169678E-011  5.603069024357605E-011
  -22.2600000486111       5.048481941291049E-011  5.450956768940897E-011
  -22.0919998055556       5.079835577807626E-011  5.304081731731839E-011
  -21.9239995625000       5.124148967379869E-011  5.174217998438205E-011
  -21.7559993194444       5.172744537103598E-011  5.077466521360957E-011
  -21.5880006875000       5.217534691251058E-011  5.032736197311043E-011
  -21.4200004444444       5.253743078081102E-011  5.056118130994140E-011
  -21.2520002013889       5.281016003142010E-011  5.154260521342923E-011
  -21.0839999583333       5.302607510980860E-011  5.320274697501214E-011
  -20.9159997083333       5.323225417252280E-011  5.534452360286208E-011
  -20.7479994652778       5.346583868589974E-011  5.769430839490677E-011
  -20.5799992222222       5.373563693676586E-011  5.996837118507366E-011
  -20.4120005972222       5.401384192684835E-011  6.191876401759497E-011
  -20.2440003472222       5.423843271682641E-011  6.334539700889772E-011
  -20.0760001041667       5.432582570743537E-011  6.409333477569131E-011
  -19.9079998611111       5.419287304557483E-011  6.406753119721881E-011
  -19.7399996180556       5.378422980634248E-011  6.327512434064309E-011
  -19.5719993750000       5.309686274177823E-011  6.186815646106016E-011
  -19.4040007430556       5.219191817186585E-011  6.014239229006529E-011
  -19.2360005000000       5.118796630584830E-011  5.846498244256376E-011
  -19.0680002569444       5.023747343111238E-011  5.715183390367231E-011
  -18.9000000138889       4.949537874292105E-011  5.636424398046022E-011
  -18.7319997638889       4.909028757697123E-011  5.608969704443366E-011
  -18.5639995208333       4.910561297654515E-011  5.620645334052343E-011
  -18.3959992777778       4.957251317983104E-011  5.657266108788849E-011
  -18.2280006527778       5.047306880954811E-011  5.708284881842782E-011
  -18.0600004097222       5.175113211360329E-011  5.767995621967384E-011
  -17.8920001597222       5.332808810090233E-011  5.834585557615809E-011
  -17.7239999166667       5.511957310762692E-011  5.909284293088284E-011
  -17.5559996736111       5.704771057335082E-011  5.996172524949958E-011
  -17.3879994305556       5.904407579262154E-011  6.101974587347235E-011
  -17.2200007986111       6.104311455459528E-011  6.234300527198757E-011
  -17.0520005555556       6.297163445843231E-011  6.397017113974583E-011
  -16.8840003125000       6.474335592711931E-011  6.584243735042441E-011
  -16.7160000694444       6.626551987441449E-011  6.777789102353030E-011
  -16.5479998263889       6.745815176530802E-011  6.952088163663107E-011
  -16.3799995763889       6.827957348926537E-011  7.085311212495925E-011
  -16.2119993333333       6.874862085547620E-011  7.169987547391484E-011
  -16.0440007083333       6.895500441462468E-011  7.216022816794441E-011
  -15.8760004652778       6.905363681714536E-011  7.244680976876379E-011
  -15.7080002152778       6.924301739121396E-011  7.279174671031941E-011
  -15.5399999722222       6.973113534043349E-011  7.338953197753705E-011
  -15.3719997291667       7.069451863797764E-011  7.439296505794024E-011
  -15.2039994861111       7.223943405446362E-011  7.592223317165449E-011
  -15.0359992430556       7.437682547467453E-011  7.804664328726805E-011
  -14.8680006111111       7.702215531355279E-011  8.074186866779039E-011
  -14.7000003680556       8.002416892508473E-011  8.386495558448300E-011
  -14.5320001250000       8.321445734088842E-011  8.719214637179730E-011
  -14.3639998819444       8.645821616403681E-011  9.052828928833283E-011
  -14.1959996319444       8.968482051591174E-011  9.383427369614152E-011
  -14.0279993888889       9.288681789126509E-011  9.726193730425003E-011
  -13.8600007638889       9.609199622850779E-011  1.010069241841879E-010
  -13.6920005208333       9.932484893915131E-011  1.050307144048187E-010
  -13.5240002708333       1.025745909705945E-010  1.088697212503479E-010
  -13.3560000277778       1.057799738042715E-010  1.117620599993531E-010
  -13.1879997847222       1.088332159565347E-010  1.130911398031766E-010
  -13.0200003472222       1.116011944180084E-010  1.128167594920359E-010
  -12.8520001041667       1.139598214968935E-010  1.114870055945051E-010
  -12.6839998611111       1.158353822344716E-010  1.097892149473988E-010
  -12.5159996180556       1.172437891336231E-010  1.080841231819678E-010
  -12.3480001805556       1.183183847395804E-010  1.064242994818293E-010
  -12.1799999375000       1.193175916927019E-010  1.050627663420598E-010
  -12.0119996944444       1.206047813450279E-010  1.048916232265704E-010
  -11.8440002569444       1.225953034757693E-010  1.072238180493527E-010
  -11.6760000138889       1.256753944215325E-010  1.129613870637971E-010
  -11.5079997638889       1.301156780627195E-010  1.218802014830348E-010
  -11.3400003333333       1.360165513281225E-010  1.327449212789377E-010
  -11.1720000833333       1.433157585046016E-010  1.441918547823832E-010
  -11.0039998402778       1.518542212699400E-010  1.555499184041028E-010
  -10.8359995972222       1.614564114002791E-010  1.668519366013625E-010
  -10.6680001597222       1.719689159187928E-010  1.781902328135100E-010
  -10.4999999166667       1.832336108365021E-010  1.892858674516212E-010
  -10.3319996736111       1.950269658164191E-010  1.998150492499716E-010
  -10.1640002361111       2.070284765751899E-010  2.100190160009912E-010
  -9.99599999305556       2.188596546100448E-010  2.206360831200795E-010
  -9.82799975000000       2.301786984756054E-010  2.319393585236946E-010
  -9.66000031250000       2.407790125221252E-010  2.428687502176704E-010
  -9.49200006944444       2.506526292806411E-010  2.514219817452739E-010
  -9.32399981944444       2.600234426152976E-010  2.562008707312576E-010
  -9.15600038888889       2.693764880886481E-010  2.576132462013809E-010
  -8.98800013888889       2.794880252805684E-010  2.573664644709092E-010
  -8.81999989583333       2.914247959923332E-010  2.565809496901546E-010
  -8.65199965277778       3.064743608983184E-010  2.543405557984763E-010
  -8.48400021527778       3.260009267802668E-010  2.482152129022691E-010
  -8.31599997222222       3.512584573848982E-010  2.365596388840043E-010
  -8.14799972916667       3.832112373327544E-010  2.209473473908822E-010
  -7.98000029166667       4.224093298685490E-010  2.071875244214821E-010
  -7.81200004861111       4.689645229680849E-010  2.045642341361740E-010
  -7.64399980555556       5.226544223415554E-010  2.239718625094586E-010
  -7.47600036805556       5.831260018732822E-010  2.758477676757262E-010
  -7.30800012500000       6.500784953055302E-010  3.684260251162763E-010
  -7.13999988194444       7.232568797015257E-010  5.062988471623818E-010
  -6.97199963194444       8.021690463045722E-010  6.889597944733625E-010
  -6.80400019791667       8.856417975821165E-010  9.092546216373387E-010
  -6.63599995347222       9.714949955591792E-010  1.152527110902448E-009
  -6.46800011388889       1.056585309164774E-009  1.397933447495803E-009
  -6.29999986944444       1.137237186992714E-009  1.622517538230231E-009
  -6.13200002916667       1.209828457658718E-009  1.806080241852881E-009
  -5.96400018888889       1.271240207065324E-009  1.933466991735846E-009
  -5.79599994444444       1.319044486770892E-009  1.993405321501292E-009
  -5.62800010416667       1.351528546817068E-009  1.977395470872756E-009
  -5.45999985972222       1.367734829175851E-009  1.882663765865260E-009
  -5.29200001944444       1.367608560569288E-009  1.717937420892405E-009
  -5.12400017916667       1.352201698450981E-009  1.505784754763249E-009
  -4.95599993472222       1.323787324921644E-009  1.277308868563088E-009
  -4.78800009444444       1.285719683810349E-009  1.062134838099131E-009
  -4.61999985000000       1.241940618603368E-009  8.806712635714999E-010
  -4.45200000972222       1.196212989268267E-009  7.425385119647098E-010
  -4.28400016944444       1.151380148475552E-009  6.490777354203845E-010
  -4.11599992500000       1.108997069242917E-009  5.957382261439923E-010
  -3.94800008541667       1.069486667072387E-009  5.732986606724431E-010
  -3.77999984097222       1.032653116774110E-009  5.700671107331371E-010
  -3.61200000069444       9.981875319439507E-010  5.758983816517284E-010
  -3.44400016041667       9.658274379340500E-010  5.853335259908874E-010
  -3.27599991597222       9.350504307344024E-010  5.967157801510014E-010
  -3.10800007569444       9.044888803822981E-010  6.078966946664457E-010
  -2.94000003333333       8.714775084116946E-010  6.132563357564525E-010
  -2.77199999097222       8.321038572753867E-010  6.063632910590636E-010
  -2.60399994861111       7.818513308716735E-010  5.861962621989527E-010
  -2.43599990625000       7.167261009338257E-010  5.580250954847514E-010
  -2.26800006597222       6.347565190614750E-010  5.226582392774283E-010
  -2.10000002361111       5.375700840247061E-010  4.615132963686359E-010
  -1.93199998125000       4.311808962331983E-010  3.367436265815694E-010
  -1.76399993888889       3.248193373493793E-010  1.182870296289027E-010
  -1.59599999791667       2.277431755257476E-010 -1.778097751391292E-010
  -1.42799995555556       1.461325570649423E-010 -4.788899893011635E-010
  -1.26000001458333       8.297393905824263E-011 -6.993895791915062E-010
  -1.09199997222222       4.110102470416748E-011 -8.119478553395092E-010
 -0.924000030555556       2.515173347099525E-011 -8.736100220459621E-010
 -0.755999988194444       3.769650256278207E-011 -9.622180505550152E-010
 -0.587999996527778       7.101632554376378E-011 -1.075251652854288E-009
 -0.420000004722222       1.033712769646927E-010 -1.104395526215845E-009
 -0.251999987708333       1.070055513116050E-010 -9.348436987371547E-010
 -8.400000222222222E-002  6.413787578667084E-011 -5.844813322689004E-010
  8.400000222222222E-002 -2.242837553586214E-011 -2.397728604829420E-010
  0.251999987708333      -1.329283565162599E-010 -1.291584067268076E-010
  0.420000004722222      -2.450347097401161E-010 -3.193102822798077E-010
  0.587999996527778      -3.486190199717957E-010 -6.292268029527675E-010
  0.755999988194444      -4.502730039310138E-010 -7.917743431482706E-010
  0.924000030555556      -5.719181856533674E-010 -7.531967191999512E-010
   1.09199997222222      -7.317435536952460E-010 -7.747931190700067E-010
   1.26000001458333      -9.362734936304849E-010 -1.153439712474043E-009
   1.42799995555556      -1.165991589449914E-009 -1.873042126237888E-009
   1.59599999791667      -1.396459058481982E-009 -2.601373088109313E-009
   1.76399993888889      -1.634249031103009E-009 -3.051176733809754E-009
   1.93199998125000      -1.908260235114095E-009 -3.284463197604524E-009
   2.10000002361111      -2.330367858587296E-009 -3.726714947329898E-009
   2.26800006597222      -2.959273839393806E-009 -4.655089245017971E-009
   2.43599990625000      -3.837144466224737E-009 -6.053192464262277E-009
   2.60399994861111      -4.966961234551813E-009 -7.135202773408439E-009
   2.77199999097222      -6.113791344313399E-009 -7.430192061473791E-009
   2.94000003333333      -7.219733603134796E-009 -7.835796756685449E-009
   3.10800007569444      -8.491306691679795E-009 -8.985551646917383E-009
   3.27599991597222      -8.828469294278559E-009 -1.274149165864946E-008
   3.44400016041667      -1.076227049721725E-008 -1.913805450265659E-008
   3.61200000069444      -1.463350247159145E-008 -2.855286117011172E-008
   3.77999984097222      -2.364472765313236E-008 -4.025663695852255E-008
   3.94800008541667      -2.819288097946292E-008 -2.317850711757065E-008
   4.11599992500000       2.254631741988371E-008  4.110940601038074E-008
   4.28400016944444       1.864295372487801E-007  2.120481445271380E-007
   4.45200000972222       5.083584364747518E-007  6.941508615087883E-007
   4.61999985000000       1.359673959444464E-006  1.714585214582416E-006
   4.78800009444444       3.819796093119889E-006  4.215076036357238E-006
   4.95599993472222       9.021586534406153E-006  9.814103531173063E-006
   5.12400017916667       1.731480441953856E-005  1.962874709176482E-005
   5.29200001944444       3.168774497485722E-005  3.570636396708854E-005
   5.45999985972222       5.543163734664112E-005  6.026750946257891E-005
   5.62800010416667       8.956673012876355E-005  9.407080578737042E-005
   5.79599994444444       1.339867784893025E-004  1.369872454724625E-004
   5.96400018888889       1.871912392139230E-004  1.940449590484585E-004
   6.13200002916667       2.476459125489309E-004  2.663866805317603E-004
   6.29999986944444       3.172283060677396E-004  3.445141501412490E-004
   6.46800011388889       3.962850551242805E-004  4.239764930576687E-004
   6.63599995347222       4.821888054140596E-004  4.966867528527956E-004
   6.80400019791667       5.653088946490679E-004  5.583975346156955E-004
   6.97199963194444       6.424792891796597E-004  6.164785245240336E-004
   7.13999988194444       7.118321543123034E-004  6.727187765090843E-004
   7.30800012500000       7.668128035614588E-004  7.201474002356728E-004
   7.47600036805556       8.036913490314864E-004  7.622539387416813E-004
   7.64399980555556       8.179975542601481E-004  7.851936260535075E-004
   7.81200004861111       8.239417533710683E-004  7.947900123566475E-004
   7.98000029166667       8.338696542044161E-004  7.989705389189722E-004
   8.14799972916667       8.393414864061575E-004  7.986141195026314E-004
   8.31599997222222       8.386397658262137E-004  8.134152458103118E-004
   8.48400021527778       8.473897036651989E-004  8.335305157294736E-004
   8.65199965277778       8.502879462560428E-004  8.280918476873277E-004
   8.81999989583333       8.286447107463290E-004  7.927567698288123E-004
   8.98800013888889       7.973257999082359E-004  7.560173613501905E-004
   9.15600038888889       7.611111729588432E-004  7.220682531115459E-004
   9.32399981944444       7.017039343310550E-004  6.804929129549181E-004
   9.49200006944444       6.386802775184269E-004  6.292772852800538E-004
   9.66000031250000       5.865882138634520E-004  5.729428140446585E-004
   9.82799975000000       5.376970634052832E-004  5.107448304467836E-004
   9.99599999305556       4.851887323678010E-004  4.585595958338650E-004
   10.1640002361111       4.275693087802679E-004  4.177741598846106E-004
   10.3319996736111       3.693979433603888E-004  3.714298516978954E-004
   10.4999999166667       3.222554716928375E-004  3.221117921010274E-004
   10.6680001597222       2.777195631971606E-004  2.761774615424133E-004
   10.8359995972222       2.321653974660917E-004  2.346642247689357E-004
   11.0039998402778       1.916814408814348E-004  1.957210515319157E-004
   11.1720000833333       1.531457833736954E-004  1.555458805922268E-004
   11.3400003333333       1.180007561625163E-004  1.179667422507474E-004
   11.5079997638889       8.575715612742986E-005  8.973955542596517E-005
   11.6760000138889       5.657024966792079E-005  6.898315146267206E-005
   11.8440002569444       3.538367256458907E-005  5.027061987099242E-005
   12.0119996944444       2.202940816454220E-005  3.429542195740756E-005
   12.1799999375000       1.321288291136963E-005  2.225042711655809E-005
   12.3480001805556       7.216305910341274E-006  1.349827158323230E-005
   12.5159996180556       3.639091478816130E-006  7.668291672470063E-006
   12.6839998611111       1.818255352017201E-006  4.150583717920001E-006
   12.8520001041667       9.342583396064232E-007  2.228087177138777E-006
   13.0200003472222       4.566741034688535E-007  1.125490053120817E-006
   13.1879997847222       1.609847613205914E-007  4.102737942810543E-007
   13.3560000277778      -1.012171360952724E-008  3.513504749233903E-008
   13.5240002708333      -8.894080247919388E-008 -1.453491755492967E-007
   13.6920005208333      -9.098105149165617E-008 -1.617175764271644E-007
   13.8600007638889      -5.602094042935593E-008 -8.635815084705948E-008
   14.0279993888889      -3.015878986477508E-008 -4.683277788965581E-008
   14.1959996319444      -1.354575407687880E-008 -3.947094890674789E-008
   14.3639998819444      -4.672940415789012E-009 -2.443432446563518E-008
   14.5320001250000      -4.257109215241900E-010 -1.090310803530630E-008
   14.7000003680556       2.468040431669471E-009 -3.893214388563245E-009
   14.8680006111111       3.631640789714712E-009 -4.372332891958187E-010
   15.0359992430556       3.000510441134050E-009  1.218167655971480E-009
   15.2039994861111       2.094558198662165E-009  7.599596168074341E-010
   15.3719997291667       1.571693106277950E-009 -5.399833097157784E-010
   15.5399999722222       1.342188649670281E-009 -9.324426515036348E-010
   15.7080002152778       1.330216615881272E-009 -5.689342655091147E-010
   15.8760004652778       1.404225199712856E-009 -1.789225347432300E-010
   16.0440007083333       1.429456192140173E-009 -1.861299788105185E-010
   16.2119993333333       1.337125655475735E-009 -3.467252292705321E-010
   16.3799995763889       1.193523292835999E-009 -3.438433119477014E-010
   16.5479998263889       1.062998483125087E-009 -2.214357455796328E-010
   16.7160000694444       9.563529707174397E-010 -1.654611158992090E-010
   16.8840003125000       8.492686074727619E-010 -1.513698523062006E-010
   17.0520005555556       7.197377104909015E-010  3.456621683554398E-011
   17.2200007986111       5.705924228611241E-010  4.864543065484827E-010
   17.3879994305556       4.285248572337208E-010  1.057077781746438E-009
   17.5559996736111       3.258590560884691E-010  1.537029393191300E-009
   17.7239999166667       2.788544996950340E-010  1.855139939066350E-009
   17.8920001597222       2.842243196943275E-010  2.068543902993686E-009
   18.0600004097222       3.307030486486153E-010  2.230855144084917E-009
   18.2280006527778       4.065541949881773E-010  2.334116420184030E-009
   18.3959992777778       4.960604956264484E-010  2.357727002720084E-009
   18.5639995208333       5.776601472214392E-010  2.317759875632196E-009
   18.7319997638889       6.325831676878207E-010  2.252125995558600E-009
   18.9000000138889       6.558576588450733E-010  2.181302004420774E-009
   19.0680002569444       6.572846061751913E-010  2.100153291089672E-009
   19.2360005000000       6.519535032574798E-010  1.999390005446345E-009
   19.4040007430556       6.498654010866935E-010  1.881219429389320E-009
   19.5719993750000       6.518142074338922E-010  1.754309520519560E-009
   19.7399996180556       6.515086535274767E-010  1.623016433588253E-009
   19.9079998611111       6.406315963922043E-010  1.486545111276420E-009
   20.0760001041667       6.135659488178184E-010  1.345924608429726E-009
   20.2440003472222       5.694243149073021E-010  1.207816880336855E-009
   20.4120005972222       5.110062399263240E-010  1.080817056568881E-009
   20.5799992222222       4.425481846295065E-010  9.694098625574945E-010
   20.7479994652778       3.685601100530541E-010  8.719720408482179E-010
   20.9159997083333       2.940099451116239E-010  7.834404766333181E-010
   21.0839999583333       2.241035238160447E-010  6.988380920162812E-010
   21.2520002013889       1.630773971078369E-010  6.150250085406767E-010
   21.4200004444444       1.134716429432695E-010  5.314179304050874E-010
   21.5880006875000       7.636778687566923E-011  4.504760701807717E-010
   21.7559993194444       5.145397387778652E-011  3.765228649266583E-010
   21.9239995625000       3.661878654474128E-011  3.124800695089337E-010
   22.0919998055556       2.822174194838721E-011  2.576180327580897E-010
   22.2600000486111       2.285890489677687E-011  2.094174968869858E-010
   22.4280002916667       1.952556804358267E-011  1.677680826620031E-010
   22.5960005416667       2.000203573167079E-011  1.362400212096113E-010
   22.7640007847222       2.686194883006173E-011  1.186701077861108E-010
   22.9319994097222       4.086821268599807E-011  1.152677706643082E-010
   23.0999996527778       6.004735738683118E-011  1.224532812977781E-010
   23.2679999027778       8.117518326021308E-011  1.360006465683108E-010
   23.4360001458333       1.020986894001110E-010  1.538401688353004E-010
   23.6040003888889       1.224294922573585E-010  1.754901148061623E-010
   23.7720006319444       1.420130200254567E-010  1.992420679111812E-010
   23.9399992569444       1.592670037309845E-010  2.209275194265408E-010
   24.1079995069444       1.716472756378925E-010  2.360012899103428E-010
   24.2759997500000       1.777527602923737E-010  2.430764819145984E-010
   24.4439999930556       1.783345574128841E-010  2.451909250129830E-010
   24.6120002361111       1.750971453748221E-010  2.469685956403158E-010
   24.7800004791667       1.693240405384951E-010  2.502224123128472E-010
   24.9480007291667       1.619042751198404E-010  2.521436652969138E-010
   25.1159993541667       1.536129272851105E-010  2.471898691209033E-010
   25.2839995972222       1.444005710402992E-010  2.301612334874162E-010
   25.4519998402778       1.329118155342893E-010  1.983769837663859E-010
   25.6200000902778       1.179262787100544E-010  1.533991214980985E-010
   25.7880003333333       1.004020423447149E-010  1.025622079669726E-010
   25.9560005763889       8.334766373715966E-011  5.839806118298375E-011
   26.1239992013889       6.950768064727203E-011  3.394097689457771E-011
   26.2919994513889       5.953309124293932E-011  3.580995611792197E-011
   26.4599996944444       5.245778944593793E-011  6.049188865830954E-011
   26.6279999375000       4.749463970725685E-011  9.667441443248476E-011
   26.7960001805556       4.486338943298869E-011  1.311785723032908E-010
   26.9640004236111       4.499423661048153E-011  1.541700492801662E-010
   27.1320006736111       4.744425561271156E-011  1.613769480567200E-010
   27.3000009166667       5.070910340860205E-011  1.538743717077308E-010
   27.4680011597222       5.292924902627738E-011  1.366134050445928E-010
   27.6360014027778       5.289882164444749E-011  1.161098913485848E-010
   27.8039984166667       5.076364925872387E-011  9.775944665294405E-011
   27.9719986597222       4.797190074720339E-011  8.405903947727006E-011
   28.1399989027778       4.637994127345522E-011  7.481936484168582E-011
   28.3079991458333       4.697026642140699E-011  6.877573470017985E-011
   28.4759993958333       4.911985533421477E-011  6.502854392444706E-011
   28.6439996388889       5.111439906105914E-011  6.344916817849076E-011
   28.8119998819444       5.159446997631939E-011  6.421283276341717E-011
   28.9800001250000       5.067597225631952E-011  6.708297297776507E-011
   29.1480003680556       4.963353076136786E-011  7.106156328203651E-011
   29.3160006111111       4.944253697846206E-011  7.474616494595253E-011
   29.4840008611111       4.974166060866202E-011  7.718851936722692E-011
   29.6520011041667       4.929445961638002E-011  7.844400547077597E-011
   29.8200013472222       4.736602299024139E-011  7.922421863183668E-011
   29.9880015902778       4.455811595968100E-011  7.999873636866229E-011
   30.1559986041667       4.225368257018928E-011  8.040589139998464E-011
   30.3239988472222       4.128979560586908E-011  7.951498848838943E-011
   30.4919990902778       4.134242151739278E-011  7.669977279001220E-011
   30.6599993333333       4.150650591728467E-011  7.230161417341182E-011
   30.8279995833333       4.120433387561472E-011  6.744959349026304E-011
   30.9959998263889       4.053767332086188E-011  6.324388279497542E-011
   31.1640000694444       3.987025918185819E-011  6.002926004801751E-011
   31.3320003125000       3.928121399297184E-011  5.729727941153559E-011
   31.5000005555556       3.845583501483578E-011  5.421150058606594E-011
   31.6680008055556       3.703668106864608E-011  5.028124946659549E-011
   31.8360010486111       3.501160391963633E-011  4.568195207343695E-011
   32.0040012916667       3.267211561736456E-011  4.108639229933051E-011
   32.1720015347222       3.046624836759260E-011  3.726412332315199E-011
   32.3399985486111       2.868963619792045E-011  3.473383058082586E-011
   32.5079987916667       2.757196508085510E-011  3.359629741502554E-011
   32.6759990347222       2.724082928598510E-011  3.347201285570033E-011
   32.8439992777778       2.740535106503458E-011  3.358327820909877E-011
   33.0119995277778       2.755529724160617E-011  3.316831471471796E-011
   33.1799997708333       2.680182116042296E-011  3.193085024659386E-011
   33.3480000138889       2.510582354500139E-011  3.017954373139427E-011
   33.5160002569444       2.287774639414410E-011  2.836143142761095E-011
   33.6840005000000       2.091695677925396E-011  2.670304106382707E-011
   33.8520007500000       1.998732759366404E-011  2.505010566228180E-011
   34.0200009930556       1.943312714287294E-011  2.302939665141501E-011
   34.1880012361111       1.960490453482700E-011  2.061446475029940E-011
   34.3560014791667       1.899196429496670E-011  1.822664861476415E-011
   34.5239984930556       1.841245440751171E-011  1.678988011010490E-011
   34.6919987361111       1.815651796233422E-011  1.668885251828011E-011
   34.8599989791667       1.777667754455705E-011  1.764841868141107E-011
   35.0279992222222       1.958484556893095E-011  1.892806680801444E-011
   35.1959994652778       1.902630727723559E-011  1.973597703066049E-011
   35.3639997152778       2.068383991745580E-011  2.002317773947116E-011
   35.5319999583333       2.064371630244968E-011  2.059760188498504E-011
   35.7000002013889       2.118823755481606E-011  2.116824106952959E-011
   35.8680004444444       2.554992120462298E-011  2.087538468920085E-011
   36.0360006875000       2.039889427818370E-011  1.935807358623296E-011
   36.2040009375000       3.062982532348063E-011  2.098400682195252E-011
   36.3720011805556       2.103879124297516E-011  2.048064299844717E-011
   36.5400014236111       2.654674812202316E-011  1.636856416727775E-011
   36.7079984375000       3.055191648041341E-011  1.875736299255935E-011
   36.8759986805556       2.408909860337704E-011  2.280820270604264E-011
   37.0439989236111       3.122945477130910E-011  1.357894480115659E-011
   37.2119991666667       5.968073404513499E-012 -7.336819590162784E-012
   37.3799994097222       2.208162767911079E-010  4.499239998432636E-011
   37.5479996597222       4.270916995156529E-010  1.521891609665170E-010
   37.7159999027778       1.392267828615995E-009  6.076307058565590E-010
   37.8840001458333       8.672252646520551E-009  3.962738367576330E-009
   38.0520003888889       1.150791895621005E-007  6.848507101301374E-008
   38.2200006319444       4.231846233020433E-006  6.233278645611513E-006
   38.3880008819444       3.989342647370138E-005  9.697371804436443E-005
   38.5560011250000       1.938648036460589E-005  3.883467894432080E-005
   38.7240013680556       1.485544368763545E-006  1.406983241633026E-006
   38.8920016111111       1.832044005559016E-009 -5.187568026982500E-008
   39.0599986250000       4.941313811442652E-010 -1.175916928617977E-008
   39.2279988680556       1.124688097025286E-009 -2.127893422999248E-009
   39.3959991111111       1.516280703012195E-010 -1.297854461520160E-009
   39.5639993541667      -1.540595186099890E-010  2.500955375629700E-010
   39.7319995972222      -2.091507357556142E-010  6.918906984206759E-010
   39.8999998472222      -4.998373524815088E-011  7.528468744432429E-010
   40.0680000902778       3.388621140932926E-010  1.008491229223489E-009
   40.2360003333333       3.349242096947690E-010 -2.193131682881291E-010
   40.4040005763889       4.351238295564135E-010 -1.635562069948425E-010
   40.5720008194444       3.792890257027146E-010 -2.412120620633442E-010
   40.7400010694444       2.025911618549294E-010 -1.335226351163450E-010
   40.9080013125000       9.242394314072606E-011  9.429571707091067E-011
   41.0760015555556       6.839775361659638E-011  1.829721512751894E-010
   41.2439985694444       7.650867300647895E-011  1.457137309456187E-010
   41.4119988125000       1.190651751423995E-010  2.541222815161999E-010
   41.5799990555556       1.022475052276056E-010  3.128197352074501E-010
   41.7479992986111       3.265273071043126E-011  3.145851060691514E-010
   41.9159995416667       3.284801500225109E-011  3.296955333329602E-010
   42.0839997916667       4.502305835778389E-011  3.127320316502904E-010
   42.2520000347222       7.453547951642549E-011  2.135045275802846E-010
   42.4200002777778       1.404371735802189E-010  2.218803071284959E-010
   42.5880005208333       1.678809764076026E-010  1.194117329167371E-010
   42.7560007638889       1.452936779469595E-010 -4.544787903693982E-011
   42.9240010138889       1.515128590451798E-010 -3.389382535259986E-012
   43.0920012569444       1.459494247503722E-010  4.265169231746660E-011
   43.2600015000000       1.418799651153791E-010  6.085435878662251E-011
   43.4279985138889       1.690024305846147E-010  1.294508579212767E-010
   43.5959987569444       1.343606508325137E-010  1.322727005450012E-010
   43.7639990000000       6.623054448195906E-011  1.178223220046188E-010
   43.9319992430556       5.295125443092843E-011  2.097719616251521E-010
   44.0999994861111       4.969064410889370E-011  2.440816190657739E-010
   44.2679997361111       6.386310162135396E-011  2.431546577247825E-010
   44.4359999791667       8.897053645927936E-011  3.040646794977517E-010
   44.6040002222222       8.482667268280323E-011  2.692851794380379E-010
   44.7720004652778       4.841141441574671E-011  1.603651157319940E-010
   44.9400007083333       5.982602335147430E-011  1.486197932418616E-010
   45.1080009513889       8.401068887640599E-011  1.368596111573100E-010
   45.2760012013889       1.136670294584890E-010  1.090707956452738E-010
   45.4440014444444       1.573463869690769E-010  1.258077828817017E-010
   45.6119984513889       1.494686090996888E-010  6.676480903697760E-011
   45.7799987013889       1.116982666417866E-010 -2.918215020996594E-012
   45.9479989444444       1.036870778796930E-010  5.421458689390184E-011
   46.1159991875000       8.890664467539515E-011  1.192833736815791E-010
   46.2839994305556       8.546271273068341E-011  1.429072023252590E-010
   46.4519996736111       8.930438557438695E-011  2.128506287396741E-010
   46.6199999236111       8.329278463726605E-011  2.475328974952524E-010
   46.7880001666667       5.178868634507323E-011  2.293336695244419E-010
   46.9560004097222       4.393823441595022E-011  2.284102526724962E-010
   47.1240006527778       4.825360862719057E-011  2.157812752795826E-010
   47.2920008958333       6.029819484743439E-011  1.763512303303508E-010
   47.4600011458333       8.894782291127202E-011  1.762848998272176E-010
   47.6280013888889       9.574080338365493E-011  1.534082251135133E-010
   47.7959983958333       7.840605361286549E-011  8.511977523812350E-011
   47.9639986458333       8.086349485784948E-011  6.382830044794812E-011
   48.1319988888889       8.301275431796730E-011  7.762996055860507E-011
   48.2999991319444       9.113545836086126E-011  9.291226558637988E-011
   48.4679993750000       1.027680310470590E-010  1.335109564838151E-010
   48.6359996180556       1.020472336300894E-010  1.439478753479521E-010
   48.8039998680556       7.363758610269145E-011  1.156634666485922E-010
   48.9720001111111       5.492344057750279E-011  1.333622391322733E-010
   49.1400003541667       5.369703749026843E-011  1.825171531614595E-010
   49.3080005972222       6.770713744120970E-011  2.096964517635074E-010
   49.4760008402778       1.009858692412408E-010  2.563287451808151E-010
   49.6440010902778       9.903136771798221E-011  2.483619005274304E-010
   49.8120013333333       5.647227532698404E-011  2.163521057328188E-010
   49.9800015763889       3.727747577388706E-011  1.878476656205343E-010
   50.1479985833333       5.189247265335861E-011  1.830286056925179E-010
   50.3159988333333       8.313779624373472E-011  1.682189152528557E-010
   50.4839990763889       1.098768730388465E-010  1.810379169865255E-010
   50.6519993194444       1.102871332393264E-010  1.485572950118340E-010
   50.8199995625000       8.421661802660887E-011  7.526053338769659E-011
   50.9879998055556       6.129478886225723E-011  5.265649704281225E-011
   51.1560000555556       6.017336878452928E-011  9.607015367647832E-011
   51.3240002986111       6.863390187993055E-011  1.329677095221906E-010
   51.4920005416667       8.350540136685572E-011  1.662460399235168E-010
   51.6600007847222       8.190543268106159E-011  1.891136564378834E-010
   51.8280010277778       6.333623278907851E-011  1.974389344996763E-010
   51.9960012777778       4.391038588802535E-011  2.158106612682844E-010
   52.1640015208333       4.330302747264550E-011  2.321700082650642E-010
   52.3319985277778       5.519168619415509E-011  2.112857944770576E-010
   52.4999987777778       7.467420716751730E-011  2.027386219504807E-010
   52.6679990208333       8.582207764020381E-011  1.947148532824946E-010
   52.8359992638889       7.318361801566157E-011  1.596405390521596E-010
   53.0039995069444       5.293980675031810E-011  1.108782612045419E-010
   53.1719997500000       5.172894117310968E-011  1.020879725957130E-010
   53.3400000000000       6.195997253085653E-011  1.228144714372446E-010
   53.5080002430556       8.278748193938838E-011  1.435506494623103E-010
   53.6760004861111       9.007710830901606E-011  1.472385002866838E-010
   53.8440007291667       7.597418122217008E-011  1.232705374492230E-010
   54.0120009722222       4.553317414230829E-011  1.155342667444761E-010
   54.1800012222222       4.116021323882231E-011  1.567684221216720E-010
   54.3480014652778       5.557278386295916E-011  1.887845333743503E-010
   54.5160017083333       7.368708783979438E-011  2.194528729060452E-010
   54.6840019513889       8.697112285335619E-011  2.417091396863136E-010
   54.8520021944444       7.545208003564680E-011  2.282973286495120E-010
   55.0200024444444       4.895468411022722E-011  2.077362244889940E-010
   55.1880026875000       3.860068976625225E-011  1.921040898928382E-010
   55.3560029305556       4.720392669277121E-011  2.012471315252624E-010
   55.5240031736111       6.504650119313026E-011  2.024316746887489E-010
   55.6919969513889       8.049752570620278E-011  1.969928279107631E-010
   55.8599971944444       7.891032628404308E-011  1.514068422863440E-010
   56.0279974375000       6.369595745349105E-011  1.100699344494622E-010
   56.1959976875000       5.182469935839244E-011  1.171288277900948E-010
   56.3639979305556       5.086527331502701E-011  1.420412396399572E-010
   56.5319981736111       5.480421523514429E-011  1.621648712793389E-010
   56.6999984166667       6.530724124465862E-011  1.803640841114571E-010
   56.8679986597222       6.459015494162076E-011  1.871878895921104E-010
   57.0359989097222       6.094696628740061E-011  1.952481029495053E-010
   57.2039991527778       4.543696910749908E-011  2.095268764209241E-010
   57.3719993958333       4.202201418343811E-011  2.174645017601281E-010
   57.5399996388889       4.125026463344194E-011  2.029121356362860E-010
   57.7079998819444       4.613893072024246E-011  2.044092457426426E-010
   57.8760001319444       5.215336041881620E-011  1.964505049057222E-010
   58.0440003750000       5.428142863812076E-011  1.821364228417113E-010
   58.2120006180556       5.389771048648947E-011  1.675140301898615E-010
   58.3800008611111       4.985568280727941E-011  1.500662807026262E-010
   58.5480011041667       4.962364707147236E-011  1.366939438309291E-010
   58.7160013541667       4.985445965057306E-011  1.287107853752291E-010
   58.8840015972222       4.824615609712488E-011  1.320548352555934E-010
   59.0520018402778       4.537509948064911E-011  1.300094794906704E-010
   59.2200020833333       4.750412956779365E-011  1.388029490613887E-010
   59.3880023263889       4.343946783111981E-011  1.432486705705007E-010
   59.5560025763889       4.636241192348778E-011  1.768781332619103E-010
   59.7240028194444       4.210190544571303E-011  1.829659256989119E-010
   59.8920030625000       6.059372098331129E-011  1.547599503164111E-010
   60.0599968402778       1.854798024006326E-011  9.009522465805652E-011
