  -60.0599968402778      -2.891718033830759E-017 -2.873429954938814E-017
  -59.8920030625000       3.003211771030946E-010  5.236815989966660E-010
  -59.7240028194444      -7.437190162739841E-012 -7.124373277577356E-012
  -59.5560025763889      -5.249212955930054E-012 -6.799549692013094E-012
  -59.3880023263889      -3.007974592255591E-012 -5.705056493656598E-012
  -59.2200020833333      -3.321198803045089E-012 -6.235787439633776E-012
  -59.0520018402778      -3.819699595124083E-012 -6.663274533898552E-012
  -58.8840015972222      -3.729393296691816E-012 -7.064149509504990E-012
  -58.7160013541667      -4.196787447216909E-012 -7.611663795508420E-012
  -58.5480011041667      -4.289938856393400E-012 -7.988699579433891E-012
  -58.3800008611111      -4.665508653527477E-012 -8.529694320572041E-012
  -58.2120006180556      -4.837429472430911E-012 -9.132863527225421E-012
  -58.0440003750000      -5.175595088346404E-012 -9.953542075403319E-012
  -57.8760001319444      -5.423046137632885E-012 -1.083990076849131E-011
  -57.7079998819444      -5.778260171581222E-012 -1.180707093299099E-011
  -57.5399996388889      -6.091963186450424E-012 -1.275696736310258E-011
  -57.3719993958333      -6.457288119730567E-012 -1.369654935044118E-011
  -57.2039991527778      -6.785437978776657E-012 -1.458460076772749E-011
  -57.0359989097222      -7.128625438446450E-012 -1.544484058060773E-011
  -56.8679986597222      -7.448128964893153E-012 -1.626322334857341E-011
  -56.6999984166667      -7.778636141694962E-012 -1.699110029311983E-011
  -56.5319981736111      -8.098348889833364E-012 -1.751802024454035E-011
  -56.3639979305556      -8.418609787685769E-012 -1.778850199495702E-011
  -56.1959976875000      -8.720642662583283E-012 -1.786943464539654E-011
  -56.0279974375000      -9.007653085476449E-012 -1.792844708976012E-011
  -55.8599971944444      -9.271037320571683E-012 -1.810670947065287E-011
  -55.6919969513889      -9.515027183328270E-012 -1.843711061704621E-011
  -55.5240031736111      -9.736413315640826E-012 -1.883567703141328E-011
  -55.3560029305556      -9.937245347547564E-012 -1.916667839469527E-011
  -55.1880026875000      -1.011555222130529E-011 -1.932316257540978E-011
  -55.0200024444444      -1.027362877406015E-011 -1.928194076987999E-011
  -54.8520021944444      -1.041353695030795E-011 -1.910195915966856E-011
  -54.6840019513889      -1.054017030504961E-011 -1.887972003897676E-011
  -54.5160017083333      -1.065741509944204E-011 -1.869580767474346E-011
  -54.3480014652778      -1.076988372574304E-011 -1.858861129410974E-011
  -54.1800012222222      -1.088259565812928E-011 -1.856141979039612E-011
  -54.0120009722222      -1.100253101508572E-011 -1.860456909890670E-011
  -53.8440007291667      -1.113653548350929E-011 -1.870485446794514E-011
  -53.6760004861111      -1.128967113438248E-011 -1.883999783260252E-011
  -53.5080002430556      -1.146456226746838E-011 -1.898364836308684E-011
  -53.3400000000000      -1.166355673015386E-011 -1.913139058926492E-011
  -53.1719997500000      -1.188999357694789E-011 -1.931479930657620E-011
  -53.0039995069444      -1.214719766673319E-011 -1.957459076764228E-011
  -52.8359992638889      -1.243590554900909E-011 -1.991914906816661E-011
  -52.6679990208333      -1.275325246201601E-011 -2.031807144530751E-011
  -52.4999987777778      -1.309371433166217E-011 -2.073539983175370E-011
  -52.3319985277778      -1.345047387719366E-011 -2.116268954228784E-011
  -52.1640015208333      -1.381573491030159E-011 -2.162373716185807E-011
  -51.9960012777778      -1.418066837685174E-011 -2.215781994337137E-011
  -51.8280010277778      -1.453597566514492E-011 -2.279861438940704E-011
  -51.6600007847222      -1.487310131444385E-011 -2.355618406234318E-011
  -51.4920005416667      -1.518523657129741E-011 -2.440471776472603E-011
  -51.3240002986111      -1.546784571968364E-011 -2.528133666987539E-011
  -51.1560000555556      -1.571903534101532E-011 -2.609975351727111E-011
  -50.9879998055556      -1.593993391312779E-011 -2.677498182736481E-011
  -50.8199995625000      -1.613474105818246E-011 -2.724850334723658E-011
  -50.6519993194444      -1.631014247439748E-011 -2.750379034251250E-011
  -50.4839990763889      -1.647423633473122E-011 -2.756845087912096E-011
  -50.3159988333333      -1.663536888319275E-011 -2.750579927180408E-011
  -50.1479985833333      -1.680108919996037E-011 -2.740131049344940E-011
  -49.9800015763889      -1.697719118025851E-011 -2.734822636597125E-011
  -49.8120013333333      -1.716688986044304E-011 -2.743393424143611E-011
  -49.6440010902778      -1.737028180551711E-011 -2.772683416660024E-011
  -49.4760008402778      -1.758423528660426E-011 -2.826311332916086E-011
  -49.3080005972222      -1.780268944632673E-011 -2.903427023657805E-011
  -49.1400003541667      -1.801715794076393E-011 -2.997917180653766E-011
  -48.9720001111111      -1.821751093480984E-011 -3.098736496334686E-011
  -48.8039998680556      -1.839323044225029E-011 -3.191926625819037E-011
  -48.6359996180556      -1.853526966492008E-011 -3.264006368508697E-011
  -48.4679993750000      -1.863805246651626E-011 -3.305281187257325E-011
  -48.2999991319444      -1.870047497330117E-011 -3.311374992882195E-011
  -48.1319988888889      -1.872505733579807E-011 -3.282528251350605E-011
  -47.9639986458333      -1.871552961363989E-011 -3.221955623281059E-011
  -47.7959983958333      -1.867456342368945E-011 -3.135058677488801E-011
  -47.6280013888889      -1.860362428070875E-011 -3.029997327483089E-011
  -47.4600011458333      -1.850555800571967E-011 -2.918303680624219E-011
  -47.2920008958333      -1.838835865222180E-011 -2.813788016448286E-011
  -47.1240006527778      -1.826749362568676E-011 -2.729361614414418E-011
  -46.9560004097222      -1.816481496340339E-011 -2.673289662498434E-011
  -46.7880001666667      -1.810430102878859E-011 -2.647106594235148E-011
  -46.6199999236111      -1.810662994536476E-011 -2.646322336511843E-011
  -46.4519996736111      -1.818501404410147E-011 -2.663188228571974E-011
  -46.2839994305556      -1.834361317955253E-011 -2.689742219118867E-011
  -46.1159991875000      -1.857823152663840E-011 -2.719743951051451E-011
  -45.9479989444444      -1.887817689994932E-011 -2.749217037861980E-011
  -45.7799987013889      -1.922814282575854E-011 -2.776133430338618E-011
  -45.6119984513889      -1.960971005212756E-011 -2.799823233899884E-011
  -45.4440014444444      -2.000267192404866E-011 -2.820358019319674E-011
  -45.2760012013889      -2.038646014548973E-011 -2.837908574376106E-011
  -45.1080009513889      -2.074187156813221E-011 -2.852142413180909E-011
  -44.9400007083333      -2.105286698072238E-011 -2.861844712257441E-011
  -44.7720004652778      -2.130813693628328E-011 -2.864955802380889E-011
  -44.6040002222222      -2.150214126903770E-011 -2.859091479974281E-011
  -44.4359999791667      -2.163541392314635E-011 -2.842459994433704E-011
  -44.2679997361111      -2.171414641531070E-011 -2.814875600953004E-011
  -44.0999994861111      -2.174913884251765E-011 -2.778403081664201E-011
  -43.9319992430556      -2.175430600084253E-011 -2.737225206634189E-011
  -43.7639990000000      -2.174492974998739E-011 -2.696717604404792E-011
  -43.5959987569444      -2.173592082337059E-011 -2.662174487630406E-011
  -43.4279985138889      -2.174021322338029E-011 -2.637790175462960E-011
  -43.2600015000000      -2.176750129706055E-011 -2.626231938719677E-011
  -43.0920012569444      -2.182335361136815E-011 -2.628707594392574E-011
  -42.9240010138889      -2.190877936613330E-011 -2.645189120513946E-011
  -42.7560007638889      -2.202025867640786E-011 -2.674519822214948E-011
  -42.5880005208333      -2.215020647659731E-011 -2.714375138395637E-011
  -42.4200002777778      -2.228782265482422E-011 -2.761219093911486E-011
  -42.2520000347222      -2.242026977866708E-011 -2.810406734418336E-011
  -42.0839997916667      -2.253400983673072E-011 -2.856483283809036E-011
  -41.9159995416667      -2.261620161936579E-011 -2.893643496314363E-011
  -41.7479992986111      -2.265596548444326E-011 -2.916306872213526E-011
  -41.5799990555556      -2.264539069090648E-011 -2.919812174381963E-011
  -41.4119988125000      -2.258022461131683E-011 -2.901228186667853E-011
  -41.2439985694444      -2.246021540732279E-011 -2.860133811701305E-011
  -41.0760015555556      -2.228914994587987E-011 -2.799077223462348E-011
  -40.9080013125000      -2.207466819888249E-011 -2.723463399205580E-011
  -40.7400010694444      -2.182789215658835E-011 -2.640872296085468E-011
  -40.5720008194444      -2.156292406682853E-011 -2.560056280584329E-011
  -40.4040005763889      -2.129618183648663E-011 -2.489886438298895E-011
  -40.2360003333333      -2.104552426822002E-011 -2.438316677398409E-011
  -40.0680000902778      -2.082916991957825E-011 -2.411305235276926E-011
  -39.8999998472222      -2.066440956962793E-011 -2.411747350115295E-011
  -39.7319995972222      -2.056622022451535E-011 -2.438762579887969E-011
  -39.5639993541667      -2.054593025706465E-011 -2.487811052629678E-011
  -39.3959991111111      -2.061010986471662E-011 -2.551857930679735E-011
  -39.2279988680556      -2.075987805990130E-011 -2.623238051359655E-011
  -39.0599986250000      -2.099072659463719E-011 -2.695393909905368E-011
  -38.8920016111111      -2.129293460683286E-011 -2.763677141051609E-011
  -38.7240013680556      -2.165255890916043E-011 -2.825004489518469E-011
  -38.5560011250000      -2.205295437537301E-011 -2.876910901681197E-011
  -38.3880008819444      -2.247671852270849E-011 -2.916836085160632E-011
  -38.2200006319444      -2.290794087339666E-011 -2.942139656449851E-011
  -38.0520003888889      -2.333453569313468E-011 -2.950715934626329E-011
  -37.8840001458333      -2.375041750059307E-011 -2.941676713748919E-011
  -37.7159999027778      -2.415723736623042E-011 -2.915553288459014E-011
  -37.5479996597222      -2.456539778044710E-011 -2.873739032437916E-011
  -37.3799994097222      -2.499414731756573E-011 -2.817354665065256E-011
  -37.2119991666667      -2.547072104102583E-011 -2.746204216713166E-011
  -37.0439989236111      -2.602851900103051E-011 -2.658669943389288E-011
  -36.8759986805556      -2.670453687086428E-011 -2.553077486859050E-011
  -36.7079984375000      -2.753629669862622E-011 -2.430373371773663E-011
  -36.5400014236111      -2.855859967757619E-011 -2.297309370538963E-011
  -36.3720011805556      -2.980049097729800E-011 -2.168982723277582E-011
  -36.2040009375000      -3.128287592578688E-011 -2.069654292325281E-011
  -36.0360006875000      -3.301708668798529E-011 -2.031203709305010E-011
  -35.8680004444444      -3.500450357015313E-011 -2.089270765660185E-011
  -35.7000002013889      -3.723699430004795E-011 -2.277784538905902E-011
  -35.5319999583333      -3.969761270983945E-011 -2.622886820792159E-011
  -35.3639997152778      -4.236074072711664E-011 -3.137173067378404E-011
  -35.1959994652778      -4.519111137828253E-011 -3.814898999635762E-011
  -35.0279992222222      -4.814170329425943E-011 -4.628615604197483E-011
  -34.8599989791667      -5.115118836666774E-011 -5.527873079629990E-011
  -34.6919987361111      -5.414220493427064E-011 -6.441211220578165E-011
  -34.5239984930556      -5.702188044012287E-011 -7.282987278727950E-011
  -34.3560014791667      -5.968544773758035E-011 -7.965667741660890E-011
  -34.1880012361111      -6.202308425018705E-011 -8.415608896819224E-011
  -34.0200009930556      -6.392915193459114E-011 -8.587469978442669E-011
  -33.8520007500000      -6.531225503065778E-011 -8.471854286032658E-011
  -33.6840005000000      -6.610438924186614E-011 -8.093669475358277E-011
  -33.5160002569444      -6.626748145186182E-011 -7.503369323621150E-011
  -33.3480000138889      -6.579636648772219E-011 -6.765790834947415E-011
  -33.1799997708333      -6.471777193413836E-011 -5.950287590207236E-011
  -33.0119995277778      -6.308588388634002E-011 -5.122933767173144E-011
  -32.8439992777778      -6.097534875452269E-011 -4.340002395829045E-011
  -32.6759990347222      -5.847286290127220E-011 -3.642570241616012E-011
  -32.5079987916667      -5.566868594027177E-011 -3.053554969267489E-011
  -32.3399985486111      -5.264905208209275E-011 -2.578592364512357E-011
  -32.1720015347222      -4.949031193179063E-011 -2.210598359158775E-011
  -32.0040012916667      -4.625523637468743E-011 -1.935881202186447E-011
  -31.8360010486111      -4.299163823069663E-011 -1.738919146174443E-011
  -31.6680008055556      -3.973306523913302E-011 -1.604035560981341E-011
  -31.5000005555556      -3.650123501562443E-011 -1.514491225197535E-011
  -31.3320003125000      -3.330962496716158E-011 -1.451253503800708E-011
  -31.1640000694444      -3.016757916619226E-011 -1.393596658854752E-011
  -30.9959998263889      -2.708426747604164E-011 -1.321918701527058E-011
  -30.8279995833333      -2.407192332508776E-011 -1.221271971406016E-011
  -30.6599993333333      -2.114786022028976E-011 -1.083585167456687E-011
  -30.4919990902778      -1.833506625108153E-011 -9.076517974467231E-012
  -30.3239988472222      -1.566127729366286E-011 -6.976004324426754E-012
  -30.1559986041667      -1.315673326818089E-011 -4.613713479979742E-012
  -29.9880015902778      -1.085090915403085E-011 -2.102163063680868E-012
  -29.8200013472222      -8.768695001427147E-012  4.102564653921910E-013
  -29.6520011041667      -6.926634631465632E-012  2.741120648787549E-012
  -29.4840008611111      -5.329883369473630E-012  4.692773531256616E-012
  -29.3160006111111      -3.970566687635640E-012  6.089723260567697E-012
  -29.1480003680556      -2.828048836373651E-012  6.821622322385154E-012
  -28.9800001250000      -1.871294886863920E-012  6.871021836088443E-012
  -28.8119998819444      -1.063045269626039E-012  6.311324292822459E-012
  -28.6439996388889      -3.650386143480445E-013  5.277526321125969E-012
  -28.4759993958333       2.568156137163832E-013  3.928443849969658E-012
  -28.3079991458333       8.284527809157398E-013  2.421190629143924E-012
  -28.1399989027778       1.365699423552237E-012  9.038617717161853E-013
  -27.9719986597222       1.874639507944518E-012 -4.870744027737614E-013
  -27.8039984166667       2.353967574520351E-012 -1.643200817842347E-012
  -27.6360014027778       2.798506165680552E-012 -2.516083281283164E-012
  -27.4680011597222       3.202873096588635E-012 -3.141705458844252E-012
  -27.3000009166667       3.564393900833183E-012 -3.627130479396612E-012
  -27.1320006736111       3.884686512012470E-012 -4.091773717084753E-012
  -26.9640004236111       4.169754041086411E-012 -4.593039622590469E-012
  -26.7960001805556       4.428764462269926E-012 -5.086039771302615E-012
  -26.6279999375000       4.671941572313411E-012 -5.448614977030965E-012
  -26.4599996944444       4.908120575630991E-012 -5.556530385988950E-012
  -26.2919994513889       5.142562357418129E-012 -5.356494068569342E-012
  -26.1239992013889       5.375582654213158E-012 -4.888916017180458E-012
  -25.9560005763889       5.602363159250413E-012 -4.254176750768400E-012
  -25.7880003333333       5.814058255177192E-012 -3.558042636182947E-012
  -25.6200000902778       5.999950671025985E-012 -2.878267494792662E-012
  -25.4519998402778       6.150160032523095E-012 -2.264651065632960E-012
  -25.2839995972222       6.258279461418822E-012 -1.751402132669488E-012
  -25.1159993541667       6.323448856630269E-012 -1.356347076940487E-012
  -24.9480007291667       6.351576189633052E-012 -1.066011205003787E-012
  -24.7800004791667       6.355686344604453E-012 -8.275015702188115E-013
  -24.6120002361111       6.355452980421094E-012 -5.623382211087915E-013
  -24.4439999930556       6.375981518772627E-012 -1.935594075791243E-013
  -24.2759997500000       6.445813477357356E-012  3.347731279276584E-013
  -24.1079995069444       6.594124208586254E-012  1.054654074124056E-012
  -23.9399992569444       6.847197316530286E-012  1.978154353665939E-012
  -23.7720006319444       7.224503859690960E-012  3.096466750206144E-012
  -23.6040003888889       7.734937263907750E-012  4.376508712620770E-012
  -23.4360001458333       8.373883250790694E-012  5.767719462437996E-012
  -23.2679999027778       9.121733014628473E-012  7.222156478873625E-012
  -23.0999996527778       9.944243453777120E-012  8.711477529479019E-012
  -22.9319994097222       1.079479554589339E-011  1.021850826910396E-011
  -22.7640007847222       1.161830003128939E-011  1.169948261409424E-011
  -22.5960005416667       1.235621025090218E-011  1.304089339407304E-011
  -22.4280002916667       1.295190704864961E-011  1.404619244984054E-011
  -22.2600000486111       1.335569648559807E-011  1.446992156475289E-011
  -22.0919998055556       1.352874152712345E-011  1.408316256107077E-011
  -21.9239995625000       1.344546386842232E-011  1.273269078730052E-011
  -21.7559993194444       1.309422177070253E-011  1.036549218081025E-011
  -21.5880006875000       1.247634157699014E-011  7.021349065955091E-012
  -21.4200004444444       1.160384561280282E-011  2.818990443955527E-012
  -21.2520002013889       1.049640278694226E-011 -2.045907685908588E-012
  -21.0839999583333       9.178121169155970E-012 -7.299844743748128E-012
  -20.9159997083333       7.674765096440503E-012 -1.261153038254207E-011
  -20.7479994652778       6.011828613126747E-012 -1.763884172624000E-011
  -20.5799992222222       4.213708058949131E-012 -2.207644423056024E-011
  -20.4120005972222       2.304067722071587E-012 -2.567124065499414E-011
  -20.2440003472222       3.074140226591204E-013 -2.820769461181953E-011
  -20.0760001041667      -1.748292770342370E-012 -2.950668220446164E-011
  -19.9079998611111      -3.828531485901810E-012 -2.947681149964852E-011
  -19.7399996180556      -5.889738062293155E-012 -2.819587394361088E-011
  -19.5719993750000      -7.879001036021513E-012 -2.594189849570206E-011
  -19.4040007430556      -9.737289026949106E-012 -2.311012291928808E-011
  -19.2360005000000      -1.140641417294856E-011 -2.004525131787280E-011
  -19.0680002569444      -1.283809693070320E-011 -1.690544732891837E-011
  -18.9000000138889      -1.400186637354776E-011 -1.366578021139075E-011
  -18.7319997638889      -1.488821560123041E-011 -1.025868679537349E-011
  -18.5639995208333      -1.550495405462024E-011 -6.731217327620413E-012
  -18.3959992777778      -1.586752736428941E-011 -3.281976222656909E-012
  -18.2280006527778      -1.598683789033250E-011 -1.438003785720937E-013
  -18.0600004097222      -1.585923699446384E-011  2.590147997896908E-012
  -17.8920001597222      -1.546228472703655E-011  5.053771514556680E-012
  -17.7239999166667      -1.475710050362762E-011  7.538708153889965E-012
  -17.5559996736111      -1.369532998088968E-011  1.032020235054533E-011
  -17.3879994305556      -1.222724041023816E-011  1.350121393451277E-011
  -17.2200007986111      -1.030811471025632E-011  1.697047140757383E-011
  -17.0520005555556      -7.902238119718158E-012  2.048096488179094E-011
  -16.8840003125000      -4.985995340757213E-012  2.378294847569499E-011
  -16.7160000694444      -1.552426014604674E-012  2.673530695794430E-011
  -16.5479998263889       2.381577056040544E-012  2.935386937999830E-011
  -16.3799995763889       6.766707728462377E-012  3.179395167712859E-011
  -16.2119993333333       1.151497665925238E-011  3.428559957177079E-011
  -16.0440007083333       1.649985251108303E-011  3.704525829435580E-011
  -15.8760004652778       2.156552184658074E-011  4.018651453558504E-011
  -15.7080002152778       2.654402726718394E-011  4.365317517195997E-011
  -15.5399999722222       3.127626029241501E-011  4.719827670446717E-011
  -15.3719997291667       3.562947843013471E-011  5.042520671691371E-011
  -15.2039994861111       3.950736872402967E-011  5.288654466130706E-011
  -15.0359992430556       4.284804450257139E-011  5.421245109740491E-011
  -14.8680006111111       4.561452713219038E-011  5.422059660731702E-011
  -14.7000003680556       4.777735110386023E-011  5.295321978064007E-011
  -14.5320001250000       4.931095136533771E-011  5.060772176991665E-011
  -14.3639998819444       5.019176986783095E-011  4.740912117960691E-011
  -14.1959996319444       5.041238444303855E-011  4.354623440194210E-011
  -14.0279993888889       4.996357026177336E-011  3.923527187864361E-011
  -13.8600007638889       4.890288372896932E-011  3.480447813770149E-011
  -13.6920005208333       4.746104652704748E-011  3.061581964561618E-011
  -13.5240002708333       4.584862289161654E-011  2.715123231520158E-011
  -13.3560000277778       4.374411647351414E-011  2.533134018762217E-011
  -13.1879997847222       4.202048429200735E-011  2.590545380629329E-011
  -13.0200003472222       4.613505676361616E-011  2.624439620290712E-011
  -12.8520001041667       5.694637057847812E-011  2.011312878689632E-011
  -12.6839998611111       3.407573589031822E-011 -2.416331905544156E-011
  -12.5159996180556      -1.698748914915613E-010 -4.060379104346981E-010
  -12.3480001805556      -1.409772305463736E-009 -4.800886407828486E-009
  -12.1799999375000      -1.374640379425817E-008 -1.782956388626061E-007
  -12.0119996944444      -5.601368904535820E-007 -3.337355252799480E-006
  -11.8440002569444      -2.127340668641021E-005 -3.025055197630114E-005
  -11.6760000138889      -2.274879961889100E-004 -2.111143836300715E-004
  -11.5079997638889      -8.548372176120293E-004 -9.010932151055693E-004
  -11.3400003333333      -1.475849447938216E-003 -1.586827272401135E-003
  -11.1720000833333      -1.225345683822316E-003 -1.030579753733459E-003
  -11.0039998402778      -4.277929444924817E-004 -2.685874433619192E-004
  -10.8359995972222      -5.570325229022357E-005 -3.596466877382190E-005
  -10.6680001597222      -5.095417302742218E-006 -4.841628789833064E-006
  -10.4999999166667      -9.494173823237595E-007 -8.975828720007569E-007
  -10.3319996736111      -2.287701020698067E-007 -2.475033187239897E-007
  -10.1640002361111      -9.187952355088315E-008 -1.317818980340960E-007
  -9.99599999305556      -6.324135215160113E-008 -1.015196908530118E-007
  -9.82799975000000      -5.229048197873795E-008 -7.561189737422552E-008
  -9.66000031250000      -4.424990524750370E-008 -5.624749344203706E-008
  -9.49200006944444      -3.638049964578493E-008 -4.510690103715485E-008
  -9.32399981944444      -2.999241741781283E-008 -3.417903364570237E-008
  -9.15600038888889      -2.475979084007637E-008 -2.219687692582297E-008
  -8.98800013888889      -2.002202190279244E-008 -1.575587810358015E-008
  -8.81999989583333      -1.603008561523384E-008 -1.554380165654797E-008
  -8.65199965277778      -1.295312313236035E-008 -1.642800560247432E-008
  -8.48400021527778      -1.068222524217841E-008 -1.556263971420576E-008
  -8.31599997222222      -8.995667698368092E-009 -1.411486750459283E-008
  -8.14799972916667      -7.916519157987587E-009 -1.297573034718537E-008
  -7.98000029166667      -7.421313009946783E-009 -1.185395285733994E-008
  -7.81200004861111      -7.258975352085587E-009 -1.061345548373761E-008
  -7.64399980555556      -7.173010242938510E-009 -9.294101386387106E-009
  -7.47600036805556      -6.998411177417726E-009 -7.908290598698332E-009
  -7.30800012500000      -6.731144329342280E-009 -7.020342695323118E-009
  -7.13999988194444      -6.465787750955882E-009 -7.213808904645017E-009
  -6.97199963194444      -6.244755184043896E-009 -7.968092116378436E-009
  -6.80400019791667      -6.024369232871721E-009 -8.131457373785427E-009
  -6.63599995347222      -5.864863776172807E-009 -7.578232495073514E-009
  -6.46800011388889      -5.854626064234217E-009 -7.179892257733562E-009
  -6.29999986944444      -6.032892986734673E-009 -7.387019742150844E-009
  -6.13200002916667      -6.247848654218507E-009 -7.757800402049477E-009
  -5.96400018888889      -6.248902426329787E-009 -7.655147445762051E-009
  -5.79599994444444      -5.956441910397086E-009 -6.974987694228527E-009
  -5.62800010416667      -5.481138253735569E-009 -6.141361583364933E-009
  -5.45999985972222      -4.986728981642227E-009 -5.553428517562717E-009
  -5.29200001944444      -4.604188590990614E-009 -5.269357487700640E-009
  -5.12400017916667      -4.412634110132084E-009 -5.100135387890111E-009
  -4.95599993472222      -4.411067988584268E-009 -4.839420952518250E-009
  -4.78800009444444      -4.506304769010717E-009 -4.489948951612466E-009
  -4.61999985000000      -4.554625757103514E-009 -4.223857059639636E-009
  -4.45200000972222      -4.475706501621646E-009 -4.140662596739071E-009
  -4.28400016944444      -4.290650141152451E-009 -4.128788960479493E-009
  -4.11599992500000      -4.083490184984618E-009 -3.994204521803316E-009
  -3.94800008541667      -3.924006542893196E-009 -3.668295357983334E-009
  -3.77999984097222      -3.786702113027794E-009 -3.244138349669104E-009
  -3.61200000069444      -3.610163690681937E-009 -2.901784907363474E-009
  -3.44400016041667      -3.367949460537248E-009 -2.771123770501726E-009
  -3.27599991597222      -3.080767516756175E-009 -2.781416743630878E-009
  -3.10800007569444      -2.801610795801349E-009 -2.737203977224017E-009
  -2.94000003333333      -2.560627262424489E-009 -2.509318234477718E-009
  -2.77199999097222      -2.337124333914771E-009 -2.230523597291923E-009
  -2.60399994861111      -2.111165099959076E-009 -2.226632286264345E-009
  -2.43599990625000      -1.896101706036872E-009 -2.634943399958930E-009
  -2.26800006597222      -1.746424017400286E-009 -3.211820789428483E-009
  -2.10000002361111      -1.692028551573761E-009 -3.550898269338625E-009
  -1.93199998125000      -1.720655231117232E-009 -3.517092869480123E-009
  -1.76399993888889      -1.813889280678002E-009 -3.376700789646878E-009
  -1.59599999791667      -1.975866672405950E-009 -3.426845527072049E-009
  -1.42799995555556      -2.224618770693511E-009 -3.669248554578888E-009
  -1.26000001458333      -2.562813822679476E-009 -3.889845845370639E-009
  -1.09199997222222      -2.991530325186006E-009 -4.013954088068750E-009
 -0.924000030555556      -3.510773609514555E-009 -4.249513633964232E-009
 -0.755999988194444      -4.113037100964131E-009 -4.840810152883973E-009
 -0.587999996527778      -4.725326727973500E-009 -5.715965395651655E-009
 -0.420000004722222      -5.200217407064079E-009 -6.511219338943217E-009
 -0.251999987708333      -5.337937724603803E-009 -6.851254381844864E-009
 -8.400000222222222E-002 -5.086028176553332E-009 -6.824481986624400E-009
  8.400000222222222E-002 -4.643615500542939E-009 -6.934980091240817E-009
  0.251999987708333      -4.248854418365236E-009 -7.542820016307322E-009
  0.420000004722222      -4.005546665377627E-009 -8.635006966418108E-009
  0.587999996527778      -3.875159394409289E-009 -9.945795139961348E-009
  0.755999988194444      -3.782549054505938E-009 -1.122412664208279E-008
  0.924000030555556      -3.701196760010998E-009 -1.231131954605652E-008
   1.09199997222222      -3.613153184843075E-009 -1.306328387245875E-008
   1.26000001458333      -3.427989702490503E-009 -1.340017503582203E-008
   1.42799995555556      -3.059881530549923E-009 -1.346187664800453E-008
   1.59599999791667      -2.563654807316572E-009 -1.359149976046949E-008
   1.76399993888889      -2.114591082328538E-009 -1.400551721066643E-008
   1.93199998125000      -1.863704652770928E-009 -1.440986551850118E-008
   2.10000002361111      -1.759642744343251E-009 -1.410322362652973E-008
   2.26800006597222      -1.627969517898277E-009 -1.247255786682423E-008
   2.43599990625000      -1.346295901983558E-009 -9.920737194203587E-009
   2.60399994861111      -9.680880383070134E-010 -7.345914256376816E-009
   2.77199999097222      -5.429731677018839E-010 -5.661165185717425E-009
   2.94000003333333      -1.993311498338701E-011 -4.658347030062934E-009
   3.10800007569444       1.025761890208854E-009 -3.265275903715822E-009
   3.27599991597222       2.970636098567612E-009 -6.796111114251601E-010
   3.44400016041667       6.014442702958645E-009  2.904939690234780E-009
   3.61200000069444       1.051953761745826E-008  7.705183365273953E-009
   3.77999984097222       1.734392751119815E-008  1.540012949510586E-008
   3.94800008541667       2.487548899616986E-008  2.480278139085757E-008
   4.11599992500000       3.283141082988960E-008  3.687981280689804E-008
   4.28400016944444       4.130598410448334E-008  5.436611537652424E-008
   4.45200000972222       5.309935114571913E-008  7.783717654729225E-008
   4.61999985000000       7.243312870913475E-008  1.096332466089398E-007
   4.78800009444444       9.979108795384470E-008  1.552708666399502E-007
   4.95599993472222       1.378248576556188E-007  2.272614755879211E-007
   5.12400017916667       1.967920962459049E-007  3.292786880494859E-007
   5.29200001944444       2.882010252065846E-007  4.674607319830742E-007
   5.45999985972222       4.139255074584808E-007  6.473405977731894E-007
   5.62800010416667       5.734030382335258E-007  8.554490992353968E-007
   5.79599994444444       7.578424423911402E-007  1.068948774442887E-006
   5.96400018888889       1.020614280154766E-006  1.332499138073450E-006
   6.13200002916667       1.401666458429220E-006  1.639946249645420E-006
   6.29999986944444       1.861030347673444E-006  1.988284334202655E-006
   6.46800011388889       2.300110870929522E-006  2.430407610532239E-006
   6.63599995347222       2.708085228135544E-006  2.955536833334662E-006
   6.80400019791667       3.112131466941219E-006  3.458655638345299E-006
   6.97199963194444       3.559417285535399E-006  3.952742352058094E-006
   7.13999988194444       4.213839627090715E-006  4.414432264154685E-006
   7.30800012500000       4.956606413660053E-006  4.780396005580194E-006
   7.47600036805556       5.672131495619251E-006  5.141441409220887E-006
   7.64399980555556       6.360607456988949E-006  5.681225630738175E-006
   7.81200004861111       6.846382284079024E-006  6.439240803127207E-006
   7.98000029166667       7.364524131751185E-006  6.847067247863770E-006
   8.14799972916667       7.844693671869423E-006  6.955155525797808E-006
   8.31599997222222       8.100714273285826E-006  6.703886488375153E-006
   8.48400021527778       8.483934634931813E-006  6.114133166059516E-006
   8.65199965277778       9.004600425245593E-006  5.405519269418289E-006
   8.81999989583333       9.254486133633402E-006  4.613234564717510E-006
   8.98800013888889       9.238478827794232E-006  4.478985633711866E-006
   9.15600038888889       8.316938478808493E-006  4.695350306445463E-006
   9.32399981944444       6.798614994403234E-006  4.601865654942434E-006
   9.49200006944444       5.588140045092346E-006  4.310314294419329E-006
   9.66000031250000       4.802981941856337E-006  4.161875941532219E-006
   9.82799975000000       4.570002430187535E-006  4.494985990643075E-006
   9.99599999305556       3.713049202597646E-006  4.802625065797472E-006
   10.1640002361111       2.663013866573412E-006  4.131879491266037E-006
   10.3319996736111       1.961023396007979E-006  3.057922787760690E-006
   10.4999999166667       1.059941872936405E-006  2.053168769589130E-006
   10.6680001597222       3.622101522938663E-007  1.419002246565399E-006
   10.8359995972222      -2.179083384882557E-007  3.025227555365080E-007
   11.0039998402778      -1.053022249658766E-006 -1.297690817219427E-006
   11.1720000833333      -2.524778247800319E-006 -2.485846990947751E-006
   11.3400003333333      -4.352502603703421E-006 -3.727951632070986E-006
   11.5079997638889      -5.884797363915221E-006 -3.932815365778244E-006
   11.6760000138889      -6.891382419334554E-006 -3.900735484000126E-006
   11.8440002569444      -7.009578876599280E-006 -3.728582245468464E-006
   12.0119996944444      -6.314988372574304E-006 -4.581184215798226E-006
   12.1799999375000      -5.634476356078700E-006 -5.343001433543167E-006
   12.3480001805556      -6.105742856046947E-006 -6.006150114446033E-006
   12.5159996180556      -7.578279985895923E-006 -7.067184330896409E-006
   12.6839998611111      -9.187332879797598E-006 -8.276454141026598E-006
   12.8520001041667      -9.979648358233633E-006 -9.196008095036575E-006
   13.0200003472222      -9.763084648922006E-006 -9.556011162483089E-006
   13.1879997847222      -9.553695190729739E-006 -9.357027197612135E-006
   13.3560000277778      -9.520596549409453E-006 -9.172072085213686E-006
   13.5240002708333      -9.599685049019168E-006 -8.868746296500915E-006
   13.6920005208333      -9.526025631929416E-006 -8.647047344205967E-006
   13.8600007638889      -9.026464667794910E-006 -8.322695649054338E-006
   14.0279993888889      -8.425091282316456E-006 -7.910365815608356E-006
   14.1959996319444      -7.675532930916191E-006 -7.081279197994546E-006
   14.3639998819444      -7.259951504894940E-006 -6.457057803139699E-006
   14.5320001250000      -6.669985744535918E-006 -6.168050735631527E-006
   14.7000003680556      -6.009758583080165E-006 -5.828325077966334E-006
   14.8680006111111      -5.406253371909332E-006 -5.282922168011855E-006
   15.0359992430556      -4.919238164748184E-006 -4.730982817418740E-006
   15.2039994861111      -4.695647124085519E-006 -4.316837333592613E-006
   15.3719997291667      -4.268416846568471E-006 -3.835973647204109E-006
   15.5399999722222      -3.695942480248901E-006 -3.240900191318327E-006
   15.7080002152778      -3.091351005858564E-006 -2.675165521195259E-006
   15.8760004652778      -2.540791013495744E-006 -2.188436211961657E-006
   16.0440007083333      -2.074306603081217E-006 -1.794296013717586E-006
   16.2119993333333      -1.683228887845756E-006 -1.516452987287276E-006
   16.3799995763889      -1.363656180056794E-006 -1.320297476131811E-006
   16.5479998263889      -1.062133136609381E-006 -1.138892883438604E-006
   16.7160000694444      -8.048391478090908E-007 -9.417850616733506E-007
   16.8840003125000      -6.405348869510566E-007 -7.249906734349399E-007
   17.0520005555556      -5.253102046285187E-007 -5.316206196269534E-007
   17.2200007986111      -4.193590881554734E-007 -3.790294256195372E-007
   17.3879994305556      -3.201173594723308E-007 -2.669874982527771E-007
   17.5559996736111      -2.309935664859243E-007 -1.873663989471191E-007
   17.7239999166667      -1.682650918382291E-007 -1.327270891402329E-007
   17.8920001597222      -1.262759510125152E-007 -9.552146482648922E-008
   18.0600004097222      -9.379175293124655E-008 -6.854796791181814E-008
   18.2280006527778      -6.914042435933068E-008 -4.960597382451157E-008
   18.3959992777778      -5.009734924806060E-008 -3.512238667634036E-008
   18.5639995208333      -3.700939132722791E-008 -2.667394160341805E-008
   18.7319997638889      -2.657349071635548E-008 -2.157812359189825E-008
   18.9000000138889      -1.911318850062724E-008 -1.789293583226726E-008
   19.0680002569444      -1.364873421753407E-008 -1.489860020811979E-008
   19.2360005000000      -9.832620425195406E-009 -1.319547308261912E-008
   19.4040007430556      -7.421851530459752E-009 -1.214044505053138E-008
   19.5719993750000      -5.671737844946756E-009 -1.057664895476429E-008
   19.7399996180556      -4.964431013075501E-009 -8.716905778130027E-009
   19.9079998611111      -4.980914309183001E-009 -7.079121462802483E-009
   20.0760001041667      -5.194731373279866E-009 -5.806040416558355E-009
   20.2440003472222      -5.362942352383480E-009 -4.352354175525720E-009
   20.4120005972222      -5.431196859225962E-009 -2.517736078049032E-009
   20.5799992222222      -5.406786492128115E-009 -6.743323581055745E-010
   20.7479994652778      -5.380116856365880E-009  5.783627453491883E-010
   20.9159997083333      -5.463894920819814E-009  9.840410558027367E-010
   21.0839999583333      -5.624069770786135E-009  8.401104183129536E-010
   21.2520002013889      -5.735962407069731E-009  5.477887132693340E-010
   21.4200004444444      -5.666890668942967E-009  1.698445360805639E-010
   21.5880006875000      -5.355458800407262E-009 -5.628016824960676E-010
   21.7559993194444      -4.832128864795788E-009 -1.840054929518082E-009
   21.9239995625000      -4.209739181729138E-009 -3.488392755366370E-009
   22.0919998055556      -3.645589015993546E-009 -5.064998229820848E-009
   22.2600000486111      -3.269488824598010E-009 -6.166176203183421E-009
   22.4280002916667      -3.135581778375004E-009 -6.642874872972171E-009
   22.5960005416667      -3.219394498025642E-009 -6.592361027424720E-009
   22.7640007847222      -3.451729461751101E-009 -6.209497814830410E-009
   22.9319994097222      -3.750627750778299E-009 -5.644603366949963E-009
   23.0999996527778      -4.041611090688736E-009 -4.989212188792675E-009
   23.2679999027778      -4.268089941645994E-009 -4.336016292266215E-009
   23.4360001458333      -4.402624212184795E-009 -3.789584727028282E-009
   23.6040003888889      -4.446772268375319E-009 -3.372683452231815E-009
   23.7720006319444      -4.417808468021967E-009 -2.961858837126173E-009
   23.9399992569444      -4.327441642615955E-009 -2.360440207804336E-009
   24.1079995069444      -4.176014487480398E-009 -1.473593948560047E-009
   24.2759997500000      -3.963291187949182E-009 -4.074316242650462E-010
   24.4439999930556      -3.709831757452449E-009  5.739817487483901E-010
   24.6120002361111      -3.466009961976514E-009  1.185859669340627E-009
   24.7800004791667      -3.302468266336531E-009  1.261739989677563E-009
   24.9480007291667      -3.281142399365818E-009  8.430464723937673E-010
   25.1159993541667      -3.422852667681630E-009  1.663018581186863E-010
   25.2839995972222      -3.696521176369599E-009 -4.742245544902065E-010
   25.4519998402778      -4.029680015252302E-009 -9.127269547119539E-010
   25.6200000902778      -4.347014528925671E-009 -1.195803888195270E-009
   25.7880003333333      -4.604471666172476E-009 -1.513020615396943E-009
   25.9560005763889      -4.809463481654924E-009 -2.028621248916749E-009
   26.1239992013889      -5.005103159985564E-009 -2.758397031702270E-009
   26.2919994513889      -5.246333899274090E-009 -3.564979066387192E-009
   26.4599996944444      -5.572080925217314E-009 -4.270631799565037E-009
   26.6279999375000      -5.998898303586814E-009 -4.770359878483454E-009
   26.7960001805556      -6.518766389047684E-009 -5.088012124520791E-009
   26.9640004236111      -7.109921370624667E-009 -5.333239840924054E-009
   27.1320006736111      -7.737750554113366E-009 -5.592420631958508E-009
   27.3000009166667      -8.358956554738052E-009 -5.844355384690856E-009
   27.4680011597222      -8.922016833398636E-009 -6.003591337921506E-009
   27.6360014027778      -9.381818747056193E-009 -6.027498082914866E-009
   27.8039984166667      -9.717691031753173E-009 -6.016591940628972E-009
   27.9719986597222      -9.935801235422081E-009 -6.168686550782964E-009
   28.1399989027778      -1.007323896569255E-008 -6.653798466944058E-009
   28.3079991458333      -1.017345039835029E-008 -7.484794986947497E-009
   28.4759993958333      -1.027824629361932E-008 -8.509137500165106E-009
   28.6439996388889      -1.040733815710714E-008 -9.513797583991547E-009
   28.8119998819444      -1.058052184920037E-008 -1.034068758230975E-008
   28.9800001250000      -1.080801812153866E-008 -1.092632793038275E-008
   29.1480003680556      -1.109556408684139E-008 -1.127868060753641E-008
   29.3160006111111      -1.142823627037109E-008 -1.143550799977863E-008
   29.4840008611111      -1.177422363863517E-008 -1.146174671886767E-008
   29.6520011041667      -1.209731101969130E-008 -1.146106423683577E-008
   29.8200013472222      -1.237300080290220E-008 -1.156719891863962E-008
   29.9880015902778      -1.259982913131674E-008 -1.192033392866907E-008
   30.1559986041667      -1.277478786238659E-008 -1.259755387023703E-008
   30.3239988472222      -1.290502462795009E-008 -1.358625705758806E-008
   30.4919990902778      -1.299017589588727E-008 -1.476892862205830E-008
   30.6599993333333      -1.305168555937786E-008 -1.595567665418685E-008
   30.8279995833333      -1.312086538776795E-008 -1.700940467464620E-008
   30.9959998263889      -1.324730875440246E-008 -1.785019927399906E-008
   31.1640000694444      -1.347526841963165E-008 -1.851587906484575E-008
   31.3320003125000      -1.381000743671027E-008 -1.905542957969779E-008
   31.5000005555556      -1.421095690461005E-008 -1.947542747351687E-008
   31.6680008055556      -1.461505703716047E-008 -1.972051995424420E-008
   31.8360010486111      -1.497722233177170E-008 -1.974369138068762E-008
   32.0040012916667      -1.527049571606718E-008 -1.956186033351284E-008
   32.1720015347222      -1.548992532378120E-008 -1.924896558583665E-008
   32.3399985486111      -1.563147054362051E-008 -1.888824087429837E-008
   32.5079987916667      -1.569396321452181E-008 -1.857820983611855E-008
   32.6759990347222      -1.567501949375496E-008 -1.838469903466157E-008
   32.8439992777778      -1.559006986823630E-008 -1.837591595748052E-008
   33.0119995277778      -1.545846522999465E-008 -1.857276161432066E-008
   33.1799997708333      -1.530559894857508E-008 -1.895556035593961E-008
   33.3480000138889      -1.516474880814509E-008 -1.947306786758503E-008
   33.5160002569444      -1.505682358137286E-008 -2.006745930800844E-008
   33.6840005000000      -1.499499497789737E-008 -2.066942203037109E-008
   33.8520007500000      -1.497150945088709E-008 -2.122160816150343E-008
   34.0200009930556      -1.498727052217266E-008 -2.168855189969770E-008
   34.1880012361111      -1.503403992881120E-008 -2.206452775676484E-008
   34.3560014791667      -1.510458472126510E-008 -2.229622653009783E-008
   34.5239984930556      -1.516082065996371E-008 -2.228461851832682E-008
   34.6919987361111      -1.516761251764147E-008 -2.189529354103693E-008
   34.8599989791667      -1.508483830732213E-008 -2.111986598865547E-008
   35.0279992222222      -1.491163522777569E-008 -2.006373861451074E-008
   35.1959994652778      -1.464952916488383E-008 -1.894763038129844E-008
   35.3639997152778      -1.433506781072532E-008 -1.796972281881569E-008
   35.5319999583333      -1.398637960047695E-008 -1.724554733914595E-008
   35.7000002013889      -1.363633611492788E-008 -1.679424446109303E-008
   35.8680004444444      -1.331318572216705E-008 -1.657912883967493E-008
   36.0360006875000      -1.304397951825924E-008 -1.657070639096304E-008
   36.2040009375000      -1.283450116368012E-008 -1.672894333940416E-008
   36.3720011805556      -1.267494481119390E-008 -1.699485928006391E-008
   36.5400014236111      -1.253098375883032E-008 -1.725907676863978E-008
   36.7079984375000      -1.238389337000004E-008 -1.738334278430775E-008
   36.8759986805556      -1.220513154627458E-008 -1.727262752631754E-008
   37.0439989236111      -1.199857797216582E-008 -1.691899519783582E-008
   37.2119991666667      -1.175612817106314E-008 -1.639436039976185E-008
   37.3799994097222      -1.148866986071934E-008 -1.578733528875236E-008
   37.5479996597222      -1.119787532065281E-008 -1.514044895846486E-008
   37.7159999027778      -1.089580334325750E-008 -1.448505583957685E-008
   37.8840001458333      -1.058662153111962E-008 -1.382863609399016E-008
   38.0520003888889      -1.028237511137211E-008 -1.319709591569386E-008
   38.2200006319444      -9.984984538817662E-009 -1.259634886010748E-008
   38.3880008819444      -9.694600068700435E-009 -1.203982741945878E-008
   38.5560011250000      -9.393229960790235E-009 -1.152697804373957E-008
   38.7240013680556      -9.075335841135390E-009 -1.105286727632672E-008
   38.8920016111111      -8.732982885749669E-009 -1.062039954731725E-008
   39.0599986250000      -8.383891385700765E-009 -1.023454902400795E-008
   39.2279988680556      -8.043167562078497E-009 -9.907007090174849E-009
   39.3959991111111      -7.731008132952243E-009 -9.629252414145760E-009
   39.5639993541667      -7.449770277099563E-009 -9.379816860979184E-009
   39.7319995972222      -7.189220645503364E-009 -9.135558095338521E-009
   39.8999998472222      -6.932840065837043E-009 -8.888661494454759E-009
   40.0680000902778      -6.674007300930815E-009 -8.650541185639773E-009
   40.2360003333333      -6.410667633153141E-009 -8.420321770286146E-009
   40.4040005763889      -6.143698401842167E-009 -8.195794880480301E-009
   40.5720008194444      -5.869918411823777E-009 -7.929308424549930E-009
   40.7400010694444      -5.589685859449347E-009 -7.576557798327856E-009
   40.9080013125000      -5.306341422294210E-009 -7.095744843930975E-009
   41.0760015555556      -5.028875637186596E-009 -6.513466491690223E-009
   41.2439985694444      -4.766572297279467E-009 -5.877423773443982E-009
   41.4119988125000      -4.527836883044172E-009 -5.259422723331629E-009
   41.5799990555556      -4.312189526225386E-009 -4.709628671867079E-009
   41.7479992986111      -4.112745785866479E-009 -4.257342303454344E-009
   41.9159995416667      -3.912607930011041E-009 -3.888650289726722E-009
   42.0839997916667      -3.702534822370333E-009 -3.579560818152291E-009
   42.2520000347222      -3.475272183733760E-009 -3.304768977295298E-009
   42.4200002777778      -3.230870666180501E-009 -3.072757562169770E-009
   42.5880005208333      -2.972849075592565E-009 -2.887339118427895E-009
   42.7560007638889      -2.708873460137851E-009 -2.752718568262446E-009
   42.9240010138889      -2.451967931672160E-009 -2.643717511063310E-009
   43.0920012569444      -2.211525585203525E-009 -2.531641165010892E-009
   43.2600015000000      -1.995645079121176E-009 -2.375901964310133E-009
   43.4279985138889      -1.803519358816542E-009 -2.150501367459604E-009
   43.5959987569444      -1.634219463499634E-009 -1.844303598064575E-009
   43.7639990000000      -1.482074563106025E-009 -1.478909964902224E-009
   43.9319992430556      -1.343697938085285E-009 -1.101180759378316E-009
   44.0999994861111      -1.213266921259580E-009 -7.712723138879083E-010
   44.2679997361111      -1.087448595991070E-009 -5.289765298703358E-010
   44.4359999791667      -9.600683294392334E-010 -3.816759860107453E-010
   44.6040002222222      -8.279758222674503E-010 -3.026751766063580E-010
   44.7720004652778      -6.889810616061779E-010 -2.613361178342868E-010
   44.9400007083333      -5.478981987741189E-010 -2.372569956986536E-010
   45.1080009513889      -4.113583195290427E-010 -2.257108465807692E-010
   45.2760012013889      -2.874592021313514E-010 -2.183282831832208E-010
   45.4440014444444      -1.804596037506565E-010 -1.939855505510857E-010
   45.6119984513889      -9.204269021346412E-011 -1.238034311832410E-010
   45.7799987013889      -2.057871873884159E-011  9.058693251239891E-012
   45.9479989444444       3.750850796826037E-011  1.924277750388112E-010
   46.1159991875000       8.761207821128272E-011  3.865544238113045E-010
   46.2839994305556       1.359365729712132E-010  5.423789045383015E-010
   46.4519996736111       1.875284035041137E-010  6.282186514149536E-010
   46.6199999236111       2.455773356679091E-010  6.398384773221976E-010
   46.7880001666667       3.089887715739809E-010  5.969224515934798E-010
   46.9560004097222       3.740479890205048E-010  5.234363923850889E-010
   47.1240006527778       4.350018928494386E-010  4.433106147409335E-010
   47.2920008958333       4.874917228661897E-010  3.699182577841350E-010
   47.4600011458333       5.273829611287740E-010  3.244876392190961E-010
   47.6280013888889       5.540033956445403E-010  3.169172024159809E-010
   47.7959983958333       5.675653028451284E-010  3.587974178685268E-010
   47.9639986458333       5.726964598705667E-010  4.332116195833573E-010
   48.1319988888889       5.734376532258335E-010  5.213824634546038E-010
   48.2999991319444       5.752455277779700E-010  5.861740256934770E-010
   48.4679993750000       5.803269410457682E-010  6.158822312866253E-010
   48.6359996180556       5.883984545187494E-010  5.950458076700557E-010
   48.8039998680556       5.974386149877852E-010  5.429697140946273E-010
   48.9720001111111       6.029174963603027E-010  4.649995350518773E-010
   49.1400003541667       6.036239719786941E-010  3.987390062306060E-010
   49.3080005972222       5.977391393738886E-010  3.471287867529328E-010
   49.4760008402778       5.875056052180343E-010  3.335312229187338E-010
   49.6440010902778       5.723049901624697E-010  3.324067998704304E-010
   49.8120013333333       5.558206616457866E-010  3.423680746707589E-010
   49.9800015763889       5.368876019928035E-010  3.317600354239886E-010
   50.1479985833333       5.193373804839535E-010  3.158337985728322E-010
   50.3159988333333       5.011546023651491E-010  2.811469098357960E-010
   50.4839990763889       4.860010352383811E-010  2.529761218867134E-010
   50.6519993194444       4.697693355611385E-010  2.054937554052233E-010
   50.8199995625000       4.553647779213120E-010  1.632875675240139E-010
   50.9879998055556       4.369815694224446E-010  1.043609486263098E-010
   51.1560000555556       4.172773546091983E-010  6.711616096218772E-011
   51.3240002986111       3.945228741091438E-010  3.385134583940065E-011
   51.4920005416667       3.715291553152900E-010  3.823393671326195E-011
   51.6600007847222       3.480485985114281E-010  4.868911580357875E-011
   51.8280010277778       3.248586297509057E-010  6.957566980510051E-011
   51.9960012777778       3.023846491177879E-010  6.028335793623611E-011
   52.1640015208333       2.811157364390614E-010  3.476749950413199E-011
   52.3319985277778       2.602267209556536E-010 -1.661535914534609E-011
   52.4999987777778       2.415609222094296E-010 -5.524900401329767E-011
   52.6679990208333       2.220798137505156E-010 -8.691834167841111E-011
   52.8359992638889       2.044691840942475E-010 -9.047409942083886E-011
   53.0039995069444       1.841531348109377E-010 -9.578542008809618E-011
   53.1719997500000       1.634114734025998E-010 -9.268132046678684E-011
   53.3400000000000       1.420636123936641E-010 -1.037504395115348E-010
   53.5080002430556       1.221431303413009E-010 -1.094955746458725E-010
   53.6760004861111       1.054375209980419E-010 -1.256128583199565E-010
   53.8440007291667       9.061896931094766E-011 -1.400044724770990E-010
   54.0120009722222       7.878248211187020E-011 -1.664067236916482E-010
   54.1800012222222       6.804339494854652E-011 -1.898474276645567E-010
   54.3480014652778       5.800130489461499E-011 -2.112663906442771E-010
   54.5160017083333       4.812551828002616E-011 -2.177115409476397E-010
   54.6840019513889       3.725177439399663E-011 -2.171858195786089E-010
   54.8520021944444       2.623697586117582E-011 -2.147235614498963E-010
   55.0200024444444       1.478530025914188E-011 -2.232981962592760E-010
   55.1880026875000       2.947825381498494E-012 -2.443639820838402E-010
   55.3560029305556      -8.198718519344341E-012 -2.694820352502108E-010
   55.5240031736111      -1.917529159589420E-011 -2.894333953210852E-010
   55.6919969513889      -2.850959967644561E-011 -2.929522615096872E-010
   55.8599971944444      -3.854680283143734E-011 -2.870327114658167E-010
   56.0279974375000      -4.789184286004257E-011 -2.721027202410190E-010
   56.1959976875000      -5.817202382890841E-011 -2.638846404509555E-010
   56.3639979305556      -6.852445419705907E-011 -2.564830670748029E-010
   56.5319981736111      -7.933284078444236E-011 -2.592315962377840E-010
   56.6999984166667      -8.997938477402165E-011 -2.592071180146000E-010
   56.8679986597222      -1.000756079625772E-010 -2.644330678731000E-010
   57.0359989097222      -1.101708389463459E-010 -2.654519740372254E-010
   57.2039991527778      -1.198899671859882E-010 -2.715824367399132E-010
   57.3719993958333      -1.298439485117907E-010 -2.740314105916413E-010
   57.5399996388889      -1.390112260490514E-010 -2.774991996760706E-010
   57.7079998819444      -1.479097732336944E-010 -2.769541653064133E-010
   57.8760001319444      -1.566956539020283E-010 -2.777228664598300E-010
   58.0440003750000      -1.662359971631911E-010 -2.809315135430218E-010
   58.2120006180556      -1.774313321020714E-010 -2.887971432322421E-010
   58.3800008611111      -1.899236494418221E-010 -3.009464018706239E-010
   58.5480011041667      -2.033790850279133E-010 -3.144662897196615E-010
   58.7160013541667      -2.182277346689649E-010 -3.283521391758171E-010
   58.8840015972222      -2.339674613413913E-010 -3.405835877603369E-010
   59.0520018402778      -2.525891205249757E-010 -3.548527274642985E-010
   59.2200020833333      -2.736748100569781E-010 -3.740223596114469E-010
   59.3880023263889      -2.962483092272867E-010 -4.049042170964589E-010
   59.5560025763889      -3.220666275248285E-010 -4.492491596743510E-010
   59.7240028194444      -3.491455441878714E-010 -5.122457230919189E-010
   59.8920030625000      -3.963320210559633E-010 -6.037290345035616E-010
   60.0599968402778      -4.054998438343236E-010 -6.306618085343675E-010
