  -60.0599968402778      -5.203894218208009E-032 -5.292301506167528E-032
  -59.8920030625000      -2.924509426207437E-010 -5.183072952145105E-010
  -59.7240028194444      -9.437988100326017E-014  7.911176043386113E-012
  -59.5560025763889       3.024723138603332E-012  1.031738303464381E-011
  -59.3880023263889      -3.069651324865832E-012 -3.466594127880478E-012
  -59.2200020833333      -1.159243297950616E-011 -2.739973894827892E-011
  -59.0520018402778      -1.873335433686723E-011 -4.825505520121487E-011
  -58.8840015972222      -2.280986513300224E-011 -5.377809893375350E-011
  -58.7160013541667      -2.188542015537924E-011 -4.602456393024278E-011
  -58.5480011041667      -1.822324233949767E-011 -3.376524413457707E-011
  -58.3800008611111      -1.288260761466298E-011 -2.241988162259538E-011
  -58.2120006180556      -7.850327449363902E-012 -1.329478209534448E-011
  -58.0440003750000      -3.407225956013247E-012 -5.590169960085970E-012
  -57.8760001319444       3.294528491253380E-014  9.118449337952445E-013
  -57.7079998819444       2.716846439584995E-012  6.040139134233902E-012
  -57.5399996388889       4.597368470118772E-012  9.593606303166902E-012
  -57.3719993958333       5.909250303001342E-012  1.189372457468340E-011
  -57.2039991527778       6.761217262267587E-012  1.339917998694653E-011
  -57.0359989097222       7.392221267789102E-012  1.447373113974692E-011
  -56.8679986597222       7.895669346803479E-012  1.526824347076334E-011
  -56.6999984166667       8.372432884648046E-012  1.590412352500122E-011
  -56.5319981736111       8.835710016666074E-012  1.649974837177022E-011
  -56.3639979305556       9.312461721513083E-012  1.712968590853290E-011
  -56.1959976875000       9.786964035072021E-012  1.778486472309939E-011
  -56.0279974375000       1.025877105088252E-011  1.846617093524939E-011
  -55.8599971944444       1.072293998589427E-011  1.924088937639094E-011
  -55.6919969513889       1.119265666099292E-011  2.018637412352417E-011
  -55.5240031736111       1.166759257151812E-011  2.127491296644441E-011
  -55.3560029305556       1.213991933586309E-011  2.235963277392878E-011
  -55.1880026875000       1.259433711650818E-011  2.328241532459218E-011
  -55.0200024444444       1.302729574615705E-011  2.398944942671647E-011
  -54.8520021944444       1.344250254662311E-011  2.453313946063955E-011
  -54.6840019513889       1.384466268801243E-011  2.499554088134930E-011
  -54.5160017083333       1.423103921883686E-011  2.543167289361434E-011
  -54.3480014652778       1.459812362553979E-011  2.586870617427845E-011
  -54.1800012222222       1.494820789125158E-011  2.632288822811147E-011
  -54.0120009722222       1.529059159059152E-011  2.679970052247240E-011
  -53.8440007291667       1.563338711199828E-011  2.728062912655178E-011
  -53.6760004861111       1.597838752686463E-011  2.772236378520363E-011
  -53.5080002430556       1.632348166760886E-011  2.808276060755626E-011
  -53.3400000000000       1.666965127098422E-011  2.835665052433509E-011
  -53.1719997500000       1.702260692473569E-011  2.858205356223772E-011
  -53.0039995069444       1.738787552718979E-011  2.880438545581431E-011
  -52.8359992638889       1.776540786518766E-011  2.903640033993396E-011
  -52.6679990208333       1.815009735502779E-011  2.925742956144312E-011
  -52.4999987777778       1.853589639189260E-011  2.944630081033918E-011
  -52.3319985277778       1.891764727789905E-011  2.960707171281289E-011
  -52.1640015208333       1.928896538619342E-011  2.976785018463277E-011
  -51.9960012777778       1.964055209018602E-011  2.996645743927613E-011
  -51.8280010277778       1.996201815203665E-011  3.023633518564932E-011
  -51.6600007847222       2.024506847169882E-011  3.059181098992406E-011
  -51.4920005416667       2.048451884120563E-011  3.101416642485662E-011
  -51.3240002986111       2.067719399180873E-011  3.144916995432279E-011
  -51.1560000555556       2.082144095202686E-011  3.182225084173474E-011
  -50.9879998055556       2.091826703059458E-011  3.206360600122031E-011
  -50.8199995625000       2.097257620091124E-011  3.212961086859944E-011
  -50.6519993194444       2.099285291083826E-011  3.201354757221012E-011
  -50.4839990763889       2.098937658065252E-011  3.174638878958047E-011
  -50.3159988333333       2.097248910131345E-011  3.139065737468989E-011
  -50.1479985833333       2.095169927409556E-011  3.102903550949876E-011
  -49.9800015763889       2.093523024310341E-011  3.074945394571265E-011
  -49.8120013333333       2.092970332988636E-011  3.062997679974717E-011
  -49.6440010902778       2.094169061801740E-011  3.072834602230583E-011
  -49.4760008402778       2.098365085421519E-011  3.108137172601305E-011
  -49.3080005972222       2.108405740228147E-011  3.171762762682853E-011
  -49.1400003541667       2.129557025813346E-011  3.267868959699671E-011
  -48.9720001111111       2.169007527404549E-011  3.402840399936126E-011
  -48.8039998680556       2.233164034404705E-011  3.582042677214595E-011
  -48.6359996180556       2.323109965944560E-011  3.801445821005341E-011
  -48.4679993750000       2.430370721261626E-011  4.038220401822809E-011
  -48.2999991319444       2.536041754554037E-011  4.248481700781623E-011
  -48.1319988888889       2.615219387309822E-011  4.378155710522944E-011
  -47.9639986458333       2.645687470382693E-011  4.384094255208186E-011
  -47.7959983958333       2.616818197513389E-011  4.253879104222893E-011
  -47.6280013888889       2.533947056380544E-011  4.012287265924864E-011
  -47.4600011458333       2.415905884376624E-011  3.711004000999209E-011
  -47.2920008958333       2.287331955758289E-011  3.408391928170573E-011
  -47.1240006527778       2.170031492671480E-011  3.150345829776959E-011
  -46.9560004097222       2.077430218611266E-011  2.960250855356799E-011
  -46.7880001666667       2.013675118257591E-011  2.839642953803191E-011
  -46.6199999236111       1.976263459021338E-011  2.775871001355010E-011
  -46.4519996736111       1.959798595388556E-011  2.751234105813834E-011
  -46.2839994305556       1.958877064470231E-011  2.749556718848094E-011
  -46.1159991875000       1.969349041964814E-011  2.759024044076372E-011
  -45.9479989444444       1.988289940482328E-011  2.772279549107423E-011
  -45.7799987013889       2.013438439941485E-011  2.785370325808098E-011
  -45.6119984513889       2.042695676298469E-011  2.796579035459037E-011
  -45.4440014444444       2.073920183740157E-011  2.805427967440837E-011
  -45.2760012013889       2.104972578147709E-011  2.811823017656486E-011
  -45.1080009513889       2.133878773543114E-011  2.815364105211872E-011
  -44.9400007083333       2.159002279765737E-011  2.814958911906901E-011
  -44.7720004652778       2.179179396951156E-011  2.808854881460317E-011
  -44.6040002222222       2.193808582954698E-011  2.795101405276003E-011
  -44.4359999791667       2.202890974419167E-011  2.772329156865007E-011
  -44.2679997361111       2.207014480228165E-011  2.740591720249319E-011
  -44.0999994861111       2.207268199251994E-011  2.701882684509844E-011
  -43.9319992430556       2.205090947555571E-011  2.659997046328066E-011
  -43.7639990000000       2.202076043223421E-011  2.619729530854130E-011
  -43.5959987569444       2.199761707441545E-011  2.585776405650333E-011
  -43.4279985138889       2.199446262260997E-011  2.561845380179856E-011
  -43.2600015000000       2.202049724730869E-011  2.550259120476168E-011
  -43.0920012569444       2.208036930633161E-011  2.551984600833908E-011
  -42.9240010138889       2.217403146768850E-011  2.566808620815217E-011
  -42.7560007638889       2.229712127645042E-011  2.593446679250625E-011
  -42.5880005208333       2.244165793167795E-011  2.629550927264209E-011
  -42.4200002777778       2.259694167861516E-011  2.671726259462683E-011
  -42.2520000347222       2.275050997842502E-011  2.715659071243706E-011
  -42.0839997916667       2.288916375766169E-011  2.756385931869653E-011
  -41.9159995416667       2.300008261369165E-011  2.788663563188778E-011
  -41.7479992986111       2.307193438653593E-011  2.807426101107548E-011
  -41.5799990555556       2.309595061653772E-011  2.808369217319403E-011
  -41.4119988125000       2.306679184223575E-011  2.788688746031229E-011
  -41.2439985694444       2.298314022805268E-011  2.747843735604972E-011
  -41.0760015555556       2.284794006103623E-011  2.688051388497975E-011
  -40.9080013125000       2.266834092368249E-011  2.614253171438852E-011
  -40.7400010694444       2.245534740941265E-011  2.533521981753547E-011
  -40.5720008194444       2.222325678715972E-011  2.454139291190982E-011
  -40.4040005763889       2.198889026849836E-011  2.384592764956966E-011
  -40.2360003333333       2.177066710536704E-011  2.332577480778756E-011
  -40.0680000902778       2.158745341412119E-011  2.303953406083069E-011
  -39.8999998472222       2.145724811222023E-011  2.301717268844232E-011
  -39.7319995972222       2.139574959676342E-011  2.325308235109463E-011
  -39.5639993541667       2.141498113633452E-011  2.370680998109153E-011
  -39.3959991111111       2.152209799168012E-011  2.431351137722365E-011
  -39.2279988680556       2.171860732633845E-011  2.500104128448247E-011
  -39.0599986250000       2.200005391249577E-011  2.570615166581731E-011
  -38.8920016111111       2.235632116760626E-011  2.638243082948094E-011
  -38.7240013680556       2.277254568527828E-011  2.699784388787430E-011
  -38.5560011250000       2.323071529549225E-011  2.752662128735635E-011
  -38.3880008819444       2.371191276771116E-011  2.794325478796993E-011
  -38.2200006319444       2.419921085995191E-011  2.822361833222294E-011
  -38.0520003888889       2.468114298064749E-011  2.835288828629479E-011
  -37.8840001458333       2.515576458213859E-011  2.833648931022189E-011
  -37.7159999027778       2.563551357931052E-011  2.821023180205782E-011
  -37.5479996597222       2.615318982036825E-011  2.804803515242968E-011
  -37.3799994097222       2.676940757719403E-011  2.796878765187879E-011
  -37.2119991666667       2.758111222621475E-011  2.814529293190448E-011
  -37.0439989236111       2.872889830220806E-011  2.881489965983717E-011
  -36.8759986805556       3.039783694944485E-011  3.028214665554437E-011
  -36.7079984375000       3.280351567479232E-011  3.289363145104422E-011
  -36.5400014236111       3.615431750128521E-011  3.696359856478579E-011
  -36.3720011805556       4.058534603093681E-011  4.264330443460831E-011
  -36.2040009375000       4.607055527758392E-011  4.975833411623444E-011
  -36.0360006875000       5.233557627169635E-011  5.767484395772186E-011
  -35.8680004444444       5.880879852526525E-011  6.527716607319225E-011
  -35.7000002013889       6.465267590450446E-011  7.112506885554327E-011
  -35.5319999583333       6.890130682762471E-011  7.379987551527738E-011
  -35.3639997152778       7.069117105120240E-011  7.235834123610759E-011
  -35.1959994652778       6.952247209275821E-011  6.673190129208602E-011
  -35.0279992222222       6.545588285310360E-011  5.788988049560384E-011
  -34.8599989791667       5.915965439771706E-011  4.765783419525069E-011
  -34.6919987361111       5.177676534456064E-011  3.821919449086165E-011
  -34.5239984930556       4.465262448313706E-011  3.146650995647530E-011
  -34.3560014791667       3.901390752123051E-011  2.844439004705707E-011
  -34.1880012361111       3.569730478001316E-011  2.910025238599165E-011
  -34.0200009930556       3.500031152230141E-011  3.242705313110209E-011
  -33.8520007500000       3.668131886908950E-011  3.690244465560178E-011
  -33.6840005000000       4.009040417468331E-011  4.100899278639932E-011
  -33.5160002569444       4.437610459330813E-011  4.363158252747832E-011
  -33.3480000138889       4.869829514223629E-011  4.423691118669673E-011
  -33.1799997708333       5.238744103458651E-011  4.285091115046314E-011
  -33.0119995277778       5.502095584379859E-011  3.990423105273392E-011
  -32.8439992777778       5.642176629603711E-011  3.602301590491975E-011
  -32.6759990347222       5.660706463485378E-011  3.183169146925863E-011
  -32.5079987916667       5.571978954956490E-011  2.781775654230723E-011
  -32.3399985486111       5.396631313362080E-011  2.428108643749371E-011
  -32.1720015347222       5.157018106124219E-011  2.135614856445351E-011
  -32.0040012916667       4.874172278429175E-011  1.906944333318599E-011
  -31.8360010486111       4.565917035664250E-011  1.738990717941041E-011
  -31.6680008055556       4.245768041040251E-011  1.624828610010768E-011
  -31.5000005555556       3.922508524117854E-011  1.552997380123824E-011
  -31.3320003125000       3.600489580843251E-011  1.506557292160576E-011
  -31.1640000694444       3.280682160286434E-011  1.464236828544879E-011
  -30.9959998263889       2.962323968733113E-011  1.404144278686947E-011
  -30.8279995833333       2.644770484050174E-011  1.308503675379448E-011
  -30.6599993333333       2.329042452174762E-011  1.167187739721814E-011
  -30.4919990902778       2.018619803323293E-011  9.787602118545559E-012
  -30.3239988472222       1.719267454781291E-011  7.493641274373468E-012
  -30.1559986041667       1.437992129424183E-011  4.907813840410222E-012
  -29.9880015902778       1.181498072601805E-011  2.187979809672168E-012
  -29.8200013472222       9.546346363188370E-012 -4.794523525596840E-013
  -29.6520011041667       7.593023478953676E-012 -2.892944868991163E-012
  -29.4840008611111       5.941165912595257E-012 -4.859202464898984E-012
  -29.3160006111111       4.548984306029245E-012 -6.226908685917109E-012
  -29.1480003680556       3.358271633529154E-012 -6.919799358003630E-012
  -28.9800001250000       2.309086487459661E-012 -6.952175069684173E-012
  -28.8119998819444       1.353379366613106E-012 -6.416427017122523E-012
  -28.6439996388889       4.638038575538945E-013 -5.448236291328113E-012
  -28.4759993958333      -3.645136616771394E-013 -4.189360952723959E-012
  -28.3079991458333      -1.119352716558374E-012 -2.768082814713629E-012
  -28.1399989027778      -1.781975892749231E-012 -1.301140184649581E-012
  -27.9719986597222      -2.339449248416318E-012  9.899644841314104E-014
  -27.8039984166667      -2.794650201266019E-012  1.332671782202694E-012
  -27.6360014027778      -3.170392773565891E-012  2.341406342328961E-012
  -27.4680011597222      -3.505739077550668E-012  3.134508778635395E-012
  -27.3000009166667      -3.845150806386300E-012  3.783427447596341E-012
  -27.1320006736111      -4.223995522090620E-012  4.374066191822785E-012
  -26.9640004236111      -4.655893830282465E-012  4.943355834908396E-012
  -26.7960001805556      -5.127336366936092E-012  5.445992583254053E-012
  -26.6279999375000      -5.602436524827966E-012  5.779515988154981E-012
  -26.4599996944444      -6.036507069093737E-012  5.851709528146814E-012
  -26.2919994513889      -6.393180463057028E-012  5.640328736290625E-012
  -26.1239992013889      -6.658051516280671E-012  5.202233717088614E-012
  -25.9560005763889      -6.843235317240123E-012  4.631489447683424E-012
  -25.7880003333333      -6.981128885945837E-012  4.006000046381203E-012
  -25.6200000902778      -7.110211388261933E-012  3.365078030804123E-012
  -25.4519998402778      -7.258923051626167E-012  2.726497237822873E-012
  -25.2839995972222      -7.434277125923946E-012  2.115020854417317E-012
  -25.1159993541667      -7.619835825431410E-012  1.569545081192061E-012
  -24.9480007291667      -7.784013003171597E-012  1.123397787065110E-012
  -24.7800004791667      -7.895724729599930E-012  7.796654942958153E-013
  -24.6120002361111      -7.941658326552404E-012  5.030011724076182E-013
  -24.4439999930556      -7.938684700222595E-012  2.281421149624576E-013
  -24.2759997500000      -7.936458031863556E-012 -1.280756139408440E-013
  -24.1079995069444      -8.008513348149031E-012 -6.569187536162931E-013
  -23.9399992569444      -8.234144538554045E-012 -1.442933027335046E-012
  -23.7720006319444      -8.676601546115476E-012 -2.539214334074982E-012
  -23.6040003888889      -9.364514874261580E-012 -3.944064861051760E-012
  -23.4360001458333      -1.028240859518147E-011 -5.598616064865960E-012
  -23.2679999027778      -1.137302453121688E-011 -7.410968091248869E-012
  -23.0999996527778      -1.255023162833512E-011 -9.287679597766324E-012
  -22.9319994097222      -1.371792709001712E-011 -1.114407321711358E-011
  -22.7640007847222      -1.478872168302771E-011 -1.288281589328860E-011
  -22.5960005416667      -1.569668911228280E-011 -1.436035840095811E-011
  -22.4280002916667      -1.640084331395517E-011 -1.537527606563641E-011
  -22.2600000486111      -1.687938430800362E-011 -1.569715016239901E-011
  -22.0919998055556      -1.711807730610472E-011 -1.512192226151879E-011
  -21.9239995625000      -1.709817170757087E-011 -1.351855015447395E-011
  -21.7559993194444      -1.678922309085716E-011 -1.084180744956575E-011
  -21.5880006875000      -1.615016491881869E-011 -7.118188868616033E-012
  -21.4200004444444      -1.513852193694412E-011 -2.434641535481441E-012
  -21.2520002013889      -1.372462792692760E-011  3.050201094723239E-012
  -21.0839999583333      -1.190582925468743E-011  9.085225849573625E-012
  -20.9159997083333      -9.715691647283027E-012  1.532851504235897E-011
  -20.7479994652778      -7.224652020335704E-012  2.138509528290204E-011
  -20.5799992222222      -4.530798411821571E-012  2.685718497146440E-011
  -20.4120005972222      -1.742168953376716E-012  3.137273987361426E-011
  -20.2440003472222       1.045174039343118E-012  3.459269073545946E-011
  -20.0760001041667       3.766575235950584E-012  3.623968456259562E-011
  -19.9079998611111       6.398204200885099E-012  3.618244247165928E-011
  -19.7399996180556       8.951103989277063E-012  3.454093579509612E-011
  -19.5719993750000       1.144994217212550E-011  3.171455648746601E-011
  -19.4040007430556       1.390344129665961E-011  2.825931511563135E-011
  -19.2360005000000       1.627857904042254E-011  2.465352355821810E-011
  -19.0680002569444       1.849065295055182E-011  2.110066843917132E-011
  -18.9000000138889       2.041537277458121E-011  1.751415386718723E-011
  -18.7319997638889       2.191969876097938E-011  1.369646225084339E-011
  -18.5639995208333       2.289966281306519E-011  9.571227891063514E-012
  -18.3959992777778       2.331014267348921E-011  5.285956805753563E-012
  -18.2280006527778       2.317462819743866E-011  1.113404870263475E-012
  -18.0600004097222       2.257078776598427E-011 -2.755483240433512E-012
  -17.8920001597222       2.159625784926721E-011 -6.354726849320184E-012
  -17.7239999166667       2.032562811468599E-011 -9.914393575833861E-012
  -17.5559996736111       1.877227562203687E-011 -1.369385216159708E-011
  -17.3879994305556       1.686747843625636E-011 -1.781056799408549E-011
  -17.2200007986111       1.446457736810718E-011 -2.218167712776044E-011
  -17.0520005555556       1.136909093806976E-011 -2.659600941202009E-011
  -16.8840003125000       7.388097383760970E-012 -3.084601873045051E-011
  -16.7160000694444       2.386057141090765E-012 -3.483378838827002E-011
  -16.5479998263889      -3.668249326927948E-012 -3.860729025596826E-011
  -16.3799995763889      -1.067729513592161E-011 -4.233083215075513E-011
  -16.2119993333333      -1.842040111909405E-011 -4.621630751024461E-011
  -16.0440007083333      -2.658899616213468E-011 -5.044048289836525E-011
  -15.8760004652778      -3.484203615632628E-011 -5.506487959321093E-011
  -15.7080002152778      -4.286680079143650E-011 -5.997359706167082E-011
  -15.5399999722222      -5.042605120777122E-011 -6.485168265186653E-011
  -15.3719997291667      -5.737891265087576E-011 -6.922606741637479E-011
  -15.2039994861111      -6.366710161683164E-011 -7.257229096478445E-011
  -15.0359992430556      -6.927718998625965E-011 -7.445846248627901E-011
  -14.8680006111111      -7.418619523877923E-011 -7.467161696207477E-011
  -14.7000003680556      -7.832350778336978E-011 -7.325593932125329E-011
  -14.5320001250000      -8.155684518034361E-011 -7.042184239760930E-011
  -14.3639998819444      -8.373336242683000E-011 -6.638749445293772E-011
  -14.1959996319444      -8.471055260887236E-011 -6.131112157552921E-011
  -14.0279993888889      -8.439723582919816E-011 -5.541985552282798E-011
  -13.8600007638889      -8.284947275022969E-011 -4.913981205685718E-011
  -13.6920005208333      -8.049171666732250E-011 -4.305105018763293E-011
  -13.5240002708333      -7.775029921528906E-011 -3.791692020593806E-011
  -13.3560000277778      -7.422708569059641E-011 -3.520176459796666E-011
  -13.1879997847222      -7.113115053979090E-011 -3.594908893501947E-011
  -13.0200003472222      -7.790340172483477E-011 -3.670772460518139E-011
  -12.8520001041667      -9.730882615268942E-011 -2.856234677196064E-011
  -12.6839998611111      -6.386211706036596E-011  3.391270424005543E-011
  -12.5159996180556       2.465226708149809E-010  5.878384847123060E-010
  -12.3480001805556       2.038380911724851E-009  6.504093025361778E-009
  -12.1799999375000       1.880714571868267E-008  2.028756169906425E-007
  -12.0119996944444       6.311026130072362E-007  3.777375491769667E-006
  -11.8440002569444       2.356505726189698E-005  3.409331594745975E-005
  -11.6760000138889       2.516347127843996E-004  2.331918663252915E-004
  -11.5079997638889       9.147365183395607E-004  9.538725138454923E-004
  -11.3400003333333       1.492617933184651E-003  1.584160035335749E-003
  -11.1720000833333       1.171187848808639E-003  9.792373144445103E-004
  -11.0039998402778       3.990166509898016E-004  2.499216282857615E-004
  -10.8359995972222       5.337376391818698E-005  3.420384726289272E-005
  -10.6680001597222       5.244062881991742E-006  4.793648069412752E-006
  -10.4999999166667       9.974801867193629E-007  8.890536458727858E-007
  -10.3319996736111       2.285343975935160E-007  2.269912436755631E-007
  -10.1640002361111       8.541114498397355E-008  1.154785966603162E-007
  -9.99599999305556       5.682406667135259E-008  8.639766501801988E-008
  -9.82799975000000       4.672390261315062E-008  6.704708137179496E-008
  -9.66000031250000       3.917769103340768E-008  5.209247691645849E-008
  -9.49200006944444       3.164067938590736E-008  3.720444934771401E-008
  -9.32399981944444       2.562046854335530E-008  2.539610645186526E-008
  -9.15600038888889       2.142466595344767E-008  1.926840857074999E-008
  -8.98800013888889       1.744842094035766E-008  1.682921778873009E-008
  -8.81999989583333       1.364175234693162E-008  1.373402992845024E-008
  -8.65199965277778       1.072821328878826E-008  1.032986675275959E-008
  -8.48400021527778       8.983488689866406E-009  1.040313662399605E-008
  -8.31599997222222       8.099129634387344E-009  1.242517286635642E-008
  -8.14799972916667       7.188510536598810E-009  1.228312935521773E-008
  -7.98000029166667       6.178960138940658E-009  9.554358732023941E-009
  -7.81200004861111       5.720148504229638E-009  6.822984695498992E-009
  -7.64399980555556       5.910692831768510E-009  5.915041716472919E-009
  -7.47600036805556       6.354684719083916E-009  6.042347884337413E-009
  -7.30800012500000       6.787377359426557E-009  6.463179488279661E-009
  -7.13999988194444       6.744840016422586E-009  6.961260498814123E-009
  -6.97199963194444       6.173720826133608E-009  7.233322167835375E-009
  -6.80400019791667       5.497937104717093E-009  7.566325412230867E-009
  -6.63599995347222       5.091799706221129E-009  8.051696165286504E-009
  -6.46800011388889       4.867211252565202E-009  8.577030892114867E-009
  -6.29999986944444       4.441367669836206E-009  8.406039089096335E-009
  -6.13200002916667       4.322600770264387E-009  7.130419100496403E-009
  -5.96400018888889       4.851551004474298E-009  6.164111305401720E-009
  -5.79599994444444       5.528081189496417E-009  6.183806342097331E-009
  -5.62800010416667       6.096389506807048E-009  6.340849433406175E-009
  -5.45999985972222       6.739633184796750E-009  6.402177809815063E-009
  -5.29200001944444       7.304153915443537E-009  6.304642500883298E-009
  -5.12400017916667       7.596051187641444E-009  5.729401759413862E-009
  -4.95599993472222       7.752332787834867E-009  4.968867146282868E-009
  -4.78800009444444       8.068914779943941E-009  4.655902115862507E-009
  -4.61999985000000       8.467980150720160E-009  4.942171336962447E-009
  -4.45200000972222       8.516501327420659E-009  5.559209740957120E-009
  -4.28400016944444       8.117887228654452E-009  6.335143337633844E-009
  -4.11599992500000       7.495726815375319E-009  6.965765947378402E-009
  -3.94800008541667       7.204592002176443E-009  7.099092301655073E-009
  -3.77999984097222       7.234501000435934E-009  6.849687288938985E-009
  -3.61200000069444       6.961041891133169E-009  6.648006090552378E-009
  -3.44400016041667       6.458312924822661E-009  6.898168717885947E-009
  -3.27599991597222       6.230976124958573E-009  7.162913578941015E-009
  -3.10800007569444       6.367404670289347E-009  6.679840387996137E-009
  -2.94000003333333       6.494288647323647E-009  5.627934420839268E-009
  -2.77199999097222       6.206318068999955E-009  4.812590877887254E-009
  -2.60399994861111       5.636622977981530E-009  4.681118082269059E-009
  -2.43599990625000       5.090959206022188E-009  4.745190445439064E-009
  -2.26800006597222       4.806235748651492E-009  4.558093909913641E-009
  -2.10000002361111       5.040075033315463E-009  4.711765790641923E-009
  -1.93199998125000       5.657846814136649E-009  5.757778568139461E-009
  -1.76399993888889       6.440739012501168E-009  7.296977192498345E-009
  -1.59599999791667       7.182345897280637E-009  8.400461930311222E-009
  -1.42799995555556       7.631173807602552E-009  8.657074206422993E-009
  -1.26000001458333       7.683734136325608E-009  8.969070286577102E-009
  -1.09199997222222       7.652343352932472E-009  1.035407547247542E-008
 -0.924000030555556       7.864795452965532E-009  1.229287799308700E-008
 -0.755999988194444       7.738699630999200E-009  1.264262385690809E-008
 -0.587999996527778       6.776570586524508E-009  1.027407965891671E-008
 -0.420000004722222       5.418459937794590E-009  7.596915924638653E-009
 -0.251999987708333       5.627547133381062E-009  9.287765158677349E-009
 -8.400000222222222E-002  7.575735717698520E-009  1.485197330372952E-008
  8.400000222222222E-002  1.074316487682192E-008  2.207391964266289E-008
  0.251999987708333       1.419916276137580E-008  2.845244324569042E-008
  0.420000004722222       1.661246963554715E-008  3.249320026248121E-008
  0.587999996527778       1.755996409620586E-008  3.551163022235596E-008
  0.755999988194444       1.728190695406725E-008  3.818705672964372E-008
  0.924000030555556       1.665514609072500E-008  4.014797108239527E-008
   1.09199997222222       1.638712841810785E-008  4.003452395554673E-008
   1.26000001458333       1.668817667245531E-008  3.823208890929196E-008
   1.42799995555556       1.687534930547182E-008  3.690208653866650E-008
   1.59599999791667       1.688957479218560E-008  3.855691545806912E-008
   1.76399993888889       1.725944903156627E-008  4.282880703657450E-008
   1.93199998125000       1.865973541702037E-008  4.641186484947577E-008
   2.10000002361111       2.112375342119970E-008  4.676437069545140E-008
   2.26800006597222       2.375776761864592E-008  4.396607415847001E-008
   2.43599990625000       2.572903747725301E-008  3.939318473498092E-008
   2.60399994861111       2.728236270040189E-008  3.732691997403204E-008
   2.77199999097222       2.916256967638302E-008  4.139750261707731E-008
   2.94000003333333       3.213253953053123E-008  4.596594039640377E-008
   3.10800007569444       3.640327748608144E-008  4.885197077785662E-008
   3.27599991597222       4.056986518925530E-008  5.249020103880108E-008
   3.44400016041667       4.426160050777766E-008  6.163401002920444E-008
   3.61200000069444       5.304356213596306E-008  7.694933726031197E-008
   3.77999984097222       6.816746090019078E-008  1.026988103938346E-007
   3.94800008541667       9.173135516307033E-008  1.348440863593736E-007
   4.11599992500000       1.293858975442532E-007  1.918537183068787E-007
   4.28400016944444       1.944182376074844E-007  2.688562891656791E-007
   4.45200000972222       3.086619916325773E-007  3.514432226928392E-007
   4.61999985000000       4.815269038139606E-007  5.182655938251343E-007
   4.78800009444444       7.497125923394743E-007  7.788466955364380E-007
   4.95599993472222       1.245080014607046E-006  1.201651573427166E-006
   5.12400017916667       2.101539869731691E-006  1.947469178766751E-006
   5.29200001944444       3.508376067508752E-006  3.112550634996449E-006
   5.45999985972222       5.677061249467148E-006  4.994498808772423E-006
   5.62800010416667       8.685259389084551E-006  7.784326026657721E-006
   5.79599994444444       1.282200683855269E-005  1.183302535240132E-005
   5.96400018888889       1.901102689665824E-005  1.744572383092965E-005
   6.13200002916667       2.780271576007638E-005  2.437506763810562E-005
   6.29999986944444       3.920652096553091E-005  3.328608314903331E-005
   6.46800011388889       5.318223613155838E-005  4.521843817723416E-005
   6.63599995347222       6.878124399295172E-005  6.113871589309834E-005
   6.80400019791667       8.696949834758003E-005  8.250086609037977E-005
   6.97199963194444       1.105890350478927E-004  1.088908013582689E-004
   7.13999988194444       1.383803307740855E-004  1.368596238142495E-004
   7.30800012500000       1.695323407553645E-004  1.646148011022623E-004
   7.47600036805556       2.027583337191540E-004  1.979649055330432E-004
   7.64399980555556       2.341412221601447E-004  2.375104339369664E-004
   7.81200004861111       2.676899462344792E-004  2.745801498212132E-004
   7.98000029166667       3.099725343309833E-004  3.050282473384373E-004
   8.14799972916667       3.506039348301630E-004  3.372852210432457E-004
   8.31599997222222       3.896952031936520E-004  3.735270400621916E-004
   8.48400021527778       4.254817774126354E-004  4.052936035219493E-004
   8.65199965277778       4.529742303884515E-004  4.291388248696232E-004
   8.81999989583333       4.831606360026617E-004  4.489188000526463E-004
   8.98800013888889       5.065620484674749E-004  4.679184009592141E-004
   9.15600038888889       5.156196442429359E-004  4.816952185253695E-004
   9.32399981944444       5.289197111316901E-004  4.916084432651033E-004
   9.49200006944444       5.451437514247675E-004  5.019883487219015E-004
   9.66000031250000       5.543520154080453E-004  5.063929874929860E-004
   9.82799975000000       5.586385783350533E-004  5.120412187160232E-004
   9.99599999305556       5.708329508722410E-004  5.190581703839694E-004
   10.1640002361111       5.828331034173158E-004  5.210388712260088E-004
   10.3319996736111       5.754534425786229E-004  5.171917334136392E-004
   10.4999999166667       5.553863941099071E-004  5.095210920175771E-004
   10.6680001597222       5.340203525241674E-004  5.122193648913209E-004
   10.8359995972222       5.228191258544021E-004  5.181584178395454E-004
   11.0039998402778       5.187323738123124E-004  5.115111639583528E-004
   11.1720000833333       5.144512111794914E-004  4.885505425649429E-004
   11.3400003333333       5.035238429578788E-004  4.685086531138512E-004
   11.5079997638889       4.856333989444444E-004  4.540073701992939E-004
   11.6760000138889       4.624091796618369E-004  4.388078610127962E-004
   11.8440002569444       4.336633501716587E-004  4.239895490630266E-004
   12.0119996944444       4.100667011887679E-004  4.078856811988278E-004
   12.1799999375000       3.978074615884636E-004  3.872651025759464E-004
   12.3480001805556       3.883547866435702E-004  3.640388184749734E-004
   12.5159996180556       3.713735615726052E-004  3.396294252169418E-004
   12.6839998611111       3.455045005622687E-004  3.136124596787548E-004
   12.8520001041667       3.090287217392808E-004  2.911375788642457E-004
   13.0200003472222       2.762839108707696E-004  2.721472537571050E-004
   13.1879997847222       2.585846372715543E-004  2.544421033671568E-004
   13.3560000277778       2.403733999001950E-004  2.337417274560536E-004
   13.5240002708333       2.147773396442286E-004  2.090144157025907E-004
   13.6920005208333       1.912211452180856E-004  1.861719972190029E-004
   13.8600007638889       1.678309939549740E-004  1.627082431227665E-004
   14.0279993888889       1.476304470373124E-004  1.393082442643728E-004
   14.1959996319444       1.302983775595937E-004  1.198453219413892E-004
   14.3639998819444       1.134034618963112E-004  1.028967448254281E-004
   14.5320001250000       9.597557690481907E-005  8.777056051573693E-005
   14.7000003680556       7.995219724883358E-005  7.157560239517827E-005
   14.8680006111111       6.519236333766087E-005  5.601939583602133E-005
   15.0359992430556       5.186184434881853E-005  4.442083060903511E-005
   15.2039994861111       4.107207244644660E-005  3.545556001014872E-005
   15.3719997291667       3.258005424615365E-005  2.762632865119408E-005
   15.5399999722222       2.490067509468094E-005  2.132358772890137E-005
   15.7080002152778       1.853121671435171E-005  1.657075109229526E-005
   15.8760004652778       1.347522304822617E-005  1.261650876881868E-005
   16.0440007083333       9.473612004580434E-006  9.330286807076338E-006
   16.2119993333333       6.349884299303695E-006  6.763777140690376E-006
   16.3799995763889       4.142491962774479E-006  4.761812143939129E-006
   16.5479998263889       2.608148515590551E-006  3.104172485572813E-006
   16.7160000694444       1.648976975979197E-006  1.777477174698662E-006
   16.8840003125000       1.020520469897289E-006  9.947559045794710E-007
   17.0520005555556       5.052009336023296E-007  5.005872930228470E-007
   17.2200007986111       2.515936041368725E-007  1.730521759691817E-007
   17.3879994305556       1.350554076139791E-007 -3.496391512283946E-008
   17.5559996736111      -4.079220794794584E-009 -1.702491446845638E-007
   17.7239999166667      -1.140929099602696E-007 -2.156831213590101E-007
   17.8920001597222      -1.608732685741070E-007 -1.995533099951134E-007
   18.0600004097222      -1.636690251958854E-007 -1.733149004799186E-007
   18.2280006527778      -1.248951657743340E-007 -1.540309518975358E-007
   18.3959992777778      -9.230242197844731E-008 -1.255100277843261E-007
   18.5639995208333      -7.250675923862139E-008 -9.752737258398260E-008
   18.7319997638889      -5.960915562743937E-008 -8.473329300944548E-008
   18.9000000138889      -5.586087511403310E-008 -6.930352982188653E-008
   19.0680002569444      -5.989064070061979E-008 -5.289635155584257E-008
   19.2360005000000      -6.191260614353505E-008 -3.921529346548135E-008
   19.4040007430556      -5.528727224506063E-008 -2.689006543692872E-008
   19.5719993750000      -4.809200376641842E-008 -2.070253404337569E-008
   19.7399996180556      -3.894385562474529E-008 -1.694967586736090E-008
   19.9079998611111      -2.872485633587778E-008 -1.548667577617027E-008
   20.0760001041667      -2.217510148039039E-008 -1.568034071929635E-008
   20.2440003472222      -1.826153429681781E-008 -1.778284101248788E-008
   20.4120005972222      -1.544542051661215E-008 -2.060273849789593E-008
   20.5799992222222      -1.359704008011539E-008 -2.293336810397751E-008
   20.7479994652778      -1.258574809254545E-008 -2.357335011843890E-008
   20.9159997083333      -1.149468907924791E-008 -2.270755767641864E-008
   21.0839999583333      -9.954490968639443E-009 -2.168823004613496E-008
   21.2520002013889      -8.389253326879306E-009 -2.135153568080864E-008
   21.4200004444444      -7.344756265536635E-009 -2.066846616837298E-008
   21.5880006875000      -7.439669255144074E-009 -1.819796264415985E-008
   21.7559993194444      -8.537417853084699E-009 -1.349247976275325E-008
   21.9239995625000      -9.923963472899853E-009 -7.570722770531811E-009
   22.0919998055556      -1.088221865505486E-008 -2.284297413315889E-009
   22.2600000486111      -1.121072614461268E-008  9.322197419523030E-010
   22.4280002916667      -1.110052662464434E-008  1.824609290011598E-009
   22.5960005416667      -1.079826754790217E-008  1.091628071282891E-009
   22.7640007847222      -1.027772376552168E-008 -2.330004350788485E-010
   22.9319994097222      -9.413549312194609E-009 -1.352178553127614E-009
   23.0999996527778      -8.333664003920508E-009 -2.144995704995804E-009
   23.2679999027778      -7.464195465501141E-009 -2.854127254579393E-009
   23.4360001458333      -7.179681894435554E-009 -3.554719781067485E-009
   23.6040003888889      -7.441354618463453E-009 -3.996566791648660E-009
   23.7720006319444      -7.865470668425109E-009 -4.124305809968158E-009
   23.9399992569444      -8.167786939643302E-009 -4.409091311159939E-009
   24.1079995069444      -8.430013208715884E-009 -5.412451380876236E-009
   24.2759997500000      -8.980241082986204E-009 -7.256245423957976E-009
   24.4439999930556      -1.004986589186710E-008 -9.469146393112796E-009
   24.6120002361111      -1.147410701445105E-008 -1.109367756752705E-008
   24.7800004791667      -1.274800141051802E-008 -1.130845001216197E-008
   24.9480007291667      -1.345082121339460E-008 -1.001491680599181E-008
   25.1159993541667      -1.353822738707466E-008 -7.974789940440966E-009
   25.2839995972222      -1.341682701667029E-008 -6.379850273644963E-009
   25.4519998402778      -1.358222808571566E-008 -5.893277910461171E-009
   25.6200000902778      -1.405535875433214E-008 -6.164693936589726E-009
   25.7880003333333      -1.449565952071672E-008 -6.278872986950310E-009
   25.9560005763889      -1.467898252821181E-008 -5.603310295405523E-009
   26.1239992013889      -1.470410543136849E-008 -4.373719062103687E-009
   26.2919994513889      -1.485512881276170E-008 -3.503609002486744E-009
   26.4599996944444      -1.534366961792119E-008 -3.657482525633543E-009
   26.6279999375000      -1.589707820590558E-008 -4.554311660507462E-009
   26.7960001805556      -1.606268382598379E-008 -5.389015781769656E-009
   26.9640004236111      -1.561553013094748E-008 -5.701915373827396E-009
   27.1320006736111      -1.487922314352548E-008 -5.842630278581445E-009
   27.3000009166667      -1.441378106434162E-008 -6.706348610553445E-009
   27.4680011597222      -1.467175442305575E-008 -8.638273960751520E-009
   27.6360014027778      -1.527496384403220E-008 -1.091046701321680E-008
   27.8039984166667      -1.580837783782578E-008 -1.261804771864732E-008
   27.9719986597222      -1.606733711256495E-008 -1.328360148112113E-008
   28.1399989027778      -1.622095276918256E-008 -1.326316967653192E-008
   28.3079991458333      -1.674271319118643E-008 -1.341375972402467E-008
   28.4759993958333      -1.784579222197150E-008 -1.416783644895802E-008
   28.6439996388889      -1.918696054462452E-008 -1.513865841349648E-008
   28.8119998819444      -1.999014107248287E-008 -1.567525409385124E-008
   28.9800001250000      -2.003867291079359E-008 -1.570314860865628E-008
   29.1480003680556      -1.958237938660501E-008 -1.583484243613161E-008
   29.3160006111111      -1.943750900510913E-008 -1.705818469320475E-008
   29.4840008611111      -1.996166489933693E-008 -1.942072421077571E-008
   29.6520011041667      -2.083414643957672E-008 -2.185104272638088E-008
   29.8200013472222      -2.121582257518753E-008 -2.293590801918042E-008
   29.9880015902778      -2.089023017237346E-008 -2.246753146083611E-008
   30.1559986041667      -2.034276712960273E-008 -2.148864864393854E-008
   30.3239988472222      -2.034208464757083E-008 -2.122196491347465E-008
   30.4919990902778      -2.115851541269165E-008 -2.192761837182068E-008
   30.6599993333333      -2.219268120994055E-008 -2.262592545956065E-008
   30.8279995833333      -2.266537563604223E-008 -2.239618300235896E-008
   30.9959998263889      -2.226568739990092E-008 -2.115973690166007E-008
   31.1640000694444      -2.146855226313661E-008 -2.001405702974279E-008
   31.3320003125000      -2.103487952399760E-008 -2.016022839075066E-008
   31.5000005555556      -2.131534861719903E-008 -2.149701680678873E-008
   31.6680008055556      -2.176040058027794E-008 -2.277185446251286E-008
   31.8360010486111      -2.166325353165149E-008 -2.288993742922006E-008
   32.0040012916667      -2.085025262837618E-008 -2.205925403197286E-008
   32.1720015347222      -1.991142297448502E-008 -2.153792307233502E-008
   32.3399985486111      -1.967032262649088E-008 -2.242717970821811E-008
   32.5079987916667      -2.037310268161392E-008 -2.446157915477620E-008
   32.6759990347222      -2.127092524130428E-008 -2.604051490580741E-008
   32.8439992777778      -2.149525631088378E-008 -2.587194766115614E-008
   33.0119995277778      -2.080663388142478E-008 -2.411330004163003E-008
   33.1799997708333      -1.987414433174131E-008 -2.229005704639811E-008
   33.3480000138889      -1.954470133552221E-008 -2.187798137918782E-008
   33.5160002569444      -2.007307427381637E-008 -2.269631029311680E-008
   33.6840005000000      -2.071220512646861E-008 -2.328202141581739E-008
   33.8520007500000      -2.064376885108438E-008 -2.238314798766657E-008
   34.0200009930556      -1.966295298200666E-008 -2.027054230463456E-008
   34.1880012361111      -1.844193252384255E-008 -1.849783013013953E-008
   34.3560014791667      -1.780034899952684E-008 -1.839481605895939E-008
   34.5239984930556      -1.797015712556327E-008 -1.972575878062769E-008
   34.6919987361111      -1.823055697841187E-008 -2.091537149509974E-008
   34.8599989791667      -1.786475436727146E-008 -2.082082834126451E-008
   35.0279992222222      -1.678471104083032E-008 -1.971363309010409E-008
   35.1959994652778      -1.571172616692088E-008 -1.898249319151789E-008
   35.3639997152778      -1.539565458202856E-008 -1.971054059277660E-008
   35.5319999583333      -1.594259801027948E-008 -2.132039161839267E-008
   35.7000002013889      -1.654444246719213E-008 -2.221726607404431E-008
   35.8680004444444      -1.646204245556649E-008 -2.131923993120471E-008
   36.0360006875000      -1.559093944961506E-008 -1.916934009943722E-008
   36.2040009375000      -1.461341675239974E-008 -1.737359802789992E-008
   36.3720011805556      -1.423653059335319E-008 -1.708210840346055E-008
   36.5400014236111      -1.457237573263757E-008 -1.787103436342530E-008
   36.7079984375000      -1.489642382503687E-008 -1.819062015005174E-008
   36.8759986805556      -1.453668696529084E-008 -1.706853050037018E-008
   37.0439989236111      -1.346005895762355E-008 -1.500438783167903E-008
   37.2119991666667      -1.234604566629287E-008 -1.347650250597751E-008
   37.3799994097222      -1.187670646083817E-008 -1.352809485182157E-008
   37.5479996597222      -1.212547018861956E-008 -1.451383254306510E-008
   37.7159999027778      -1.238337084190239E-008 -1.497840019152514E-008
   37.8840001458333      -1.203937954248666E-008 -1.410035603557190E-008
   38.0520003888889      -1.106254126307046E-008 -1.244781498455343E-008
   38.2200006319444      -1.006490182475290E-008 -1.136134915474669E-008
   38.3880008819444      -9.623619996651841E-009 -1.160871786940085E-008
   38.5560011250000      -9.809797992763817E-009 -1.272029593579055E-008
   38.7240013680556      -1.001110692326043E-008 -1.336300884626316E-008
   38.8920016111111      -9.709141586784787E-009 -1.277182720569713E-008
   39.0599986250000      -8.852591738338540E-009 -1.124684243359471E-008
   39.2279988680556      -8.006149215500003E-009 -9.979013788922123E-009
   39.3959991111111      -7.654404374216233E-009 -9.837044923945443E-009
   39.5639993541667      -7.885064881429709E-009 -1.054461011125119E-008
   39.7319995972222      -8.073121157436582E-009 -1.082602149126267E-008
   39.8999998472222      -7.710497805703074E-009 -9.918601526757804E-009
   40.0680000902778      -6.865981063508855E-009 -8.224892459720670E-009
   40.2360003333333      -6.019479405463568E-009 -6.836376948586161E-009
   40.4040005763889      -5.661877721776260E-009 -6.494361839178501E-009
   40.5720008194444      -5.751628471892950E-009 -6.792634118956094E-009
   40.7400010694444      -5.881652447004168E-009 -6.842136362336577E-009
   40.9080013125000      -5.625490475018800E-009 -6.158229744739863E-009
   41.0760015555556      -5.029964799093421E-009 -5.175801222737567E-009
   41.2439985694444      -4.440596000059673E-009 -4.616418979221414E-009
   41.4119988125000      -4.153591947329704E-009 -4.876212938419909E-009
   41.5799990555556      -4.185378257104135E-009 -5.546134492087634E-009
   41.7479992986111      -4.216249905452111E-009 -5.834214614981830E-009
   41.9159995416667      -3.956392690344446E-009 -5.338755442311641E-009
   42.0839997916667      -3.383697927000123E-009 -4.309284615164652E-009
   42.2520000347222      -2.818741433809543E-009 -3.503713943405722E-009
   42.4200002777778      -2.567524305722059E-009 -3.365237224329307E-009
   42.5880005208333      -2.664685898909217E-009 -3.635172197937658E-009
   42.7560007638889      -2.798119376558317E-009 -3.617179489823862E-009
   42.9240010138889      -2.679779512694593E-009 -2.964277576775713E-009
   43.0920012569444      -2.290628064030657E-009 -1.957624819635165E-009
   43.2600015000000      -1.863626007016026E-009 -1.206299836444215E-009
   43.4279985138889      -1.653783624959055E-009 -1.140689828351219E-009
   43.5959987569444      -1.700007847081890E-009 -1.554171179729616E-009
   43.7639990000000      -1.777476949851855E-009 -1.889254952482568E-009
   43.9319992430556      -1.652437686508896E-009 -1.776642751319734E-009
   44.0999994861111      -1.301520015433194E-009 -1.290275542234732E-009
   44.2679997361111      -9.103900717091455E-010 -8.674011564030700E-010
   44.4359999791667      -7.109655986866124E-010 -8.034700278019742E-010
   44.6040002222222      -7.546423888735190E-010 -9.955640595972539E-010
   44.7720004652778      -8.533432019040229E-010 -1.048168192250694E-009
   44.9400007083333      -7.878947261400903E-010 -7.306310057350275E-010
   45.1080009513889      -5.274658477029351E-010 -1.607420137786366E-010
   45.2760012013889      -2.298760228068674E-010  3.193275200387066E-010
   45.4440014444444      -8.317474080780117E-011  4.134598722046191E-010
   45.6119984513889      -1.256268545621966E-010  1.959991876285393E-010
   45.7799987013889      -2.050220648233291E-010 -2.992046609689850E-011
   45.9479989444444      -1.551207466513364E-010 -3.594857770882427E-011
   46.1159991875000       5.255884920127956E-011  1.804636177873403E-010
   46.2839994305556       3.032870716808259E-010  3.896728831523754E-010
   46.4519996736111       4.392903993363683E-010  3.867755760830832E-010
   46.6199999236111       4.050125817423896E-010  2.240597629688889E-010
   46.7880001666667       3.098992525374062E-010  1.592892704145749E-010
   46.9560004097222       3.032691068179790E-010  3.505873056466964E-010
   47.1240006527778       4.280935496844575E-010  7.252757881212886E-010
   47.2920008958333       5.953247020910781E-010  1.069098166037041E-009
   47.4600011458333       6.765741150255492E-010  1.172717527801354E-009
   47.6280013888889       6.307219741648978E-010  1.071046124121118E-009
   47.7959983958333       5.490499480058992E-010  9.422004966759541E-010
   47.9639986458333       5.470927200786022E-010  9.291305776188746E-010
   48.1319988888889       6.527803096405813E-010  1.037833048680878E-009
   48.2999991319444       7.977190381134090E-010  1.169368130835583E-009
   48.4679993750000       8.825471197865715E-010  1.186809957321848E-009
   48.6359996180556       8.604767875176436E-010  1.108024483705101E-009
   48.8039998680556       7.922670584453623E-010  1.059533723367449E-009
   48.9720001111111       7.703658323188250E-010  1.145643882033905E-009
   49.1400003541667       8.314425813251794E-010  1.324464111330771E-009
   49.3080005972222       9.307383851691996E-010  1.494865406077774E-009
   49.4760008402778       9.891602165312812E-010  1.513424021343516E-009
   49.6440010902778       9.671266017956696E-010  1.413767951366248E-009
   49.8120013333333       9.012790214591929E-010  1.292984264280647E-009
   49.9800015763889       8.749582030079893E-010  1.262736689415057E-009
   50.1479985833333       9.140903438554047E-010  1.286462149808474E-009
   50.3159988333333       9.876310542395082E-010  1.340483292853647E-009
   50.4839990763889       1.032865422788243E-009  1.339480412558872E-009
   50.6519993194444       1.020416790701457E-009  1.328842563142204E-009
   50.8199995625000       9.689845839304132E-010  1.311330815751333E-009
   50.9879998055556       9.322888140974371E-010  1.337032226415496E-009
   51.1560000555556       9.416278634774526E-010  1.355950623376331E-009
   51.3240002986111       9.812554460756333E-010  1.381054983372118E-009
   51.4920005416667       1.010389866936961E-009  1.342467967974689E-009
   51.6600007847222       9.953930152058928E-010  1.285460966039943E-009
   51.8280010277778       9.485496270187439E-010  1.216087370329448E-009
   51.9960012777778       9.095672038678063E-010  1.186774572986159E-009
   52.1640015208333       9.104991333305447E-010  1.166913643025388E-009
   52.3319985277778       9.447220568348425E-010  1.167295721780726E-009
   52.4999987777778       9.734971809355829E-010  1.154749055493124E-009
   52.6679990208333       9.669073880706718E-010  1.148586358891077E-009
   52.8359992638889       9.203384713246283E-010  1.118238568860272E-009
   53.0039995069444       8.769418482016020E-010  1.082956841242629E-009
   53.1719997500000       8.668933545304439E-010  1.022149170828451E-009
   53.3400000000000       8.892935370661232E-010  9.655938647871012E-010
   53.5080002430556       9.109127789893481E-010  9.156392579217069E-010
   53.6760004861111       9.001658684476314E-010  9.028318135124880E-010
   53.8440007291667       8.614448890244233E-010  9.095163691316162E-010
   54.0120009722222       8.193050771616944E-010  9.160579931592414E-010
   54.1800012222222       8.039546843512330E-010  8.991798923641732E-010
   54.3480014652778       8.137404611554528E-010  8.727168699714001E-010
   54.5160017083333       8.237693847163899E-010  8.415348208537059E-010
   54.6840019513889       8.176043855440544E-010  8.185547345763956E-010
   54.8520021944444       7.879467124095999E-010  8.074707032247980E-010
   55.0200024444444       7.538408482234138E-010  8.081041681562929E-010
   55.1880026875000       7.307567899034354E-010  8.131650414448589E-010
   55.3560029305556       7.288290084699742E-010  8.135523303921162E-010
   55.5240031736111       7.382965079173018E-010  8.103209015623489E-010
   55.6919969513889       7.404785841412519E-010  7.929508131201229E-010
   55.8599971944444       7.238063070218908E-010  7.783410686720040E-010
   56.0279974375000       6.894778966129892E-010  7.562520746143957E-010
   56.1959976875000       6.596589944196685E-010  7.225902113987406E-010
   56.3639979305556       6.484841383592652E-010  6.642407851758617E-010
   56.5319981736111       6.604324818319836E-010  6.133971459456252E-010
   56.6999984166667       6.771697719415285E-010  5.955454907364301E-010
   56.8679986597222       6.777985716740286E-010  6.231603834705224E-010
   57.0359989097222       6.474735636379752E-010  6.554231098784215E-010
   57.2039991527778       6.014203253517312E-010  6.620800966979147E-010
   57.3719993958333       5.686735484386176E-010  6.358123545020693E-010
   57.5399996388889       5.666150749223259E-010  6.022164130944891E-010
   57.7079998819444       5.861237364465618E-010  5.809908218437598E-010
   57.8760001319444       6.094081645421990E-010  5.744550145484488E-010
   58.0440003750000       5.928964498828902E-010  5.718554752334716E-010
   58.2120006180556       5.613744924505217E-010  5.688570745577290E-010
   58.3800008611111       4.897735903719682E-010  5.626277294903741E-010
   58.5480011041667       4.765473806463703E-010  5.632425326331886E-010
   58.7160013541667       4.255526007322109E-010  5.471966310701504E-010
   58.8840015972222       4.742798728603533E-010  5.436072386774231E-010
   59.0520018402778       4.232803669442544E-010  4.964813818488072E-010
   59.2200020833333       5.120056060590728E-010  5.043634616382089E-010
   59.3880023263889       4.943827979948871E-010  4.908620534668281E-010
   59.5560025763889       6.523848408359526E-010  5.801385070122340E-010
   59.7240028194444       7.140606403071242E-010  6.136971858935735E-010
   59.8920030625000       9.681380247800815E-010  6.437963762603134E-010
   60.0599968402778       4.281084850219736E-010  4.642923021017882E-010
